/*--------------------------------*- C++ -*----------------------------------*\
| =========                 |                                                 |
| \\      /  F ield         | OpenFOAM: The Open Source CFD Toolbox           |
|  \\    /   O peration     | Version:  2206                                  |
|   \\  /    A nd           | Website:  www.openfoam.com                      |
|    \\/     M anipulation  |                                                 |
\*---------------------------------------------------------------------------*/
FoamFile
{
    version     2.0;
    format      ascii;
    arch        "LSB;label=32;scalar=64";
    note        "nPoints:6199  nCells:5016  nFaces:16180  nInternalFaces:13916";
    class       labelList;
    location    "constant/polyMesh";
    object      neighbour;
}
// * * * * * * * * * * * * * * * * * * * * * * * * * * * * * * * * * * * * * //


13916
(
2
23
169
170
174
175
176
177
181
182
775
781
3
4
32
223
224
228
229
230
231
235
236
782
41
265
266
270
271
272
273
277
278
732
777
6
50
319
320
323
325
326
327
331
332
783
6
65
379
380
383
385
386
387
390
392
784
7
8
74
433
434
438
439
440
441
445
446
785
83
475
476
480
481
482
483
486
488
733
9
92
529
530
533
535
536
537
541
542
786
9
107
589
590
593
595
596
597
600
602
787
120
658
659
663
664
665
666
669
671
734
16
39
132
133
1365
17
42
48
135
136
47
58
81
138
139
59
85
90
141
142
89
100
118
144
145
101
122
126
147
148
21
150
151
1345
24
28
153
154
22
156
157
860
1347
26
30
159
160
861
31
163
164
165
39
170
171
172
1351
177
178
179
1352
1412
32
41
183
186
188
189
197
200
202
203
1414
35
42
184
185
186
191
192
193
1355
37
198
199
200
1417
33
47
58
204
205
35
48
207
208
34
60
210
211
1420
37
213
214
1421
217
218
219
50
237
239
241
243
251
253
255
257
1423
51
63
224
225
226
64
231
232
233
1424
53
238
239
240
66
245
246
247
252
253
254
1428
49
259
260
261
266
267
268
1369
45
273
274
275
863
1370
50
279
282
284
285
293
296
298
299
865
53
280
281
282
287
288
289
1373
46
55
294
295
296
868
300
301
1374
1431
57
303
304
1432
51
306
307
53
309
310
313
314
315
333
335
337
338
347
349
351
353
1436
81
320
321
322
56
82
327
328
329
1437
334
335
336
84
341
342
343
57
348
349
350
1441
87
354
355
1442
357
358
1443
63
360
361
67
70
363
364
64
366
367
869
68
72
369
370
870
73
373
374
375
81
380
381
382
387
388
389
1447
74
83
400
403
405
406
407
410
412
413
1449
394
395
396
77
85
401
402
403
79
408
409
410
1452
75
89
100
414
415
77
90
417
418
76
102
420
421
1455
79
423
424
1456
427
428
429
92
447
449
451
453
461
463
465
467
1458
93
105
434
435
436
106
441
442
443
1459
95
448
449
450
108
455
456
457
462
463
464
1463
91
469
470
471
476
477
478
87
483
484
485
872
92
496
499
501
502
503
506
508
509
874
490
491
492
95
497
498
499
88
97
504
505
506
877
510
511
1466
99
513
514
1467
93
516
517
95
519
520
523
524
525
543
545
547
548
557
559
561
563
1471
118
530
531
532
98
119
537
538
539
1472
544
545
546
121
551
552
553
99
558
559
560
1476
124
564
565
1477
567
568
1478
105
570
571
109
111
573
574
106
576
577
878
110
112
579
580
879
113
583
584
585
118
590
591
592
597
598
599
1482
114
120
610
613
615
616
617
620
622
623
1484
604
605
606
115
122
611
612
613
116
618
619
620
1487
115
126
624
625
116
627
628
1490
631
632
633
128
637
639
641
643
644
646
648
650
1492
129
638
639
640
645
646
647
1494
127
652
653
654
659
660
661
124
666
667
668
881
128
679
682
684
685
686
689
691
692
883
673
674
675
129
680
681
682
125
130
687
688
689
886
693
694
1496
131
696
697
1497
129
699
700
703
704
705
709
711
713
714
716
718
720
722
1501
710
711
712
131
717
718
719
1503
723
724
1504
134
136
150
267
134
268
4345
137
269
137
280
309
137
154
281
283
140
307
477
140
142
361
478
143
479
143
497
519
143
364
498
500
146
517
660
146
148
571
661
149
662
149
680
699
149
574
681
683
152
154
171
152
172
4243
155
173
155
184
207
155
185
187
158
178
4249
158
160
179
1858
161
180
161
198
213
161
199
1861
201
166
167
168
183
190
197
166
168
184
217
166
167
191
167
168
198
219
187
194
195
201
188
202
220
173
174
175
183
190
174
175
266
4262
173
174
185
267
173
175
192
4264
187
194
189
270
196
4267
180
181
182
190
197
181
182
4269
4574
180
181
193
4271
180
182
199
4576
195
201
196
4274
203
4579
187
188
189
187
188
238
187
189
281
188
189
239
282
241
284
194
195
196
194
195
194
196
4291
195
196
4292
4295
201
202
203
201
202
252
201
203
4603
202
203
253
4604
255
4607
206
208
225
306
206
226
360
209
227
209
238
209
240
310
242
212
232
366
212
214
233
4615
215
234
215
252
215
254
4618
256
220
221
222
237
244
251
220
221
238
221
222
245
220
222
252
241
255
242
248
249
256
227
228
229
237
244
228
229
320
380
227
228
240
321
227
229
246
381
242
248
243
323
250
383
234
235
236
244
251
235
236
387
4628
234
235
247
388
234
236
254
4630
249
256
250
390
257
4633
241
242
243
241
242
241
243
335
242
243
336
337
248
249
250
248
249
248
250
395
249
250
396
397
255
256
257
255
256
255
257
4657
256
257
4658
4661
262
263
264
279
286
293
262
264
280
313
262
263
287
263
264
294
315
283
290
291
297
285
298
316
269
270
271
279
286
270
271
4358
269
270
281
269
271
288
4360
283
290
284
292
4363
276
277
278
286
293
277
278
1871
4365
276
278
289
300
4367
276
277
295
301
1873
291
297
302
299
1876
292
4370
283
284
285
283
285
334
283
284
284
285
335
338
290
291
292
290
291
290
292
4387
291
292
4388
4391
297
298
299
297
298
303
348
297
299
304
1900
298
299
349
1901
305
351
1904
302
4393
302
304
4669
305
305
357
305
4672
308
310
321
308
322
311
324
311
334
311
336
339
316
317
318
333
340
347
316
317
334
317
318
341
316
318
348
338
351
339
344
345
352
323
324
325
333
340
323
325
476
323
324
336
324
325
342
477
337
339
344
346
480
330
331
332
340
347
331
332
483
4688
330
331
343
354
484
330
332
350
355
4690
345
352
356
346
486
353
4693
337
338
339
338
339
337
338
337
339
344
345
346
344
345
344
346
491
345
346
492
494
351
352
353
351
352
357
351
353
4717
352
353
358
4718
359
4721
356
510
356
358
4723
359
359
359
4726
362
381
362
364
382
365
384
365
401
417
365
402
404
368
388
368
370
389
1906
371
391
371
408
423
371
409
1909
411
376
377
378
393
400
407
376
377
394
376
378
401
427
377
378
408
429
398
404
399
411
405
412
430
383
384
385
393
400
383
385
476
383
384
395
384
385
402
478
397
398
404
406
481
390
391
392
393
407
390
392
4742
390
391
396
391
392
409
4744
397
399
411
413
4747
397
398
399
398
399
397
398
397
399
404
405
406
404
405
448
404
406
498
405
406
449
499
451
501
411
412
413
411
412
462
411
413
4771
412
413
463
4772
465
4775
416
418
435
516
416
436
570
419
437
419
448
419
450
520
452
422
442
576
422
424
443
4783
425
444
425
462
425
464
4786
466
430
431
432
447
454
461
430
431
448
431
432
455
430
432
462
451
465
452
458
459
466
437
438
439
447
454
438
439
530
590
437
438
450
531
437
439
456
591
452
458
453
533
460
593
444
445
446
454
461
445
446
597
4796
444
445
457
598
444
446
464
4798
459
466
460
600
467
4801
451
452
453
451
452
451
453
545
452
453
546
547
458
459
460
458
459
458
460
605
459
460
606
607
465
466
467
465
466
465
467
4825
466
467
4826
4829
472
473
474
489
496
503
472
473
490
472
474
497
523
473
474
504
525
493
500
495
507
502
508
526
479
480
481
489
496
480
481
479
480
491
479
481
498
493
500
494
501
486
487
488
489
503
486
488
1919
486
487
492
510
487
488
505
511
1921
494
495
507
512
509
1924
493
494
495
493
495
493
494
494
495
500
501
502
500
502
544
500
501
501
502
545
548
507
508
509
507
508
513
558
507
509
514
1948
508
509
559
1949
515
561
1952
512
512
514
4837
515
515
567
515
4840
518
520
531
518
532
521
534
521
544
521
546
549
526
527
528
543
550
557
526
527
544
527
528
551
526
528
558
548
561
549
554
555
562
533
534
535
543
550
533
535
659
533
534
546
534
535
552
660
547
549
554
556
663
540
541
542
550
557
541
542
666
4856
540
541
553
564
667
540
542
560
565
4858
555
562
566
556
669
563
4861
547
548
549
548
549
547
548
547
549
554
555
556
554
555
554
556
674
555
556
675
677
561
562
563
561
562
567
561
563
4885
562
563
568
4886
569
4889
566
693
566
568
4891
569
569
569
4894
572
591
572
574
592
575
594
575
611
624
575
612
614
578
598
578
580
599
1954
581
601
581
618
627
581
619
1957
621
586
587
588
603
610
617
586
587
604
586
588
611
631
587
588
618
633
608
614
609
621
615
622
634
593
594
595
603
610
593
595
659
593
594
605
594
595
612
661
607
608
614
616
664
600
601
602
603
617
600
602
4910
600
601
606
601
602
619
4912
607
609
621
623
4915
607
608
609
608
609
607
608
607
609
614
615
616
614
615
638
614
616
681
615
616
639
682
641
684
621
622
623
621
622
645
621
623
4939
622
623
646
4940
648
4943
626
638
626
640
700
642
629
645
629
647
4951
649
634
635
636
637
644
634
635
638
635
636
634
636
645
641
648
642
649
641
642
643
641
642
641
643
711
642
643
712
713
648
649
650
648
649
648
650
4969
649
650
4970
4973
655
656
657
672
679
686
655
656
673
655
657
680
703
656
657
687
705
676
683
678
690
685
691
706
662
663
664
672
679
663
664
662
663
674
662
664
681
676
683
677
684
669
670
671
672
686
669
671
1967
669
670
675
693
670
671
688
694
1969
677
678
690
695
692
1972
676
677
678
676
678
676
677
677
678
683
684
685
683
685
710
683
684
684
685
711
714
690
691
692
690
691
696
717
690
692
697
1996
691
692
718
1997
698
720
2000
695
695
697
4978
698
698
723
698
4981
701
710
701
712
715
706
707
708
709
716
706
707
710
707
708
706
708
717
714
720
715
721
713
714
715
714
715
713
714
713
715
720
721
722
720
721
723
720
722
5005
721
722
724
5006
725
5009
725
725
5011
738
741
743
801
1552
1553
1556
1557
1559
1560
1563
1564
745
748
750
812
1606
1607
1610
1611
1613
1614
1617
1618
752
755
757
823
1660
1661
1664
1665
1667
1668
1671
1672
759
762
764
834
1714
1715
1718
1719
1721
1722
1725
1726
766
769
771
845
1768
1769
1772
1773
1775
1776
1779
1780
773
776
778
856
1822
1823
1826
1827
1829
1830
1833
1834
780
781
865
1870
1871
1874
1876
1877
1878
1881
1882
783
784
874
1918
1919
1922
1924
1925
1926
1929
1930
786
787
883
1966
1967
1970
1972
1973
1974
1977
1978
736
737
739
898
2047
2048
2052
2053
2054
2055
2059
2060
738
741
912
2119
2120
2123
2125
2126
2127
2131
2132
738
743
928
2197
2198
2201
2203
2204
2205
2209
2210
939
2251
2252
2255
2256
2258
2259
2262
2263
741
743
956
2317
2318
2321
2323
2324
2325
2328
2330
742
744
746
965
2371
2372
2376
2377
2378
2379
2383
2384
974
2413
2414
2418
2419
2420
2421
2424
2425
745
748
983
2467
2468
2471
2473
2474
2475
2479
2480
994
2515
2516
2520
2521
2522
2523
2526
2527
745
750
1003
2569
2570
2573
2575
2576
2577
2581
2582
1016
2629
2630
2633
2634
2636
2637
2640
2641
748
750
1033
2695
2696
2699
2701
2702
2703
2706
2708
749
751
753
1042
2749
2750
2754
2755
2756
2757
2761
2762
1051
2791
2792
2796
2797
2798
2799
2802
2803
752
755
1060
2845
2846
2849
2851
2852
2853
2857
2858
1071
2893
2894
2898
2899
2900
2901
2904
2905
752
757
1080
2947
2948
2951
2953
2954
2955
2959
2960
1093
3007
3008
3011
3012
3014
3015
3018
3019
755
757
1110
3073
3074
3077
3079
3080
3081
3084
3086
756
758
760
1119
3127
3128
3132
3133
3134
3135
3139
3140
1128
3169
3170
3174
3175
3176
3177
3180
3181
759
762
1137
3223
3224
3227
3229
3230
3231
3235
3236
1148
3271
3272
3276
3277
3278
3279
3282
3283
759
764
1157
3325
3326
3329
3331
3332
3333
3337
3338
1170
3385
3386
3389
3390
3392
3393
3396
3397
762
764
1187
3451
3452
3455
3457
3458
3459
3462
3464
763
765
767
1196
3505
3506
3510
3511
3512
3513
3517
3518
1205
3547
3548
3552
3553
3554
3555
3558
3559
766
769
1214
3601
3602
3605
3607
3608
3609
3613
3614
1225
3649
3650
3654
3655
3656
3657
3660
3661
766
771
1234
3703
3704
3707
3709
3710
3711
3715
3716
1247
3763
3764
3767
3768
3770
3771
3774
3775
769
771
1264
3829
3830
3833
3835
3836
3837
3840
3842
770
772
774
1273
3883
3884
3888
3889
3890
3891
3895
3896
1282
3925
3926
3930
3931
3932
3933
3936
3937
773
776
1291
3979
3980
3983
3985
3986
3987
3991
3992
1302
4027
4028
4032
4033
4034
4035
4038
4039
773
778
1311
4081
4082
4085
4087
4088
4089
4093
4094
1324
4141
4142
4145
4146
4148
4149
4152
4153
776
778
1341
4207
4208
4211
4213
4214
4215
4218
4220
777
779
1350
4261
4262
4266
4267
4268
4269
4273
4274
1359
4303
4304
4308
4309
4310
4311
4314
4315
780
1368
4357
4358
4361
4363
4364
4365
4369
4370
1379
4405
4406
4410
4411
4412
4413
4416
4417
780
781
1388
4459
4460
4463
4465
4466
4467
4471
4472
1401
4519
4520
4523
4524
4526
4527
4530
4531
1414
4573
4574
4578
4579
4580
4581
4584
4585
783
784
1423
4627
4628
4632
4633
4634
4635
4639
4640
1436
4687
4688
4691
4693
4694
4695
4698
4699
1449
4741
4742
4746
4747
4748
4749
4752
4753
786
787
1458
4795
4796
4800
4801
4802
4803
4807
4808
1471
4855
4856
4859
4861
4862
4863
4866
4867
1484
4909
4910
4914
4915
4916
4917
4920
4921
887
906
910
1506
1507
888
922
926
1509
1510
938
1513
1514
1515
905
921
939
1519
1522
1523
1525
1526
1529
1530
1532
907
936
942
1520
1521
1522
923
937
943
1527
1528
1529
909
949
972
1533
1534
950
976
981
1536
1537
925
951
992
1539
1540
952
996
1001
1542
1543
1015
1546
1547
1548
940
973
1011
1553
1554
1555
941
993
1013
1560
1561
1562
974
994
1016
1573
1576
1577
1579
1580
1583
1584
1586
944
1567
1568
1569
977
1012
1019
1574
1575
1576
997
1014
1020
1581
1582
1583
980
1026
1049
1587
1588
1027
1053
1058
1590
1591
1000
1028
1069
1593
1594
1029
1073
1078
1596
1597
1092
1600
1601
1602
1017
1050
1088
1607
1608
1609
1018
1070
1090
1614
1615
1616
1051
1071
1093
1627
1630
1631
1633
1634
1637
1638
1640
1021
1621
1622
1623
1054
1089
1096
1628
1629
1630
1074
1091
1097
1635
1636
1637
1057
1103
1126
1641
1642
1104
1130
1135
1644
1645
1077
1105
1146
1647
1648
1106
1150
1155
1650
1651
1169
1654
1655
1656
1094
1127
1165
1661
1662
1663
1095
1147
1167
1668
1669
1670
1128
1148
1170
1681
1684
1685
1687
1688
1691
1692
1694
1098
1675
1676
1677
1131
1166
1173
1682
1683
1684
1151
1168
1174
1689
1690
1691
1134
1180
1203
1695
1696
1181
1207
1212
1698
1699
1154
1182
1223
1701
1702
1183
1227
1232
1704
1705
1246
1708
1709
1710
1171
1204
1242
1715
1716
1717
1172
1224
1244
1722
1723
1724
1205
1225
1247
1735
1738
1739
1741
1742
1745
1746
1748
1175
1729
1730
1731
1208
1243
1250
1736
1737
1738
1228
1245
1251
1743
1744
1745
1211
1257
1280
1749
1750
1258
1284
1289
1752
1753
1231
1259
1300
1755
1756
1260
1304
1309
1758
1759
1323
1762
1763
1764
1248
1281
1319
1769
1770
1771
1249
1301
1321
1776
1777
1778
1282
1302
1324
1789
1792
1793
1795
1796
1799
1800
1802
1252
1783
1784
1785
1285
1320
1327
1790
1791
1792
1305
1322
1328
1797
1798
1799
1288
1334
1357
1803
1804
1335
1361
1366
1806
1807
1308
1336
1377
1809
1810
1337
1381
1386
1812
1813
1400
1816
1817
1818
1325
1358
1396
1823
1824
1825
1326
1378
1398
1830
1831
1832
1359
1379
1401
1843
1846
1847
1849
1850
1853
1854
1856
1329
1837
1838
1839
1362
1397
1404
1844
1845
1846
1382
1399
1405
1851
1852
1853
1385
1412
1857
1858
1417
1421
1860
1861
1435
1864
1865
1866
1402
1431
1871
1872
1873
1403
1413
1433
1878
1879
1880
1414
1436
1891
1894
1895
1897
1898
1901
1903
1904
1406
1885
1886
1887
1416
1434
1439
1892
1893
1894
1432
1441
1899
1900
1901
1420
1447
1905
1906
1452
1456
1908
1909
1470
1912
1913
1914
1437
1466
1919
1920
1921
1438
1448
1468
1926
1927
1928
1449
1471
1939
1942
1943
1945
1946
1949
1951
1952
1440
1933
1934
1935
1451
1469
1474
1940
1941
1942
1467
1476
1947
1948
1949
1455
1482
1953
1954
1487
1490
1956
1957
1500
1960
1961
1962
1472
1496
1967
1968
1969
1473
1483
1498
1974
1975
1976
1484
1501
1987
1990
1991
1993
1994
1997
1999
2000
1475
1981
1982
1983
1486
1499
1502
1988
1989
1990
1497
1503
1995
1996
1997
891
894
2001
2002
892
896
2004
2005
897
2008
2009
2010
898
905
921
2014
2017
2019
2020
2021
2024
2026
2027
901
906
2015
2016
2017
902
922
2022
2023
2024
899
909
949
2028
2029
901
910
2031
2032
900
925
951
2034
2035
902
926
2037
2038
2041
2042
2043
912
928
2061
2063
2065
2067
2068
2070
2072
2074
913
954
2048
2049
2050
929
955
2055
2056
2057
915
2062
2063
2064
931
2069
2070
2071
957
2076
2077
2078
911
2083
2084
2085
912
2089
2092
2094
2095
2096
2099
2100
2102
915
2090
2091
2092
908
916
2097
2098
2099
919
936
2103
2104
913
2106
2107
915
2109
2110
2113
2114
2115
939
2133
2135
2137
2138
2140
2142
2144
2146
972
2120
2121
2122
918
940
973
2127
2128
2129
2134
2135
2136
919
942
2141
2142
2143
975
2148
2149
2150
945
978
2154
2155
946
2157
2158
927
2161
2162
2163
928
2167
2170
2172
2173
2174
2177
2178
2180
931
2168
2169
2170
924
932
2175
2176
2177
935
937
2181
2182
929
2184
2185
931
2187
2188
2191
2192
2193
939
2211
2213
2215
2216
2218
2220
2222
2224
992
2198
2199
2200
934
941
993
2205
2206
2207
2212
2213
2214
935
943
2219
2220
2221
995
2226
2227
2228
947
998
2232
2233
948
2235
2236
946
2238
2239
948
2241
2242
2245
2246
2247
2265
2267
2269
2270
2272
2274
2276
2277
945
2252
2253
2254
947
2259
2260
2261
946
2266
2267
2268
948
2273
2274
2275
2280
2281
2282
1011
2286
2287
2289
2290
1013
2292
2293
2295
2296
954
2298
2299
958
961
2301
2302
955
2304
2305
959
963
2307
2308
964
2311
2312
2313
972
2318
2319
2320
992
2325
2326
2327
965
974
994
2338
2341
2343
2344
2345
2348
2350
2351
2332
2333
2334
968
976
2339
2340
2341
969
996
2346
2347
2348
966
980
1026
2352
2353
968
981
2355
2356
967
1000
1028
2358
2359
969
1001
2361
2362
2365
2366
2367
983
1003
2385
2387
2389
2391
2392
2394
2396
2398
984
1031
2372
2373
2374
1004
1032
2379
2380
2381
986
2386
2387
2388
1006
2393
2394
2395
1034
2400
2401
2402
982
2407
2408
2409
2414
2415
2416
978
2421
2422
2423
983
2434
2437
2439
2440
2441
2444
2445
2447
2428
2429
2430
986
2435
2436
2437
979
987
2442
2443
2444
1011
2448
2449
990
1012
2451
2452
984
2454
2455
986
2457
2458
2461
2462
2463
1016
2481
2483
2485
2486
2488
2490
2492
2494
1049
2468
2469
2470
989
1017
1050
2475
2476
2477
2482
2483
2484
990
1019
2489
2490
2491
1052
2496
2497
2498
1022
1055
2502
2503
1023
2505
2506
1002
2509
2510
2511
2516
2517
2518
998
2523
2524
2525
1003
2536
2539
2541
2542
2543
2546
2547
2549
2530
2531
2532
1006
2537
2538
2539
999
1007
2544
2545
2546
1013
2550
2551
1010
1014
2553
2554
1004
2556
2557
1006
2559
2560
2563
2564
2565
1016
2583
2585
2587
2588
2590
2592
2594
2596
1069
2570
2571
2572
1009
1018
1070
2577
2578
2579
2584
2585
2586
1010
1020
2591
2592
2593
1072
2598
2599
2600
1024
1075
2604
2605
1025
2607
2608
2610
2611
1023
2613
2614
2616
2617
1025
2619
2620
2623
2624
2625
2643
2645
2647
2648
2650
2652
2654
2655
1022
2630
2631
2632
1024
2637
2638
2639
1023
2644
2645
2646
1025
2651
2652
2653
2658
2659
2660
1088
2664
2665
2667
2668
1090
2670
2671
2673
2674
1031
2676
2677
1035
1038
2679
2680
1032
2682
2683
1036
1040
2685
2686
1041
2689
2690
2691
1049
2696
2697
2698
1069
2703
2704
2705
1042
1051
1071
2716
2719
2721
2722
2723
2726
2728
2729
2710
2711
2712
1045
1053
2717
2718
2719
1046
1073
2724
2725
2726
1043
1057
1103
2730
2731
1045
1058
2733
2734
1044
1077
1105
2736
2737
1046
1078
2739
2740
2743
2744
2745
1060
1080
2763
2765
2767
2769
2770
2772
2774
2776
1061
1108
2750
2751
2752
1081
1109
2757
2758
2759
1063
2764
2765
2766
1083
2771
2772
2773
1111
2778
2779
2780
1059
2785
2786
2787
2792
2793
2794
1055
2799
2800
2801
1060
2812
2815
2817
2818
2819
2822
2823
2825
2806
2807
2808
1063
2813
2814
2815
1056
1064
2820
2821
2822
1088
2826
2827
1067
1089
2829
2830
1061
2832
2833
1063
2835
2836
2839
2840
2841
1093
2859
2861
2863
2864
2866
2868
2870
2872
1126
2846
2847
2848
1066
1094
1127
2853
2854
2855
2860
2861
2862
1067
1096
2867
2868
2869
1129
2874
2875
2876
1099
1132
2880
2881
1100
2883
2884
1079
2887
2888
2889
2894
2895
2896
1075
2901
2902
2903
1080
2914
2917
2919
2920
2921
2924
2925
2927
2908
2909
2910
1083
2915
2916
2917
1076
1084
2922
2923
2924
1090
2928
2929
1087
1091
2931
2932
1081
2934
2935
1083
2937
2938
2941
2942
2943
1093
2961
2963
2965
2966
2968
2970
2972
2974
1146
2948
2949
2950
1086
1095
1147
2955
2956
2957
2962
2963
2964
1087
1097
2969
2970
2971
1149
2976
2977
2978
1101
1152
2982
2983
1102
2985
2986
2988
2989
1100
2991
2992
2994
2995
1102
2997
2998
3001
3002
3003
3021
3023
3025
3026
3028
3030
3032
3033
1099
3008
3009
3010
1101
3015
3016
3017
1100
3022
3023
3024
1102
3029
3030
3031
3036
3037
3038
1165
3042
3043
3045
3046
1167
3048
3049
3051
3052
1108
3054
3055
1112
1115
3057
3058
1109
3060
3061
1113
1117
3063
3064
1118
3067
3068
3069
1126
3074
3075
3076
1146
3081
3082
3083
1119
1128
1148
3094
3097
3099
3100
3101
3104
3106
3107
3088
3089
3090
1122
1130
3095
3096
3097
1123
1150
3102
3103
3104
1120
1134
1180
3108
3109
1122
1135
3111
3112
1121
1154
1182
3114
3115
1123
1155
3117
3118
3121
3122
3123
1137
1157
3141
3143
3145
3147
3148
3150
3152
3154
1138
1185
3128
3129
3130
1158
1186
3135
3136
3137
1140
3142
3143
3144
1160
3149
3150
3151
1188
3156
3157
3158
1136
3163
3164
3165
3170
3171
3172
1132
3177
3178
3179
1137
3190
3193
3195
3196
3197
3200
3201
3203
3184
3185
3186
1140
3191
3192
3193
1133
1141
3198
3199
3200
1165
3204
3205
1144
1166
3207
3208
1138
3210
3211
1140
3213
3214
3217
3218
3219
1170
3237
3239
3241
3242
3244
3246
3248
3250
1203
3224
3225
3226
1143
1171
1204
3231
3232
3233
3238
3239
3240
1144
1173
3245
3246
3247
1206
3252
3253
3254
1176
1209
3258
3259
1177
3261
3262
1156
3265
3266
3267
3272
3273
3274
1152
3279
3280
3281
1157
3292
3295
3297
3298
3299
3302
3303
3305
3286
3287
3288
1160
3293
3294
3295
1153
1161
3300
3301
3302
1167
3306
3307
1164
1168
3309
3310
1158
3312
3313
1160
3315
3316
3319
3320
3321
1170
3339
3341
3343
3344
3346
3348
3350
3352
1223
3326
3327
3328
1163
1172
1224
3333
3334
3335
3340
3341
3342
1164
1174
3347
3348
3349
1226
3354
3355
3356
1178
1229
3360
3361
1179
3363
3364
3366
3367
1177
3369
3370
3372
3373
1179
3375
3376
3379
3380
3381
3399
3401
3403
3404
3406
3408
3410
3411
1176
3386
3387
3388
1178
3393
3394
3395
1177
3400
3401
3402
1179
3407
3408
3409
3414
3415
3416
1242
3420
3421
3423
3424
1244
3426
3427
3429
3430
1185
3432
3433
1189
1192
3435
3436
1186
3438
3439
1190
1194
3441
3442
1195
3445
3446
3447
1203
3452
3453
3454
1223
3459
3460
3461
1196
1205
1225
3472
3475
3477
3478
3479
3482
3484
3485
3466
3467
3468
1199
1207
3473
3474
3475
1200
1227
3480
3481
3482
1197
1211
1257
3486
3487
1199
1212
3489
3490
1198
1231
1259
3492
3493
1200
1232
3495
3496
3499
3500
3501
1214
1234
3519
3521
3523
3525
3526
3528
3530
3532
1215
1262
3506
3507
3508
1235
1263
3513
3514
3515
1217
3520
3521
3522
1237
3527
3528
3529
1265
3534
3535
3536
1213
3541
3542
3543
3548
3549
3550
1209
3555
3556
3557
1214
3568
3571
3573
3574
3575
3578
3579
3581
3562
3563
3564
1217
3569
3570
3571
1210
1218
3576
3577
3578
1242
3582
3583
1221
1243
3585
3586
1215
3588
3589
1217
3591
3592
3595
3596
3597
1247
3615
3617
3619
3620
3622
3624
3626
3628
1280
3602
3603
3604
1220
1248
1281
3609
3610
3611
3616
3617
3618
1221
1250
3623
3624
3625
1283
3630
3631
3632
1253
1286
3636
3637
1254
3639
3640
1233
3643
3644
3645
3650
3651
3652
1229
3657
3658
3659
1234
3670
3673
3675
3676
3677
3680
3681
3683
3664
3665
3666
1237
3671
3672
3673
1230
1238
3678
3679
3680
1244
3684
3685
1241
1245
3687
3688
1235
3690
3691
1237
3693
3694
3697
3698
3699
1247
3717
3719
3721
3722
3724
3726
3728
3730
1300
3704
3705
3706
1240
1249
1301
3711
3712
3713
3718
3719
3720
1241
1251
3725
3726
3727
1303
3732
3733
3734
1255
1306
3738
3739
1256
3741
3742
3744
3745
1254
3747
3748
3750
3751
1256
3753
3754
3757
3758
3759
3777
3779
3781
3782
3784
3786
3788
3789
1253
3764
3765
3766
1255
3771
3772
3773
1254
3778
3779
3780
1256
3785
3786
3787
3792
3793
3794
1319
3798
3799
3801
3802
1321
3804
3805
3807
3808
1262
3810
3811
1266
1269
3813
3814
1263
3816
3817
1267
1271
3819
3820
1272
3823
3824
3825
1280
3830
3831
3832
1300
3837
3838
3839
1273
1282
1302
3850
3853
3855
3856
3857
3860
3862
3863
3844
3845
3846
1276
1284
3851
3852
3853
1277
1304
3858
3859
3860
1274
1288
1334
3864
3865
1276
1289
3867
3868
1275
1308
1336
3870
3871
1277
1309
3873
3874
3877
3878
3879
1291
1311
3897
3899
3901
3903
3904
3906
3908
3910
1292
1339
3884
3885
3886
1312
1340
3891
3892
3893
1294
3898
3899
3900
1314
3905
3906
3907
1342
3912
3913
3914
1290
3919
3920
3921
3926
3927
3928
1286
3933
3934
3935
1291
3946
3949
3951
3952
3953
3956
3957
3959
3940
3941
3942
1294
3947
3948
3949
1287
1295
3954
3955
3956
1319
3960
3961
1298
1320
3963
3964
1292
3966
3967
1294
3969
3970
3973
3974
3975
1324
3993
3995
3997
3998
4000
4002
4004
4006
1357
3980
3981
3982
1297
1325
1358
3987
3988
3989
3994
3995
3996
1298
1327
4001
4002
4003
1360
4008
4009
4010
1330
1363
4014
4015
1331
4017
4018
1310
4021
4022
4023
4028
4029
4030
1306
4035
4036
4037
1311
4048
4051
4053
4054
4055
4058
4059
4061
4042
4043
4044
1314
4049
4050
4051
1307
1315
4056
4057
4058
1321
4062
4063
1318
1322
4065
4066
1312
4068
4069
1314
4071
4072
4075
4076
4077
1324
4095
4097
4099
4100
4102
4104
4106
4108
1377
4082
4083
4084
1317
1326
1378
4089
4090
4091
4096
4097
4098
1318
1328
4103
4104
4105
1380
4110
4111
4112
1332
1383
4116
4117
1333
4119
4120
4122
4123
1331
4125
4126
4128
4129
1333
4131
4132
4135
4136
4137
4155
4157
4159
4160
4162
4164
4166
4167
1330
4142
4143
4144
1332
4149
4150
4151
1331
4156
4157
4158
1333
4163
4164
4165
4170
4171
4172
1396
4176
4177
4179
4180
1398
4182
4183
4185
4186
1339
4188
4189
1343
1346
4191
4192
1340
4194
4195
1344
1348
4197
4198
1349
4201
4202
4203
1357
4208
4209
4210
1377
4215
4216
4217
1350
1359
1379
4228
4231
4233
4234
4235
4238
4240
4241
4222
4223
4224
1353
1361
4229
4230
4231
1354
1381
4236
4237
4238
1351
1365
4242
4243
1353
1366
4245
4246
1352
1385
4248
4249
1354
1386
4251
4252
4255
4256
4257
1368
1388
4275
4277
4279
4281
4282
4284
4286
4288
1369
4262
4263
4264
1389
4269
4270
4271
1371
4276
4277
4278
1391
4283
4284
4285
4290
4291
4292
1367
4297
4298
4299
4304
4305
4306
1363
4311
4312
4313
1368
4324
4327
4329
4330
4331
4334
4335
4337
4318
4319
4320
1371
4325
4326
4327
1364
1372
4332
4333
4334
1396
4338
4339
1375
1397
4341
4342
1369
4344
4345
1371
4347
4348
4351
4352
4353
1401
4371
4373
4375
4376
4378
4380
4382
4384
4358
4359
4360
1374
1402
4365
4366
4367
4372
4373
4374
1375
1404
4379
4380
4381
4386
4387
4388
1407
4392
4393
1408
4395
4396
1387
4399
4400
4401
4406
4407
4408
1383
4413
4414
4415
1388
4426
4429
4431
4432
4433
4436
4437
4439
4420
4421
4422
1391
4427
4428
4429
1384
1392
4434
4435
4436
1398
4440
4441
1395
1399
4443
4444
1389
4446
4447
1391
4449
4450
4453
4454
4455
1401
4473
4475
4477
4478
4480
4482
4484
4486
1412
4460
4461
4462
1394
1403
1413
4467
4468
4469
4474
4475
4476
1395
1405
4481
4482
4483
1415
4488
4489
4490
1409
1418
4494
4495
1410
4497
4498
4500
4501
1408
4503
4504
4506
4507
1410
4509
4510
4513
4514
4515
4533
4535
4537
4538
4540
4542
4544
4545
1407
4520
4521
4522
1409
4527
4528
4529
1408
4534
4535
4536
1410
4541
4542
4543
4548
4549
4550
1431
4554
4555
4557
4558
1433
4560
4561
4563
4564
1422
4567
4568
4569
4574
4575
4576
1418
4581
4582
4583
1423
4594
4597
4598
4600
4601
4604
4606
4607
4588
4589
4590
1419
1426
4595
4596
4597
1428
4602
4603
4604
1433
4608
4609
1430
1434
4611
4612
1424
4614
4615
1428
4617
4618
4621
4622
4623
1436
4641
4643
4645
4647
4655
4657
4659
4661
1447
4628
4629
4630
1429
1438
1448
4635
4636
4637
1430
1439
4642
4643
4644
1450
4649
4650
4651
4656
4657
4658
1444
1453
4662
4663
1445
4665
4666
4668
4669
1443
4671
4672
4674
4675
1445
4677
4678
4681
4682
4683
4701
4703
4705
4706
4715
4717
4719
4721
1442
4688
4689
4690
1444
4695
4696
4697
1445
4702
4703
4704
4709
4710
4711
1443
4716
4717
4718
1466
4722
4723
4725
4726
1468
4728
4729
4731
4732
1457
4735
4736
4737
4742
4743
4744
1453
4749
4750
4751
1458
4762
4765
4766
4768
4769
4772
4774
4775
4756
4757
4758
1454
1461
4763
4764
4765
1463
4770
4771
4772
1468
4776
4777
1465
1469
4779
4780
1459
4782
4783
1463
4785
4786
4789
4790
4791
1471
4809
4811
4813
4815
4823
4825
4827
4829
1482
4796
4797
4798
1464
1473
1483
4803
4804
4805
1465
1474
4810
4811
4812
1485
4817
4818
4819
4824
4825
4826
1479
1488
4830
4831
1480
4833
4834
4836
4837
1478
4839
4840
4842
4843
1480
4845
4846
4849
4850
4851
4869
4871
4873
4874
4883
4885
4887
4889
1477
4856
4857
4858
1479
4863
4864
4865
1480
4870
4871
4872
4877
4878
4879
1478
4884
4885
4886
1496
4890
4891
4893
4894
1498
4896
4897
4899
4900
1491
4903
4904
4905
4910
4911
4912
1488
4917
4918
4919
1492
4930
4933
4934
4936
4937
4940
4942
4943
4924
4925
4926
1489
1493
4931
4932
4933
1494
4938
4939
4940
1498
4944
4945
1495
1499
4947
4948
1494
4950
4951
4954
4955
4956
1501
4960
4962
4964
4966
4967
4969
4971
4973
1495
1502
4961
4962
4963
4968
4969
4970
1505
4974
4975
4977
4978
1504
4980
4981
4983
4984
1505
4986
4987
4990
4991
4992
4996
4998
5000
5001
5003
5005
5007
5009
1505
4997
4998
4999
1504
5004
5005
5006
5010
5011
5013
5014
1508
2090
2109
1508
2002
2091
2093
1511
2168
2187
1511
2005
2169
2171
1516
1517
1518
1519
1526
1516
1517
1516
1518
1520
2245
1517
1518
1527
2246
1524
1531
1525
1532
2248
1523
1524
1525
1524
1525
2238
2266
1523
1524
2098
2239
1523
1525
2099
2267
2100
2240
2269
1530
1531
1532
1531
1532
2241
2273
1530
1531
2176
2242
1530
1532
2177
2274
2178
2243
2276
1535
2107
2415
1535
1537
2299
2416
1538
2417
1538
2435
2457
1538
2302
2436
2438
1541
2185
2517
1541
1543
2305
2518
1544
2519
1544
2537
2559
1544
2308
2538
2540
1549
1550
1551
1566
1573
1580
1549
1550
1567
1549
1551
1574
2623
1550
1551
1581
2624
1571
1578
1572
1585
1579
1586
2626
1556
1557
1558
1566
1573
1556
1557
2252
2421
1556
1558
1568
2254
2610
1557
1558
1575
2423
2611
1570
2255
1577
2424
1571
1578
2612
1563
1564
1565
1566
1580
1563
1564
2259
2523
1563
1565
1569
2261
2616
1564
1565
1582
2525
2617
1570
2262
1584
2526
1572
1585
2618
1570
1571
1572
1571
1572
1570
1571
2281
1570
1572
2282
2283
1577
1578
1579
1578
1579
2613
2644
1577
1578
2443
2614
1577
1579
2444
2645
2445
2615
2647
1584
1585
1586
1585
1586
2619
2651
1584
1585
2545
2620
1584
1586
2546
2652
2547
2621
2654
1589
2455
2793
1589
1591
2677
2794
1592
2795
1592
2813
2835
1592
2680
2814
2816
1595
2557
2895
1595
1597
2683
2896
1598
2897
1598
2915
2937
1598
2686
2916
2918
1603
1604
1605
1620
1627
1634
1603
1604
1621
1603
1605
1628
3001
1604
1605
1635
3002
1625
1632
1626
1639
1633
1640
3004
1610
1611
1612
1620
1627
1610
1611
2630
2799
1610
1612
1622
2632
2988
1611
1612
1629
2801
2989
1624
2633
1631
2802
1625
1632
2990
1617
1618
1619
1620
1634
1617
1618
2637
2901
1617
1619
1623
2639
2994
1618
1619
1636
2903
2995
1624
2640
1638
2904
1626
1639
2996
1624
1625
1626
1625
1626
1624
1625
2659
1624
1626
2660
2661
1631
1632
1633
1632
1633
2991
3022
1631
1632
2821
2992
1631
1633
2822
3023
2823
2993
3025
1638
1639
1640
1639
1640
2997
3029
1638
1639
2923
2998
1638
1640
2924
3030
2925
2999
3032
1643
2833
3171
1643
1645
3055
3172
1646
3173
1646
3191
3213
1646
3058
3192
3194
1649
2935
3273
1649
1651
3061
3274
1652
3275
1652
3293
3315
1652
3064
3294
3296
1657
1658
1659
1674
1681
1688
1657
1658
1675
1657
1659
1682
3379
1658
1659
1689
3380
1679
1686
1680
1693
1687
1694
3382
1664
1665
1666
1674
1681
1664
1665
3008
3177
1664
1666
1676
3010
3366
1665
1666
1683
3179
3367
1678
3011
1685
3180
1679
1686
3368
1671
1672
1673
1674
1688
1671
1672
3015
3279
1671
1673
1677
3017
3372
1672
1673
1690
3281
3373
1678
3018
1692
3282
1680
1693
3374
1678
1679
1680
1679
1680
1678
1679
3037
1678
1680
3038
3039
1685
1686
1687
1686
1687
3369
3400
1685
1686
3199
3370
1685
1687
3200
3401
3201
3371
3403
1692
1693
1694
1693
1694
3375
3407
1692
1693
3301
3376
1692
1694
3302
3408
3303
3377
3410
1697
3211
3549
1697
1699
3433
3550
1700
3551
1700
3569
3591
1700
3436
3570
3572
1703
3313
3651
1703
1705
3439
3652
1706
3653
1706
3671
3693
1706
3442
3672
3674
1711
1712
1713
1728
1735
1742
1711
1712
1729
1711
1713
1736
3757
1712
1713
1743
3758
1733
1740
1734
1747
1741
1748
3760
1718
1719
1720
1728
1735
1718
1719
3386
3555
1718
1720
1730
3388
3744
1719
1720
1737
3557
3745
1732
3389
1739
3558
1733
1740
3746
1725
1726
1727
1728
1742
1725
1726
3393
3657
1725
1727
1731
3395
3750
1726
1727
1744
3659
3751
1732
3396
1746
3660
1734
1747
3752
1732
1733
1734
1733
1734
1732
1733
3415
1732
1734
3416
3417
1739
1740
1741
1740
1741
3747
3778
1739
1740
3577
3748
1739
1741
3578
3779
3579
3749
3781
1746
1747
1748
1747
1748
3753
3785
1746
1747
3679
3754
1746
1748
3680
3786
3681
3755
3788
1751
3589
3927
1751
1753
3811
3928
1754
3929
1754
3947
3969
1754
3814
3948
3950
1757
3691
4029
1757
1759
3817
4030
1760
4031
1760
4049
4071
1760
3820
4050
4052
1765
1766
1767
1782
1789
1796
1765
1766
1783
1765
1767
1790
4135
1766
1767
1797
4136
1787
1794
1788
1801
1795
1802
4138
1772
1773
1774
1782
1789
1772
1773
3764
3933
1772
1774
1784
3766
4122
1773
1774
1791
3935
4123
1786
3767
1793
3936
1787
1794
4124
1779
1780
1781
1782
1796
1779
1780
3771
4035
1779
1781
1785
3773
4128
1780
1781
1798
4037
4129
1786
3774
1800
4038
1788
1801
4130
1786
1787
1788
1787
1788
1786
1787
3793
1786
1788
3794
3795
1793
1794
1795
1794
1795
4125
4156
1793
1794
3955
4126
1793
1795
3956
4157
3957
4127
4159
1800
1801
1802
1801
1802
4131
4163
1800
1801
4057
4132
1800
1802
4058
4164
4059
4133
4166
1805
3967
4305
1805
1807
4189
4306
1808
4307
1808
4325
4347
1808
4192
4326
4328
1811
4069
4407
1811
1813
4195
4408
1814
4409
1814
4427
4449
1814
4198
4428
4430
1819
1820
1821
1836
1843
1850
1819
1820
1837
1819
1821
1844
4513
1820
1821
1851
4514
1841
1848
1842
1855
1849
1856
4516
1826
1827
1828
1836
1843
1826
1827
4142
4311
1826
1828
1838
4144
4500
1827
1828
1845
4313
4501
1840
4145
1847
4314
1841
1848
4502
1833
1834
1835
1836
1850
1833
1834
4149
4413
1833
1835
1839
4151
4506
1834
1835
1852
4415
4507
1840
4152
1854
4416
1842
1855
4508
1840
1841
1842
1841
1842
1840
1841
4171
1840
1842
4172
4173
1847
1848
1849
1848
1849
4503
4534
1847
1848
4333
4504
1847
1849
4334
4535
4335
4505
4537
1854
1855
1856
1855
1856
4509
4541
1854
1855
4435
4510
1854
1856
4436
4542
4437
4511
4544
1859
4447
4575
1859
1861
4576
1862
4577
1862
4602
4617
1862
4603
4605
1867
1868
1869
1884
1891
1898
1867
1868
1885
1868
1869
1892
4681
1867
1869
1899
4683
1889
1902
1890
1896
1897
1903
4684
1874
1875
1876
1884
1898
1874
1876
4520
1874
1875
1886
4522
4668
1875
1876
1900
4669
1888
4523
1889
1902
4670
1904
1881
1882
1883
1884
1891
1881
1882
4527
4581
1881
1883
1887
4529
4674
1882
1883
1893
4583
4675
1888
4530
1895
4584
1890
1896
4676
1888
1889
1890
1889
1890
1888
1889
4549
1888
1890
4550
4551
1895
1896
1897
1896
1897
4677
4702
1895
1896
4596
4678
1895
1897
4597
4703
4598
4679
4705
1902
1903
1904
1902
1903
4671
4716
1902
1904
4672
1903
1904
4717
4673
4719
1907
4614
4743
1907
1909
4744
1910
4745
1910
4770
4785
1910
4771
4773
1915
1916
1917
1932
1939
1946
1915
1916
1933
1916
1917
1940
4849
1915
1917
1947
4851
1937
1950
1938
1944
1945
1951
4852
1922
1923
1924
1932
1946
1922
1924
4688
1922
1923
1934
4689
4836
1923
1924
1948
4837
1936
4691
1937
1950
4838
1952
1929
1930
1931
1932
1939
1929
1930
4695
4749
1929
1931
1935
4697
4842
1930
1931
1941
4751
4843
1936
4698
1943
4752
1938
1944
4844
1936
1937
1938
1937
1938
1936
1937
4710
1936
1938
4711
4712
1943
1944
1945
1944
1945
4845
4870
1943
1944
4764
4846
1943
1945
4765
4871
4766
4847
4873
1950
1951
1952
1950
1951
4839
4884
1950
1952
4840
1951
1952
4885
4841
4887
1955
4782
4911
1955
1957
4912
1958
4913
1958
4938
4950
1958
4939
4941
1963
1964
1965
1980
1987
1994
1963
1964
1981
1964
1965
1988
4990
1963
1965
1995
4991
1985
1998
1986
1992
1993
1999
4993
1970
1971
1972
1980
1994
1970
1972
4856
1970
1971
1982
4857
4977
1971
1972
1996
4978
1984
4859
1985
1998
4979
2000
1977
1978
1979
1980
1987
1977
1978
4863
4917
1977
1979
1983
4865
4983
1978
1979
1989
4919
4984
1984
4866
1991
4920
1986
1992
4985
1984
1985
1986
1985
1986
1984
1985
4878
1984
1986
4879
4880
1991
1992
1993
1992
1993
4986
4997
1991
1992
4932
4987
1991
1993
4933
4998
4934
4988
5000
1998
1999
2000
1998
1999
4980
5004
1998
2000
4981
1999
2000
5005
4982
5007
2003
2015
2031
2003
2016
2018
2006
2022
2037
2006
2023
2025
2011
2012
2013
2014
2021
2011
2012
2011
2013
2015
2041
2012
2013
2022
2042
2018
2025
2019
2026
2044
2018
2019
2020
2018
2019
2062
2018
2020
2091
2019
2020
2063
2092
2065
2094
2025
2026
2027
2025
2026
2069
2025
2027
2169
2026
2027
2070
2170
2072
2172
2030
2032
2049
2106
2030
2050
2298
2033
2051
2033
2062
2033
2064
2110
2066
2036
2038
2056
2184
2036
2057
2304
2039
2058
2039
2069
2039
2071
2188
2073
2044
2045
2046
2061
2068
2075
2044
2045
2062
2044
2046
2069
2045
2046
2076
2065
2072
2066
2079
2073
2080
2051
2052
2053
2061
2075
2052
2053
2120
2318
2051
2052
2064
2121
2051
2053
2077
2319
2066
2079
2067
2123
2081
2321
2058
2059
2060
2068
2075
2059
2060
2198
2325
2058
2059
2071
2199
2058
2060
2078
2326
2073
2080
2074
2201
2081
2328
2065
2066
2067
2065
2066
2065
2067
2135
2066
2067
2136
2137
2072
2073
2074
2072
2073
2072
2074
2213
2073
2074
2214
2215
2079
2080
2081
2079
2080
2079
2081
2333
2080
2081
2334
2335
2086
2087
2088
2089
2096
2086
2087
2086
2088
2090
2113
2087
2088
2097
2114
2093
2101
2095
2102
2116
2093
2094
2095
2093
2095
2134
2093
2094
2094
2095
2135
2138
2100
2101
2102
2101
2102
2103
2141
2100
2101
2104
2100
2102
2142
2105
2144
2105
2157
2105
2239
2108
2110
2121
2108
2122
2111
2124
2111
2134
2111
2136
2139
2116
2117
2118
2133
2140
2147
2116
2117
2134
2116
2118
2141
2117
2118
2148
2138
2144
2139
2151
2145
2152
2123
2124
2125
2133
2147
2123
2125
2414
2123
2124
2136
2124
2125
2149
2415
2137
2139
2151
2153
2418
2130
2131
2132
2140
2147
2131
2132
2252
2421
2130
2131
2143
2154
2253
2130
2132
2150
2155
2422
2145
2152
2156
2146
2256
2153
2425
2137
2138
2139
2138
2139
2137
2138
2137
2139
2144
2145
2146
2144
2145
2157
2144
2146
2267
2145
2146
2158
2268
2159
2270
2151
2152
2153
2151
2152
2151
2153
2429
2152
2153
2430
2432
2156
2158
2286
2156
2448
2159
2159
2159
2290
2164
2165
2166
2167
2174
2164
2165
2164
2166
2168
2191
2165
2166
2175
2192
2171
2179
2173
2180
2194
2171
2172
2173
2171
2173
2212
2171
2172
2172
2173
2213
2216
2178
2179
2180
2179
2180
2181
2219
2178
2179
2182
2178
2180
2220
2183
2222
2183
2235
2183
2242
2186
2188
2199
2186
2200
2189
2202
2189
2212
2189
2214
2217
2194
2195
2196
2211
2218
2225
2194
2195
2212
2194
2196
2219
2195
2196
2226
2216
2222
2217
2229
2223
2230
2201
2202
2203
2211
2225
2201
2203
2516
2201
2202
2214
2202
2203
2227
2517
2215
2217
2229
2231
2520
2208
2209
2210
2218
2225
2209
2210
2259
2523
2208
2209
2221
2232
2260
2208
2210
2228
2233
2524
2223
2230
2234
2224
2263
2231
2527
2215
2216
2217
2216
2217
2215
2216
2215
2217
2222
2223
2224
2222
2223
2235
2222
2224
2274
2223
2224
2236
2275
2237
2277
2229
2230
2231
2229
2230
2229
2231
2531
2230
2231
2532
2534
2234
2236
2292
2234
2550
2237
2237
2237
2296
2240
2289
2240
2243
2295
2243
2248
2249
2250
2265
2272
2279
2248
2249
2266
2248
2250
2273
2249
2250
2280
2269
2276
2271
2284
2278
2285
2255
2256
2257
2265
2279
2255
2256
2256
2257
2268
2286
2255
2257
2281
2287
2283
2270
2271
2284
2288
2262
2263
2264
2272
2279
2262
2263
2263
2264
2275
2292
2262
2264
2282
2293
2283
2277
2278
2285
2294
2269
2270
2271
2269
2271
2289
2269
2270
2270
2271
2290
2291
2276
2277
2278
2276
2278
2295
2276
2277
2277
2278
2296
2297
2283
2284
2285
2284
2285
2283
2284
2283
2285
2288
2290
2288
2610
2291
2291
2291
2294
2296
2294
2616
2297
2297
2297
2300
2319
2300
2302
2320
2303
2322
2303
2339
2355
2303
2340
2342
2306
2326
2306
2308
2327
2309
2329
2309
2346
2361
2309
2347
2349
2314
2315
2316
2331
2338
2345
2314
2315
2332
2314
2316
2339
2365
2315
2316
2346
2366
2336
2342
2337
2349
2343
2350
2368
2321
2322
2323
2331
2338
2321
2323
2414
2321
2322
2333
2322
2323
2340
2416
2335
2336
2342
2344
2419
2328
2329
2330
2331
2345
2328
2330
2516
2328
2329
2334
2329
2330
2347
2518
2335
2337
2349
2351
2521
2335
2336
2337
2336
2337
2335
2336
2335
2337
2342
2343
2344
2342
2343
2386
2342
2344
2436
2343
2344
2387
2437
2389
2439
2349
2350
2351
2349
2350
2393
2349
2351
2538
2350
2351
2394
2539
2396
2541
2354
2356
2373
2454
2354
2374
2676
2357
2375
2357
2386
2357
2388
2458
2390
2360
2362
2380
2556
2360
2381
2682
2363
2382
2363
2393
2363
2395
2560
2397
2368
2369
2370
2385
2392
2399
2368
2369
2386
2368
2370
2393
2369
2370
2400
2389
2396
2390
2403
2397
2404
2375
2376
2377
2385
2399
2376
2377
2468
2696
2375
2376
2388
2469
2375
2377
2401
2697
2390
2403
2391
2471
2405
2699
2382
2383
2384
2392
2399
2383
2384
2570
2703
2382
2383
2395
2571
2382
2384
2402
2704
2397
2404
2398
2573
2405
2706
2389
2390
2391
2389
2390
2389
2391
2483
2390
2391
2484
2485
2396
2397
2398
2396
2397
2396
2398
2585
2397
2398
2586
2587
2403
2404
2405
2403
2404
2403
2405
2711
2404
2405
2712
2713
2410
2411
2412
2427
2434
2441
2410
2411
2428
2410
2412
2435
2461
2411
2412
2442
2462
2431
2438
2433
2446
2440
2447
2464
2417
2418
2419
2427
2434
2418
2419
2417
2418
2429
2417
2419
2436
2431
2438
2432
2439
2424
2425
2426
2427
2441
2424
2425
2425
2426
2430
2448
2424
2426
2443
2449
2445
2432
2433
2446
2450
2431
2432
2433
2431
2433
2431
2432
2432
2433
2438
2439
2440
2438
2440
2482
2438
2439
2439
2440
2483
2486
2445
2446
2447
2446
2447
2451
2489
2445
2446
2452
2445
2447
2490
2453
2492
2450
2450
2452
2611
2453
2453
2505
2453
2614
2456
2458
2469
2456
2470
2459
2472
2459
2482
2459
2484
2487
2464
2465
2466
2481
2488
2495
2464
2465
2482
2464
2466
2489
2465
2466
2496
2486
2492
2487
2499
2493
2500
2471
2472
2473
2481
2495
2471
2473
2792
2471
2472
2484
2472
2473
2497
2793
2485
2487
2499
2501
2796
2478
2479
2480
2488
2495
2479
2480
2630
2799
2478
2479
2491
2502
2631
2478
2480
2498
2503
2800
2493
2500
2504
2494
2634
2501
2803
2485
2486
2487
2486
2487
2485
2486
2485
2487
2492
2493
2494
2492
2493
2505
2492
2494
2645
2493
2494
2506
2646
2507
2648
2499
2500
2501
2499
2500
2499
2501
2807
2500
2501
2808
2810
2504
2506
2664
2504
2826
2507
2507
2507
2668
2512
2513
2514
2529
2536
2543
2512
2513
2530
2512
2514
2537
2563
2513
2514
2544
2564
2533
2540
2535
2548
2542
2549
2566
2519
2520
2521
2529
2536
2520
2521
2519
2520
2531
2519
2521
2538
2533
2540
2534
2541
2526
2527
2528
2529
2543
2526
2527
2527
2528
2532
2550
2526
2528
2545
2551
2547
2534
2535
2548
2552
2533
2534
2535
2533
2535
2533
2534
2534
2535
2540
2541
2542
2540
2542
2584
2540
2541
2541
2542
2585
2588
2547
2548
2549
2548
2549
2553
2591
2547
2548
2554
2547
2549
2592
2555
2594
2552
2552
2554
2617
2555
2555
2607
2555
2620
2558
2560
2571
2558
2572
2561
2574
2561
2584
2561
2586
2589
2566
2567
2568
2583
2590
2597
2566
2567
2584
2566
2568
2591
2567
2568
2598
2588
2594
2589
2601
2595
2602
2573
2574
2575
2583
2597
2573
2575
2894
2573
2574
2586
2574
2575
2599
2895
2587
2589
2601
2603
2898
2580
2581
2582
2590
2597
2581
2582
2637
2901
2580
2581
2593
2604
2638
2580
2582
2600
2605
2902
2595
2602
2606
2596
2641
2603
2905
2587
2588
2589
2588
2589
2587
2588
2587
2589
2594
2595
2596
2594
2595
2607
2594
2596
2652
2595
2596
2608
2653
2609
2655
2601
2602
2603
2601
2602
2601
2603
2909
2602
2603
2910
2912
2606
2608
2670
2606
2928
2609
2609
2609
2674
2612
2612
2614
2615
2615
2667
2615
2618
2618
2620
2621
2621
2673
2621
2626
2627
2628
2643
2650
2657
2626
2627
2644
2626
2628
2651
2627
2628
2658
2647
2654
2649
2662
2656
2663
2633
2634
2635
2643
2657
2633
2634
2634
2635
2646
2664
2633
2635
2659
2665
2661
2648
2649
2662
2666
2640
2641
2642
2650
2657
2640
2641
2641
2642
2653
2670
2640
2642
2660
2671
2661
2655
2656
2663
2672
2647
2648
2649
2647
2649
2667
2647
2648
2648
2649
2668
2669
2654
2655
2656
2654
2656
2673
2654
2655
2655
2656
2674
2675
2661
2662
2663
2662
2663
2661
2662
2661
2663
2666
2668
2666
2988
2669
2669
2669
2672
2674
2672
2994
2675
2675
2675
2678
2697
2678
2680
2698
2681
2700
2681
2717
2733
2681
2718
2720
2684
2704
2684
2686
2705
2687
2707
2687
2724
2739
2687
2725
2727
2692
2693
2694
2709
2716
2723
2692
2693
2710
2692
2694
2717
2743
2693
2694
2724
2744
2714
2720
2715
2727
2721
2728
2746
2699
2700
2701
2709
2716
2699
2701
2792
2699
2700
2711
2700
2701
2718
2794
2713
2714
2720
2722
2797
2706
2707
2708
2709
2723
2706
2708
2894
2706
2707
2712
2707
2708
2725
2896
2713
2715
2727
2729
2899
2713
2714
2715
2714
2715
2713
2714
2713
2715
2720
2721
2722
2720
2721
2764
2720
2722
2814
2721
2722
2765
2815
2767
2817
2727
2728
2729
2727
2728
2771
2727
2729
2916
2728
2729
2772
2917
2774
2919
2732
2734
2751
2832
2732
2752
3054
2735
2753
2735
2764
2735
2766
2836
2768
2738
2740
2758
2934
2738
2759
3060
2741
2760
2741
2771
2741
2773
2938
2775
2746
2747
2748
2763
2770
2777
2746
2747
2764
2746
2748
2771
2747
2748
2778
2767
2774
2768
2781
2775
2782
2753
2754
2755
2763
2777
2754
2755
2846
3074
2753
2754
2766
2847
2753
2755
2779
3075
2768
2781
2769
2849
2783
3077
2760
2761
2762
2770
2777
2761
2762
2948
3081
2760
2761
2773
2949
2760
2762
2780
3082
2775
2782
2776
2951
2783
3084
2767
2768
2769
2767
2768
2767
2769
2861
2768
2769
2862
2863
2774
2775
2776
2774
2775
2774
2776
2963
2775
2776
2964
2965
2781
2782
2783
2781
2782
2781
2783
3089
2782
2783
3090
3091
2788
2789
2790
2805
2812
2819
2788
2789
2806
2788
2790
2813
2839
2789
2790
2820
2840
2809
2816
2811
2824
2818
2825
2842
2795
2796
2797
2805
2812
2796
2797
2795
2796
2807
2795
2797
2814
2809
2816
2810
2817
2802
2803
2804
2805
2819
2802
2803
2803
2804
2808
2826
2802
2804
2821
2827
2823
2810
2811
2824
2828
2809
2810
2811
2809
2811
2809
2810
2810
2811
2816
2817
2818
2816
2818
2860
2816
2817
2817
2818
2861
2864
2823
2824
2825
2824
2825
2829
2867
2823
2824
2830
2823
2825
2868
2831
2870
2828
2828
2830
2989
2831
2831
2883
2831
2992
2834
2836
2847
2834
2848
2837
2850
2837
2860
2837
2862
2865
2842
2843
2844
2859
2866
2873
2842
2843
2860
2842
2844
2867
2843
2844
2874
2864
2870
2865
2877
2871
2878
2849
2850
2851
2859
2873
2849
2851
3170
2849
2850
2862
2850
2851
2875
3171
2863
2865
2877
2879
3174
2856
2857
2858
2866
2873
2857
2858
3008
3177
2856
2857
2869
2880
3009
2856
2858
2876
2881
3178
2871
2878
2882
2872
3012
2879
3181
2863
2864
2865
2864
2865
2863
2864
2863
2865
2870
2871
2872
2870
2871
2883
2870
2872
3023
2871
2872
2884
3024
2885
3026
2877
2878
2879
2877
2878
2877
2879
3185
2878
2879
3186
3188
2882
2884
3042
2882
3204
2885
2885
2885
3046
2890
2891
2892
2907
2914
2921
2890
2891
2908
2890
2892
2915
2941
2891
2892
2922
2942
2911
2918
2913
2926
2920
2927
2944
2897
2898
2899
2907
2914
2898
2899
2897
2898
2909
2897
2899
2916
2911
2918
2912
2919
2904
2905
2906
2907
2921
2904
2905
2905
2906
2910
2928
2904
2906
2923
2929
2925
2912
2913
2926
2930
2911
2912
2913
2911
2913
2911
2912
2912
2913
2918
2919
2920
2918
2920
2962
2918
2919
2919
2920
2963
2966
2925
2926
2927
2926
2927
2931
2969
2925
2926
2932
2925
2927
2970
2933
2972
2930
2930
2932
2995
2933
2933
2985
2933
2998
2936
2938
2949
2936
2950
2939
2952
2939
2962
2939
2964
2967
2944
2945
2946
2961
2968
2975
2944
2945
2962
2944
2946
2969
2945
2946
2976
2966
2972
2967
2979
2973
2980
2951
2952
2953
2961
2975
2951
2953
3272
2951
2952
2964
2952
2953
2977
3273
2965
2967
2979
2981
3276
2958
2959
2960
2968
2975
2959
2960
3015
3279
2958
2959
2971
2982
3016
2958
2960
2978
2983
3280
2973
2980
2984
2974
3019
2981
3283
2965
2966
2967
2966
2967
2965
2966
2965
2967
2972
2973
2974
2972
2973
2985
2972
2974
3030
2973
2974
2986
3031
2987
3033
2979
2980
2981
2979
2980
2979
2981
3287
2980
2981
3288
3290
2984
2986
3048
2984
3306
2987
2987
2987
3052
2990
2990
2992
2993
2993
3045
2993
2996
2996
2998
2999
2999
3051
2999
3004
3005
3006
3021
3028
3035
3004
3005
3022
3004
3006
3029
3005
3006
3036
3025
3032
3027
3040
3034
3041
3011
3012
3013
3021
3035
3011
3012
3012
3013
3024
3042
3011
3013
3037
3043
3039
3026
3027
3040
3044
3018
3019
3020
3028
3035
3018
3019
3019
3020
3031
3048
3018
3020
3038
3049
3039
3033
3034
3041
3050
3025
3026
3027
3025
3027
3045
3025
3026
3026
3027
3046
3047
3032
3033
3034
3032
3034
3051
3032
3033
3033
3034
3052
3053
3039
3040
3041
3040
3041
3039
3040
3039
3041
3044
3046
3044
3366
3047
3047
3047
3050
3052
3050
3372
3053
3053
3053
3056
3075
3056
3058
3076
3059
3078
3059
3095
3111
3059
3096
3098
3062
3082
3062
3064
3083
3065
3085
3065
3102
3117
3065
3103
3105
3070
3071
3072
3087
3094
3101
3070
3071
3088
3070
3072
3095
3121
3071
3072
3102
3122
3092
3098
3093
3105
3099
3106
3124
3077
3078
3079
3087
3094
3077
3079
3170
3077
3078
3089
3078
3079
3096
3172
3091
3092
3098
3100
3175
3084
3085
3086
3087
3101
3084
3086
3272
3084
3085
3090
3085
3086
3103
3274
3091
3093
3105
3107
3277
3091
3092
3093
3092
3093
3091
3092
3091
3093
3098
3099
3100
3098
3099
3142
3098
3100
3192
3099
3100
3143
3193
3145
3195
3105
3106
3107
3105
3106
3149
3105
3107
3294
3106
3107
3150
3295
3152
3297
3110
3112
3129
3210
3110
3130
3432
3113
3131
3113
3142
3113
3144
3214
3146
3116
3118
3136
3312
3116
3137
3438
3119
3138
3119
3149
3119
3151
3316
3153
3124
3125
3126
3141
3148
3155
3124
3125
3142
3124
3126
3149
3125
3126
3156
3145
3152
3146
3159
3153
3160
3131
3132
3133
3141
3155
3132
3133
3224
3452
3131
3132
3144
3225
3131
3133
3157
3453
3146
3159
3147
3227
3161
3455
3138
3139
3140
3148
3155
3139
3140
3326
3459
3138
3139
3151
3327
3138
3140
3158
3460
3153
3160
3154
3329
3161
3462
3145
3146
3147
3145
3146
3145
3147
3239
3146
3147
3240
3241
3152
3153
3154
3152
3153
3152
3154
3341
3153
3154
3342
3343
3159
3160
3161
3159
3160
3159
3161
3467
3160
3161
3468
3469
3166
3167
3168
3183
3190
3197
3166
3167
3184
3166
3168
3191
3217
3167
3168
3198
3218
3187
3194
3189
3202
3196
3203
3220
3173
3174
3175
3183
3190
3174
3175
3173
3174
3185
3173
3175
3192
3187
3194
3188
3195
3180
3181
3182
3183
3197
3180
3181
3181
3182
3186
3204
3180
3182
3199
3205
3201
3188
3189
3202
3206
3187
3188
3189
3187
3189
3187
3188
3188
3189
3194
3195
3196
3194
3196
3238
3194
3195
3195
3196
3239
3242
3201
3202
3203
3202
3203
3207
3245
3201
3202
3208
3201
3203
3246
3209
3248
3206
3206
3208
3367
3209
3209
3261
3209
3370
3212
3214
3225
3212
3226
3215
3228
3215
3238
3215
3240
3243
3220
3221
3222
3237
3244
3251
3220
3221
3238
3220
3222
3245
3221
3222
3252
3242
3248
3243
3255
3249
3256
3227
3228
3229
3237
3251
3227
3229
3548
3227
3228
3240
3228
3229
3253
3549
3241
3243
3255
3257
3552
3234
3235
3236
3244
3251
3235
3236
3386
3555
3234
3235
3247
3258
3387
3234
3236
3254
3259
3556
3249
3256
3260
3250
3390
3257
3559
3241
3242
3243
3242
3243
3241
3242
3241
3243
3248
3249
3250
3248
3249
3261
3248
3250
3401
3249
3250
3262
3402
3263
3404
3255
3256
3257
3255
3256
3255
3257
3563
3256
3257
3564
3566
3260
3262
3420
3260
3582
3263
3263
3263
3424
3268
3269
3270
3285
3292
3299
3268
3269
3286
3268
3270
3293
3319
3269
3270
3300
3320
3289
3296
3291
3304
3298
3305
3322
3275
3276
3277
3285
3292
3276
3277
3275
3276
3287
3275
3277
3294
3289
3296
3290
3297
3282
3283
3284
3285
3299
3282
3283
3283
3284
3288
3306
3282
3284
3301
3307
3303
3290
3291
3304
3308
3289
3290
3291
3289
3291
3289
3290
3290
3291
3296
3297
3298
3296
3298
3340
3296
3297
3297
3298
3341
3344
3303
3304
3305
3304
3305
3309
3347
3303
3304
3310
3303
3305
3348
3311
3350
3308
3308
3310
3373
3311
3311
3363
3311
3376
3314
3316
3327
3314
3328
3317
3330
3317
3340
3317
3342
3345
3322
3323
3324
3339
3346
3353
3322
3323
3340
3322
3324
3347
3323
3324
3354
3344
3350
3345
3357
3351
3358
3329
3330
3331
3339
3353
3329
3331
3650
3329
3330
3342
3330
3331
3355
3651
3343
3345
3357
3359
3654
3336
3337
3338
3346
3353
3337
3338
3393
3657
3336
3337
3349
3360
3394
3336
3338
3356
3361
3658
3351
3358
3362
3352
3397
3359
3661
3343
3344
3345
3344
3345
3343
3344
3343
3345
3350
3351
3352
3350
3351
3363
3350
3352
3408
3351
3352
3364
3409
3365
3411
3357
3358
3359
3357
3358
3357
3359
3665
3358
3359
3666
3668
3362
3364
3426
3362
3684
3365
3365
3365
3430
3368
3368
3370
3371
3371
3423
3371
3374
3374
3376
3377
3377
3429
3377
3382
3383
3384
3399
3406
3413
3382
3383
3400
3382
3384
3407
3383
3384
3414
3403
3410
3405
3418
3412
3419
3389
3390
3391
3399
3413
3389
3390
3390
3391
3402
3420
3389
3391
3415
3421
3417
3404
3405
3418
3422
3396
3397
3398
3406
3413
3396
3397
3397
3398
3409
3426
3396
3398
3416
3427
3417
3411
3412
3419
3428
3403
3404
3405
3403
3405
3423
3403
3404
3404
3405
3424
3425
3410
3411
3412
3410
3412
3429
3410
3411
3411
3412
3430
3431
3417
3418
3419
3418
3419
3417
3418
3417
3419
3422
3424
3422
3744
3425
3425
3425
3428
3430
3428
3750
3431
3431
3431
3434
3453
3434
3436
3454
3437
3456
3437
3473
3489
3437
3474
3476
3440
3460
3440
3442
3461
3443
3463
3443
3480
3495
3443
3481
3483
3448
3449
3450
3465
3472
3479
3448
3449
3466
3448
3450
3473
3499
3449
3450
3480
3500
3470
3476
3471
3483
3477
3484
3502
3455
3456
3457
3465
3472
3455
3457
3548
3455
3456
3467
3456
3457
3474
3550
3469
3470
3476
3478
3553
3462
3463
3464
3465
3479
3462
3464
3650
3462
3463
3468
3463
3464
3481
3652
3469
3471
3483
3485
3655
3469
3470
3471
3470
3471
3469
3470
3469
3471
3476
3477
3478
3476
3477
3520
3476
3478
3570
3477
3478
3521
3571
3523
3573
3483
3484
3485
3483
3484
3527
3483
3485
3672
3484
3485
3528
3673
3530
3675
3488
3490
3507
3588
3488
3508
3810
3491
3509
3491
3520
3491
3522
3592
3524
3494
3496
3514
3690
3494
3515
3816
3497
3516
3497
3527
3497
3529
3694
3531
3502
3503
3504
3519
3526
3533
3502
3503
3520
3502
3504
3527
3503
3504
3534
3523
3530
3524
3537
3531
3538
3509
3510
3511
3519
3533
3510
3511
3602
3830
3509
3510
3522
3603
3509
3511
3535
3831
3524
3537
3525
3605
3539
3833
3516
3517
3518
3526
3533
3517
3518
3704
3837
3516
3517
3529
3705
3516
3518
3536
3838
3531
3538
3532
3707
3539
3840
3523
3524
3525
3523
3524
3523
3525
3617
3524
3525
3618
3619
3530
3531
3532
3530
3531
3530
3532
3719
3531
3532
3720
3721
3537
3538
3539
3537
3538
3537
3539
3845
3538
3539
3846
3847
3544
3545
3546
3561
3568
3575
3544
3545
3562
3544
3546
3569
3595
3545
3546
3576
3596
3565
3572
3567
3580
3574
3581
3598
3551
3552
3553
3561
3568
3552
3553
3551
3552
3563
3551
3553
3570
3565
3572
3566
3573
3558
3559
3560
3561
3575
3558
3559
3559
3560
3564
3582
3558
3560
3577
3583
3579
3566
3567
3580
3584
3565
3566
3567
3565
3567
3565
3566
3566
3567
3572
3573
3574
3572
3574
3616
3572
3573
3573
3574
3617
3620
3579
3580
3581
3580
3581
3585
3623
3579
3580
3586
3579
3581
3624
3587
3626
3584
3584
3586
3745
3587
3587
3639
3587
3748
3590
3592
3603
3590
3604
3593
3606
3593
3616
3593
3618
3621
3598
3599
3600
3615
3622
3629
3598
3599
3616
3598
3600
3623
3599
3600
3630
3620
3626
3621
3633
3627
3634
3605
3606
3607
3615
3629
3605
3607
3926
3605
3606
3618
3606
3607
3631
3927
3619
3621
3633
3635
3930
3612
3613
3614
3622
3629
3613
3614
3764
3933
3612
3613
3625
3636
3765
3612
3614
3632
3637
3934
3627
3634
3638
3628
3768
3635
3937
3619
3620
3621
3620
3621
3619
3620
3619
3621
3626
3627
3628
3626
3627
3639
3626
3628
3779
3627
3628
3640
3780
3641
3782
3633
3634
3635
3633
3634
3633
3635
3941
3634
3635
3942
3944
3638
3640
3798
3638
3960
3641
3641
3641
3802
3646
3647
3648
3663
3670
3677
3646
3647
3664
3646
3648
3671
3697
3647
3648
3678
3698
3667
3674
3669
3682
3676
3683
3700
3653
3654
3655
3663
3670
3654
3655
3653
3654
3665
3653
3655
3672
3667
3674
3668
3675
3660
3661
3662
3663
3677
3660
3661
3661
3662
3666
3684
3660
3662
3679
3685
3681
3668
3669
3682
3686
3667
3668
3669
3667
3669
3667
3668
3668
3669
3674
3675
3676
3674
3676
3718
3674
3675
3675
3676
3719
3722
3681
3682
3683
3682
3683
3687
3725
3681
3682
3688
3681
3683
3726
3689
3728
3686
3686
3688
3751
3689
3689
3741
3689
3754
3692
3694
3705
3692
3706
3695
3708
3695
3718
3695
3720
3723
3700
3701
3702
3717
3724
3731
3700
3701
3718
3700
3702
3725
3701
3702
3732
3722
3728
3723
3735
3729
3736
3707
3708
3709
3717
3731
3707
3709
4028
3707
3708
3720
3708
3709
3733
4029
3721
3723
3735
3737
4032
3714
3715
3716
3724
3731
3715
3716
3771
4035
3714
3715
3727
3738
3772
3714
3716
3734
3739
4036
3729
3736
3740
3730
3775
3737
4039
3721
3722
3723
3722
3723
3721
3722
3721
3723
3728
3729
3730
3728
3729
3741
3728
3730
3786
3729
3730
3742
3787
3743
3789
3735
3736
3737
3735
3736
3735
3737
4043
3736
3737
4044
4046
3740
3742
3804
3740
4062
3743
3743
3743
3808
3746
3746
3748
3749
3749
3801
3749
3752
3752
3754
3755
3755
3807
3755
3760
3761
3762
3777
3784
3791
3760
3761
3778
3760
3762
3785
3761
3762
3792
3781
3788
3783
3796
3790
3797
3767
3768
3769
3777
3791
3767
3768
3768
3769
3780
3798
3767
3769
3793
3799
3795
3782
3783
3796
3800
3774
3775
3776
3784
3791
3774
3775
3775
3776
3787
3804
3774
3776
3794
3805
3795
3789
3790
3797
3806
3781
3782
3783
3781
3783
3801
3781
3782
3782
3783
3802
3803
3788
3789
3790
3788
3790
3807
3788
3789
3789
3790
3808
3809
3795
3796
3797
3796
3797
3795
3796
3795
3797
3800
3802
3800
4122
3803
3803
3803
3806
3808
3806
4128
3809
3809
3809
3812
3831
3812
3814
3832
3815
3834
3815
3851
3867
3815
3852
3854
3818
3838
3818
3820
3839
3821
3841
3821
3858
3873
3821
3859
3861
3826
3827
3828
3843
3850
3857
3826
3827
3844
3826
3828
3851
3877
3827
3828
3858
3878
3848
3854
3849
3861
3855
3862
3880
3833
3834
3835
3843
3850
3833
3835
3926
3833
3834
3845
3834
3835
3852
3928
3847
3848
3854
3856
3931
3840
3841
3842
3843
3857
3840
3842
4028
3840
3841
3846
3841
3842
3859
4030
3847
3849
3861
3863
4033
3847
3848
3849
3848
3849
3847
3848
3847
3849
3854
3855
3856
3854
3855
3898
3854
3856
3948
3855
3856
3899
3949
3901
3951
3861
3862
3863
3861
3862
3905
3861
3863
4050
3862
3863
3906
4051
3908
4053
3866
3868
3885
3966
3866
3886
4188
3869
3887
3869
3898
3869
3900
3970
3902
3872
3874
3892
4068
3872
3893
4194
3875
3894
3875
3905
3875
3907
4072
3909
3880
3881
3882
3897
3904
3911
3880
3881
3898
3880
3882
3905
3881
3882
3912
3901
3908
3902
3915
3909
3916
3887
3888
3889
3897
3911
3888
3889
3980
4208
3887
3888
3900
3981
3887
3889
3913
4209
3902
3915
3903
3983
3917
4211
3894
3895
3896
3904
3911
3895
3896
4082
4215
3894
3895
3907
4083
3894
3896
3914
4216
3909
3916
3910
4085
3917
4218
3901
3902
3903
3901
3902
3901
3903
3995
3902
3903
3996
3997
3908
3909
3910
3908
3909
3908
3910
4097
3909
3910
4098
4099
3915
3916
3917
3915
3916
3915
3917
4223
3916
3917
4224
4225
3922
3923
3924
3939
3946
3953
3922
3923
3940
3922
3924
3947
3973
3923
3924
3954
3974
3943
3950
3945
3958
3952
3959
3976
3929
3930
3931
3939
3946
3930
3931
3929
3930
3941
3929
3931
3948
3943
3950
3944
3951
3936
3937
3938
3939
3953
3936
3937
3937
3938
3942
3960
3936
3938
3955
3961
3957
3944
3945
3958
3962
3943
3944
3945
3943
3945
3943
3944
3944
3945
3950
3951
3952
3950
3952
3994
3950
3951
3951
3952
3995
3998
3957
3958
3959
3958
3959
3963
4001
3957
3958
3964
3957
3959
4002
3965
4004
3962
3962
3964
4123
3965
3965
4017
3965
4126
3968
3970
3981
3968
3982
3971
3984
3971
3994
3971
3996
3999
3976
3977
3978
3993
4000
4007
3976
3977
3994
3976
3978
4001
3977
3978
4008
3998
4004
3999
4011
4005
4012
3983
3984
3985
3993
4007
3983
3985
4304
3983
3984
3996
3984
3985
4009
4305
3997
3999
4011
4013
4308
3990
3991
3992
4000
4007
3991
3992
4142
4311
3990
3991
4003
4014
4143
3990
3992
4010
4015
4312
4005
4012
4016
4006
4146
4013
4315
3997
3998
3999
3998
3999
3997
3998
3997
3999
4004
4005
4006
4004
4005
4017
4004
4006
4157
4005
4006
4018
4158
4019
4160
4011
4012
4013
4011
4012
4011
4013
4319
4012
4013
4320
4322
4016
4018
4176
4016
4338
4019
4019
4019
4180
4024
4025
4026
4041
4048
4055
4024
4025
4042
4024
4026
4049
4075
4025
4026
4056
4076
4045
4052
4047
4060
4054
4061
4078
4031
4032
4033
4041
4048
4032
4033
4031
4032
4043
4031
4033
4050
4045
4052
4046
4053
4038
4039
4040
4041
4055
4038
4039
4039
4040
4044
4062
4038
4040
4057
4063
4059
4046
4047
4060
4064
4045
4046
4047
4045
4047
4045
4046
4046
4047
4052
4053
4054
4052
4054
4096
4052
4053
4053
4054
4097
4100
4059
4060
4061
4060
4061
4065
4103
4059
4060
4066
4059
4061
4104
4067
4106
4064
4064
4066
4129
4067
4067
4119
4067
4132
4070
4072
4083
4070
4084
4073
4086
4073
4096
4073
4098
4101
4078
4079
4080
4095
4102
4109
4078
4079
4096
4078
4080
4103
4079
4080
4110
4100
4106
4101
4113
4107
4114
4085
4086
4087
4095
4109
4085
4087
4406
4085
4086
4098
4086
4087
4111
4407
4099
4101
4113
4115
4410
4092
4093
4094
4102
4109
4093
4094
4149
4413
4092
4093
4105
4116
4150
4092
4094
4112
4117
4414
4107
4114
4118
4108
4153
4115
4417
4099
4100
4101
4100
4101
4099
4100
4099
4101
4106
4107
4108
4106
4107
4119
4106
4108
4164
4107
4108
4120
4165
4121
4167
4113
4114
4115
4113
4114
4113
4115
4421
4114
4115
4422
4424
4118
4120
4182
4118
4440
4121
4121
4121
4186
4124
4124
4126
4127
4127
4179
4127
4130
4130
4132
4133
4133
4185
4133
4138
4139
4140
4155
4162
4169
4138
4139
4156
4138
4140
4163
4139
4140
4170
4159
4166
4161
4174
4168
4175
4145
4146
4147
4155
4169
4145
4146
4146
4147
4158
4176
4145
4147
4171
4177
4173
4160
4161
4174
4178
4152
4153
4154
4162
4169
4152
4153
4153
4154
4165
4182
4152
4154
4172
4183
4173
4167
4168
4175
4184
4159
4160
4161
4159
4161
4179
4159
4160
4160
4161
4180
4181
4166
4167
4168
4166
4168
4185
4166
4167
4167
4168
4186
4187
4173
4174
4175
4174
4175
4173
4174
4173
4175
4178
4180
4178
4500
4181
4181
4181
4184
4186
4184
4506
4187
4187
4187
4190
4209
4190
4192
4210
4193
4212
4193
4229
4245
4193
4230
4232
4196
4216
4196
4198
4217
4199
4219
4199
4236
4251
4199
4237
4239
4204
4205
4206
4221
4228
4235
4204
4205
4222
4204
4206
4229
4255
4205
4206
4236
4256
4226
4232
4227
4239
4233
4240
4258
4211
4212
4213
4221
4228
4211
4213
4304
4211
4212
4223
4212
4213
4230
4306
4225
4226
4232
4234
4309
4218
4219
4220
4221
4235
4218
4220
4406
4218
4219
4224
4219
4220
4237
4408
4225
4227
4239
4241
4411
4225
4226
4227
4226
4227
4225
4226
4225
4227
4232
4233
4234
4232
4233
4276
4232
4234
4326
4233
4234
4277
4327
4279
4329
4239
4240
4241
4239
4240
4283
4239
4241
4428
4240
4241
4284
4429
4286
4431
4244
4246
4263
4344
4244
4264
4247
4265
4247
4276
4247
4278
4348
4280
4250
4252
4270
4446
4250
4271
4253
4272
4253
4283
4253
4285
4450
4287
4258
4259
4260
4275
4282
4289
4258
4259
4276
4258
4260
4283
4259
4260
4290
4279
4286
4280
4293
4287
4294
4265
4266
4267
4275
4289
4266
4267
4358
4265
4266
4278
4359
4265
4267
4291
4280
4293
4281
4361
4295
4272
4273
4274
4282
4289
4273
4274
4460
4272
4273
4285
4461
4272
4274
4292
4287
4294
4288
4463
4295
4279
4280
4281
4279
4280
4279
4281
4373
4280
4281
4374
4375
4286
4287
4288
4286
4287
4286
4288
4475
4287
4288
4476
4477
4293
4294
4295
4293
4294
4293
4295
4294
4295
4300
4301
4302
4317
4324
4331
4300
4301
4318
4300
4302
4325
4351
4301
4302
4332
4352
4321
4328
4323
4336
4330
4337
4354
4307
4308
4309
4317
4324
4308
4309
4307
4308
4319
4307
4309
4326
4321
4328
4322
4329
4314
4315
4316
4317
4331
4314
4315
4315
4316
4320
4338
4314
4316
4333
4339
4335
4322
4323
4336
4340
4321
4322
4323
4321
4323
4321
4322
4322
4323
4328
4329
4330
4328
4330
4372
4328
4329
4329
4330
4373
4376
4335
4336
4337
4336
4337
4341
4379
4335
4336
4342
4335
4337
4380
4343
4382
4340
4340
4342
4501
4343
4343
4395
4343
4504
4346
4348
4359
4346
4360
4349
4362
4349
4372
4349
4374
4377
4354
4355
4356
4371
4378
4385
4354
4355
4372
4354
4356
4379
4355
4356
4386
4376
4382
4377
4389
4383
4390
4361
4362
4363
4371
4385
4361
4363
4361
4362
4374
4362
4363
4387
4375
4377
4389
4391
4368
4369
4370
4378
4385
4369
4370
4520
4368
4369
4381
4392
4521
4368
4370
4388
4393
4383
4390
4394
4384
4524
4391
4375
4376
4377
4376
4377
4375
4376
4375
4377
4382
4383
4384
4382
4383
4395
4382
4384
4535
4383
4384
4396
4536
4397
4538
4389
4390
4391
4389
4390
4389
4391
4390
4391
4394
4396
4554
4394
4397
4397
4397
4558
4402
4403
4404
4419
4426
4433
4402
4403
4420
4402
4404
4427
4453
4403
4404
4434
4454
4423
4430
4425
4438
4432
4439
4456
4409
4410
4411
4419
4426
4410
4411
4409
4410
4421
4409
4411
4428
4423
4430
4424
4431
4416
4417
4418
4419
4433
4416
4417
4417
4418
4422
4440
4416
4418
4435
4441
4437
4424
4425
4438
4442
4423
4424
4425
4423
4425
4423
4424
4424
4425
4430
4431
4432
4430
4432
4474
4430
4431
4431
4432
4475
4478
4437
4438
4439
4438
4439
4443
4481
4437
4438
4444
4437
4439
4482
4445
4484
4442
4442
4444
4507
4445
4445
4497
4445
4510
4448
4450
4461
4448
4462
4451
4464
4451
4474
4451
4476
4479
4456
4457
4458
4473
4480
4487
4456
4457
4474
4456
4458
4481
4457
4458
4488
4478
4484
4479
4491
4485
4492
4463
4464
4465
4473
4487
4463
4465
4574
4463
4464
4476
4464
4465
4489
4575
4477
4479
4491
4493
4578
4470
4471
4472
4480
4487
4471
4472
4527
4581
4470
4471
4483
4494
4528
4470
4472
4490
4495
4582
4485
4492
4496
4486
4531
4493
4585
4477
4478
4479
4478
4479
4477
4478
4477
4479
4484
4485
4486
4484
4485
4497
4484
4486
4542
4485
4486
4498
4543
4499
4545
4491
4492
4493
4491
4492
4491
4493
4589
4492
4493
4590
4592
4496
4498
4560
4496
4608
4499
4499
4499
4564
4502
4502
4504
4505
4505
4557
4505
4508
4508
4510
4511
4511
4563
4511
4516
4517
4518
4533
4540
4547
4516
4517
4534
4516
4518
4541
4517
4518
4548
4537
4544
4539
4552
4546
4553
4523
4524
4525
4533
4547
4523
4524
4524
4525
4536
4554
4523
4525
4549
4555
4551
4538
4539
4552
4556
4530
4531
4532
4540
4547
4530
4531
4531
4532
4543
4560
4530
4532
4550
4561
4551
4545
4546
4553
4562
4537
4538
4539
4537
4539
4557
4537
4538
4538
4539
4558
4559
4544
4545
4546
4544
4546
4563
4544
4545
4545
4546
4564
4565
4551
4552
4553
4552
4553
4551
4552
4551
4553
4556
4558
4556
4668
4559
4559
4559
4562
4564
4562
4674
4565
4565
4565
4570
4571
4572
4587
4594
4601
4570
4571
4588
4571
4572
4595
4621
4570
4572
4602
4623
4591
4605
4593
4599
4600
4606
4624
4577
4578
4579
4587
4601
4578
4579
4577
4578
4589
4577
4579
4603
4591
4605
4592
4607
4584
4585
4586
4587
4594
4584
4585
4585
4586
4590
4608
4584
4586
4596
4609
4598
4592
4593
4599
4610
4591
4592
4593
4591
4593
4591
4592
4592
4593
4598
4599
4600
4599
4600
4611
4642
4598
4599
4612
4598
4600
4643
4613
4645
4605
4606
4607
4605
4606
4656
4605
4607
4606
4607
4657
4659
4610
4610
4612
4675
4613
4613
4665
4613
4678
4616
4629
4616
4618
4630
4619
4631
4619
4656
4619
4658
4660
4624
4625
4626
4641
4648
4655
4624
4626
4642
4625
4626
4649
4624
4625
4656
4645
4659
4652
4660
4646
4653
4631
4632
4633
4648
4655
4632
4633
4742
4631
4632
4650
4743
4631
4633
4658
4652
4660
4654
4746
4661
4638
4639
4640
4641
4648
4639
4640
4695
4749
4638
4639
4644
4662
4696
4638
4640
4651
4663
4750
4646
4653
4664
4647
4699
4654
4753
4645
4646
4647
4645
4646
4665
4645
4647
4703
4646
4647
4666
4704
4667
4706
4652
4653
4654
4652
4653
4652
4654
4757
4653
4654
4758
4760
4659
4660
4661
4659
4660
4659
4661
4660
4661
4664
4666
4728
4664
4776
4667
4667
4667
4732
4670
4670
4672
4673
4673
4725
4673
4676
4676
4678
4679
4679
4731
4679
4684
4685
4686
4701
4708
4715
4684
4686
4702
4685
4686
4709
4684
4685
4716
4705
4719
4713
4720
4707
4714
4691
4692
4693
4708
4715
4691
4693
4691
4692
4710
4722
4692
4693
4718
4723
4712
4713
4720
4724
4721
4698
4699
4700
4701
4708
4698
4699
4699
4700
4704
4728
4698
4700
4711
4729
4712
4706
4707
4714
4730
4705
4706
4707
4705
4707
4731
4705
4706
4706
4707
4732
4733
4712
4713
4714
4713
4714
4712
4713
4712
4714
4719
4720
4721
4719
4720
4725
4719
4721
4720
4721
4726
4727
4724
4836
4724
4726
4727
4727
4727
4730
4732
4730
4842
4733
4733
4733
4738
4739
4740
4755
4762
4769
4738
4739
4756
4739
4740
4763
4789
4738
4740
4770
4791
4759
4773
4761
4767
4768
4774
4792
4745
4746
4747
4755
4769
4746
4747
4745
4746
4757
4745
4747
4771
4759
4773
4760
4775
4752
4753
4754
4755
4762
4752
4753
4753
4754
4758
4776
4752
4754
4764
4777
4766
4760
4761
4767
4778
4759
4760
4761
4759
4761
4759
4760
4760
4761
4766
4767
4768
4767
4768
4779
4810
4766
4767
4780
4766
4768
4811
4781
4813
4773
4774
4775
4773
4774
4824
4773
4775
4774
4775
4825
4827
4778
4778
4780
4843
4781
4781
4833
4781
4846
4784
4797
4784
4786
4798
4787
4799
4787
4824
4787
4826
4828
4792
4793
4794
4809
4816
4823
4792
4794
4810
4793
4794
4817
4792
4793
4824
4813
4827
4820
4828
4814
4821
4799
4800
4801
4816
4823
4800
4801
4910
4799
4800
4818
4911
4799
4801
4826
4820
4828
4822
4914
4829
4806
4807
4808
4809
4816
4807
4808
4863
4917
4806
4807
4812
4830
4864
4806
4808
4819
4831
4918
4814
4821
4832
4815
4867
4822
4921
4813
4814
4815
4813
4814
4833
4813
4815
4871
4814
4815
4834
4872
4835
4874
4820
4821
4822
4820
4821
4820
4822
4925
4821
4822
4926
4928
4827
4828
4829
4827
4828
4827
4829
4828
4829
4832
4834
4896
4832
4944
4835
4835
4835
4900
4838
4838
4840
4841
4841
4893
4841
4844
4844
4846
4847
4847
4899
4847
4852
4853
4854
4869
4876
4883
4852
4854
4870
4853
4854
4877
4852
4853
4884
4873
4887
4881
4888
4875
4882
4859
4860
4861
4876
4883
4859
4861
4859
4860
4878
4890
4860
4861
4886
4891
4880
4881
4888
4892
4889
4866
4867
4868
4869
4876
4866
4867
4867
4868
4872
4896
4866
4868
4879
4897
4880
4874
4875
4882
4898
4873
4874
4875
4873
4875
4899
4873
4874
4874
4875
4900
4901
4880
4881
4882
4881
4882
4880
4881
4880
4882
4887
4888
4889
4887
4888
4893
4887
4889
4888
4889
4894
4895
4892
4977
4892
4894
4895
4895
4895
4898
4900
4898
4983
4901
4901
4901
4906
4907
4908
4923
4930
4937
4906
4907
4924
4907
4908
4931
4954
4906
4908
4938
4955
4927
4941
4929
4935
4936
4942
4957
4913
4914
4915
4923
4937
4914
4915
4913
4914
4925
4913
4915
4939
4927
4941
4928
4943
4920
4921
4922
4923
4930
4920
4921
4921
4922
4926
4944
4920
4922
4932
4945
4934
4928
4929
4935
4946
4927
4928
4929
4927
4929
4927
4928
4928
4929
4934
4935
4936
4935
4936
4947
4961
4934
4935
4948
4934
4936
4962
4949
4964
4941
4942
4943
4941
4942
4968
4941
4943
4942
4943
4969
4971
4946
4946
4948
4984
4949
4949
4974
4949
4987
4952
4968
4952
4970
4972
4957
4958
4959
4960
4967
4957
4959
4961
4957
4958
4968
4958
4959
4964
4971
4972
4965
4964
4965
4966
4964
4965
4974
4964
4966
4998
4965
4966
4975
4999
4976
5001
4971
4972
4973
4971
4972
4971
4973
4972
4973
4976
4976
5014
4979
4979
4981
4982
4982
5010
4982
4985
4985
4987
4988
4988
5013
4988
4993
4994
4995
4996
5003
4993
4995
4997
4993
4994
5004
4994
4995
5000
5007
5008
5002
5000
5001
5002
5000
5002
5013
5000
5001
5001
5002
5014
5015
5007
5008
5009
5007
5008
5010
5007
5009
5008
5009
5011
5012
5012
5012
5015
5015
)


// ************************************************************************* //
