/*--------------------------------*- C++ -*----------------------------------*\
| =========                 |                                                 |
| \\      /  F ield         | OpenFOAM: The Open Source CFD Toolbox           |
|  \\    /   O peration     | Version:  2206                                  |
|   \\  /    A nd           | Website:  www.openfoam.com                      |
|    \\/     M anipulation  |                                                 |
\*---------------------------------------------------------------------------*/
FoamFile
{
    version     2.0;
    format      ascii;
    arch        "LSB;label=32;scalar=64";
    class       volScalarField;
    location    "150";
    object      p;
}
// * * * * * * * * * * * * * * * * * * * * * * * * * * * * * * * * * * * * * //

dimensions      [0 2 -2 0 0 0 0];

internalField   nonuniform List<scalar> 
10720
(
-39.1285
-108.792
-190.787
-272.089
-347.816
-425.136
-494.212
-552.735
-603.919
-644.461
-675.92
-699.436
-716.053
-726.8
-731.792
-730.416
-723.512
-710.009
-691.193
-666.755
-639.41
-611.283
-585.795
-557.752
-518.781
-470.281
-420.735
-376.799
-338.515
-302.606
-267.149
-231.913
-196.942
-161.899
-126.405
-89.493
-51.3616
-7.23616
28.4419
30.1235
93.131
159.578
221.133
273.235
311.729
332.808
338.762
334.445
319.419
297.325
273.264
249.335
226.369
205.032
185.055
166.436
148.722
131.641
114.68
97.7857
80.6421
63.3469
46.3224
31.4749
19.8499
10.3575
2.71766
-2.89597
-6.5362
-8.45008
-8.7816
-7.61277
-4.94956
-0.782318
5.25156
13.736
27.983
52.1546
57.8187
4.91229
-54.5132
-117.839
-183.126
-250.141
-315.425
-376.905
-433.861
-484.548
-528.621
-566.081
-596.945
-621.166
-638.61
-648.835
-652.552
-649.621
-640.95
-626.8
-609.216
-590.014
-571.03
-547.576
-512.438
-466.606
-418.62
-375.373
-337.357
-301.6
-266.248
-231.092
-196.207
-161.27
-125.895
-89.0952
-51.0573
-6.93133
28.1198
105.322
150.46
195.246
238.121
275.548
304.838
322.821
329.504
326.27
314.033
295.948
275.205
253.537
231.914
211.054
191.126
172.207
154.097
136.588
119.336
102.233
85.0675
67.9248
51.2398
36.5129
24.6809
15.0314
7.13503
0.960682
-3.38719
-5.92367
-6.74964
-5.96975
-3.61597
0.311682
6.16659
14.5165
28.6867
51.8991
70.2542
22.7519
-30.8759
-90.1748
-151.876
-215.351
-279.012
-340.259
-397.529
-449.792
-495.79
-535.072
-567.217
-592.213
-610.379
-622.034
-627.301
-626.16
-619.127
-606.678
-590.244
-571.425
-551.724
-528.478
-496.217
-454.703
-410.533
-369.746
-333.199
-298.503
-264.015
-229.536
-195.126
-160.494
-125.316
-88.6597
-50.7361
-6.70079
28.2044
113.001
154.307
195.152
233.579
266.465
292.139
308.55
315.765
314.388
305.142
290.272
272.039
252.109
231.623
211.392
191.809
173.023
154.975
137.507
120.361
103.393
86.4578
69.6183
53.2651
38.5818
26.4813
16.5723
8.4887
2.22032
-2.14692
-4.68423
-5.55289
-4.87004
-2.64727
1.1479
6.88651
15.1464
29.1793
51.4955
89.8782
49.9967
4.35658
-45.9325
-98.8719
-154.417
-210.918
-266.641
-320.289
-370.702
-416.759
-457.735
-493.095
-522.635
-546.227
-564.041
-575.633
-580.894
-580.025
-573.44
-562.12
-547.309
-530.078
-508.839
-479.739
-442.346
-401.757
-363.269
-328.085
-294.421
-260.853
-227.16
-193.396
-159.29
-124.516
-88.1547
-50.4348
-6.61718
28.3313
125.533
159.638
193.676
226.299
254.582
277.194
292.495
300.159
300.37
293.742
281.889
266.534
249.071
230.561
211.786
193.205
175.052
157.388
140.144
123.161
106.328
89.5645
72.9423
56.8262
42.1913
29.8963
19.7596
11.4454
4.91009
0.214423
-2.70343
-3.94655
-3.59111
-1.63082
1.97016
7.57162
15.732
29.5885
51.0451
94.5971
59.1044
18.2931
-26.9783
-74.7612
-125.475
-177.753
-230.025
-281.301
-330.427
-376.266
-418.011
-454.965
-486.607
-512.599
-532.712
-546.572
-554.174
-555.642
-551.438
-542.34
-529.419
-513.517
-493.574
-466.668
-432.221
-394.235
-357.415
-323.217
-290.336
-257.516
-224.513
-191.355
-157.783
-123.472
-87.5191
-50.1288
-6.66452
28.2816
126.398
156.652
186.941
215.987
241.206
261.671
276.142
284.126
285.626
281.18
271.933
259.195
244.074
227.5
210.214
192.708
175.289
158.114
141.202
124.484
107.893
91.3925
75.0655
59.2475
44.7414
32.3282
21.9897
13.4576
6.69262
1.76256
-1.36279
-2.77122
-2.54499
-0.694341
2.81023
8.32268
16.3888
30.0312
50.5851
96.9808
65.5317
29.193
-11.0886
-53.6049
-99.0567
-146.178
-193.716
-240.95
-286.83
-330.395
-370.88
-407.541
-439.757
-467.083
-489.14
-505.758
-516.721
-521.982
-521.765
-516.565
-507.126
-494.008
-476.469
-452.337
-421.08
-385.932
-351.082
-318.141
-286.2
-254.175
-221.847
-189.268
-156.213
-122.368
-86.8469
-49.8525
-6.87277
28.0212
125.168
151.892
178.847
204.889
227.628
246.385
260.163
268.34
270.825
268.111
261.041
250.626
237.742
223.165
207.559
191.391
174.995
158.58
142.234
125.96
109.742
93.5855
77.5908
62.0752
47.7216
35.2393
24.7342
16.0165
9.05096
3.90151
0.550389
-1.08902
-1.09331
0.535339
3.8405
9.18088
17.0889
30.4568
50.0831
95.8961
67.5107
34.6275
-1.851
-40.2736
-81.5638
-124.598
-168.283
-212.136
-255.229
-296.732
-335.963
-372.17
-404.696
-433.01
-456.646
-475.21
-488.37
-495.928
-498.036
-495.098
-487.716
-476.33
-460.478
-438.598
-410.179
-377.711
-344.803
-313.129
-282.126
-250.897
-219.238
-187.213
-154.638
-121.244
-86.1806
-49.6552
-7.27086
27.5209
121.364
145.439
169.853
193.547
214.32
231.709
244.878
253.132
256.363
255.011
249.728
241.308
230.44
217.753
203.816
189.044
173.763
158.216
142.54
126.796
111.02
95.2595
79.6329
64.4429
50.2798
37.7875
27.1581
18.2788
11.1242
5.75745
2.17558
0.311116
0.0995553
1.547
4.70116
9.91397
17.6947
30.7835
49.5049
93.3629
67.5858
37.6672
4.50686
-30.3226
-67.8636
-107.084
-147.031
-187.391
-227.373
-266.259
-303.484
-338.355
-370.233
-398.549
-422.785
-442.456
-457.283
-467.024
-471.654
-471.377
-466.556
-457.447
-443.722
-424.271
-398.675
-368.877
-337.98
-307.675
-277.706
-247.359
-216.452
-185.055
-153.009
-120.084
-85.4887
-49.5013
-7.82007
26.7436
116.527
138.38
160.669
182.41
201.55
217.803
230.413
238.652
242.439
242.149
238.313
231.575
222.483
211.542
199.224
185.879
171.808
157.255
142.383
127.297
112.073
96.7926
81.5938
66.7669
52.839
40.3967
29.6916
20.684
13.3662
7.80358
4.00946
1.932
1.5144
2.76701
5.74353
10.791
18.3979
31.138
48.9256
89.7781
66.1688
38.7363
8.35557
-23.4517
-57.7888
-93.722
-130.392
-167.625
-204.731
-241.114
-276.315
-309.713
-340.711
-368.752
-393.29
-413.815
-429.934
-441.333
-447.832
-449.514
-446.627
-439.341
-427.438
-410.137
-387.095
-359.8
-330.878
-301.972
-273.073
-243.639
-213.516
-182.779
-151.301
-118.879
-84.7703
-49.3455
-8.43847
25.7067
111.027
131.045
151.566
171.666
189.428
204.712
216.802
224.966
229.152
229.686
227.015
221.679
214.124
204.753
193.95
181.999
169.161
155.664
141.677
127.33
112.73
97.99
83.2617
68.829
55.1721
42.8299
32.0922
22.9856
15.5251
9.78034
5.77982
3.48904
2.86267
3.91961
6.71999
11.6038
19.0336
31.4072
48.2841
85.6512
63.9014
38.6136
10.6433
-18.5443
-50.0749
-83.0809
-116.787
-151.117
-185.466
-219.346
-252.391
-284.051
-313.806
-341.125
-365.459
-386.292
-403.183
-415.805
-423.901
-427.406
-426.426
-421.016
-411.001
-395.831
-375.238
-350.373
-323.435
-295.984
-268.208
-239.727
-210.424
-180.38
-149.501
-117.616
-84.0283
-49.1737
-9.10021
24.4865
105.261
123.715
142.726
161.42
177.997
192.429
204.034
212.078
216.539
217.709
215.975
211.799
205.555
197.572
188.158
177.536
165.923
153.515
140.474
126.94
113.04
98.9056
84.7014
70.7048
57.3627
45.1759
34.4572
25.2896
17.7152
11.8107
7.6197
5.12629
4.29641
5.1558
7.77156
12.4746
19.7002
31.6585
47.6124
81.2311
61.0873
37.6586
11.7792
-15.1303
-44.2076
-74.6371
-105.713
-137.417
-169.226
-200.74
-231.68
-261.564
-289.939
-316.326
-340.207
-361.062
-378.439
-391.948
-401.284
-406.246
-406.848
-403.077
-394.783
-381.579
-363.255
-340.69
-315.701
-289.732
-263.118
-235.625
-207.175
-177.86
-147.612
-116.297
-83.2678
-48.9947
-9.82289
23.1334
99.4248
116.533
134.237
151.71
167.255
180.926
192.069
199.964
204.605
206.263
205.277
202.058
196.927
190.154
181.992
172.611
162.179
150.859
138.796
126.124
112.979
99.503
85.8676
72.3437
59.3556
47.373
36.7204
27.528
19.8662
13.822
9.45368
6.76397
5.73278
6.39372
8.82149
13.3361
20.3432
31.8598
46.904
76.7009
57.9655
36.1704
12.1299
-12.7804
-39.6908
-67.8296
-96.5453
-125.869
-155.334
-184.617
-213.506
-241.59
-268.485
-293.762
-316.94
-337.525
-355.059
-369.122
-379.394
-385.57
-387.572
-385.32
-378.666
-367.325
-351.132
-330.753
-307.679
-283.216
-257.802
-231.333
-203.772
-175.22
-145.638
-114.925
-82.4937
-48.8283
-10.6164
21.6569
93.6571
109.59
126.147
142.539
157.178
170.158
180.857
188.586
193.333
195.362
194.976
192.542
188.349
182.624
175.576
167.332
158.018
147.762
136.684
124.904
112.556
99.7861
86.7624
73.7506
61.1571
49.4274
38.8904
29.7132
21.9957
15.8364
11.3089
8.43474
7.20853
7.67109
9.90523
14.2182
20.9852
32.0255
46.1647
72.1776
54.6849
34.3378
11.9264
-11.2155
-36.2019
-62.2998
-88.8989
-116.069
-143.397
-170.605
-197.548
-223.871
-249.256
-273.33
-295.656
-315.774
-333.235
-347.598
-358.536
-365.671
-368.842
-367.923
-362.764
-353.144
-338.926
-320.608
-299.396
-276.448
-252.265
-226.852
-200.213
-172.458
-143.577
-113.501
-81.7053
-48.6871
-11.4796
20.0651
88.036
102.936
118.472
133.901
147.73
160.081
170.356
177.9
182.699
185.005
185.096
183.307
179.902
175.079
169.013
161.797
153.524
144.289
134.182
123.306
111.782
99.7504
87.3746
74.9109
62.7501
51.3181
40.9435
31.8217
24.0798
17.8307
13.1624
10.1153
8.69998
8.96489
11.0015
15.1031
21.6124
32.1505
45.3969
67.7365
51.3514
32.2988
11.3431
-10.2215
-33.4886
-57.7591
-82.4542
-107.677
-133.049
-158.339
-183.445
-208.071
-231.95
-254.769
-276.138
-295.628
-312.814
-327.254
-338.612
-346.484
-350.629
-350.882
-347.085
-339.055
-326.668
-310.286
-290.874
-269.44
-246.511
-222.182
-196.495
-169.571
-141.425
-112.022
-80.9003
-48.5724
-12.4105
18.3704
82.6141
96.5913
111.216
125.777
138.876
150.644
160.515
167.864
172.671
175.182
175.652
174.392
171.646
167.595
162.387
156.093
148.777
140.505
131.341
121.362
110.673
99.403
87.7045
75.8211
64.1288
53.0371
42.8707
33.8453
26.1128
19.8013
15.0133
11.8076
10.2115
10.281
12.1163
15.9953
22.2281
32.2391
44.6047
63.4253
48.0366
30.1491
10.5037
-9.6463
-31.3692
-53.9926
-76.9722
-100.427
-124.011
-147.53
-170.921
-193.932
-216.347
-237.898
-258.244
-276.996
-293.757
-308.099
-319.676
-328.083
-333.011
-334.268
-331.687
-325.104
-314.401
-299.827
-282.142
-262.208
-240.548
-217.326
-192.621
-166.56
-139.184
-110.489
-80.0786
-48.48
-13.4068
16.5804
77.4211
90.5683
104.368
118.143
130.575
141.802
151.288
158.434
163.216
165.873
166.643
165.815
163.623
160.23
155.77
150.296
143.85
136.474
128.208
119.105
109.251
98.7543
87.7547
76.4781
65.2856
54.5732
44.6581
35.7697
28.0809
21.7354
16.8501
13.5014
11.7338
11.6109
13.242
16.8885
22.8276
32.2916
43.792
59.2744
44.7896
27.9573
9.49907
-9.37477
-29.7004
-50.8336
-72.2596
-94.1065
-116.057
-137.948
-159.743
-181.229
-202.231
-222.527
-241.818
-259.757
-275.979
-290.078
-301.699
-310.463
-316.005
-318.108
-316.599
-311.324
-302.16
-289.267
-273.23
-254.77
-234.387
-212.29
-188.59
-163.424
-136.852
-108.901
-79.2398
-48.4083
-14.4606
14.7016
72.4717
84.8678
97.916
110.973
122.792
133.515
142.633
149.571
154.303
157.059
158.065
157.59
155.861
153.029
149.217
144.466
138.805
132.255
124.835
116.576
107.54
97.8189
87.5304
76.8817
66.2177
55.9193
46.2956
37.5836
29.9735
23.6237
18.6651
15.1909
13.2627
12.952
14.3766
17.7813
23.4101
32.3106
42.9629
55.3036
41.6415
25.7708
8.39529
-9.3207
-28.376
-48.1568
-68.1692
-88.551
-109.01
-129.402
-149.714
-169.767
-189.421
-208.492
-226.724
-243.806
-259.408
-273.15
-284.678
-293.639
-299.64
-302.44
-301.861
-297.753
-289.987
-278.647
-264.171
-247.148
-228.039
-207.081
-184.407
-160.164
-134.429
-107.258
-78.3841
-48.3559
-15.5645
12.7416
67.7717
79.4842
91.8435
104.24
115.493
125.742
134.508
141.237
145.897
148.718
149.906
149.72
148.377
146.024
142.772
138.658
133.699
127.903
121.27
113.813
105.573
96.6168
87.043
77.0363
66.9229
57.0691
47.7735
39.2757
31.7791
25.4553
20.4483
16.8675
14.7911
14.2983
15.5152
18.6697
23.9734
32.2981
42.1216
51.5227
38.6137
23.6268
7.24009
-9.41687
-27.3151
-45.86
-64.5842
-83.6267
-102.717
-121.73
-140.67
-159.383
-177.762
-195.652
-212.834
-229.037
-243.962
-257.259
-268.582
-277.606
-283.929
-287.288
-287.502
-284.425
-277.919
-268.005
-254.997
-239.366
-221.52
-201.707
-180.077
-156.782
-131.916
-105.559
-77.5098
-48.3218
-16.7096
10.7126
63.3209
74.4064
86.1302
97.9167
108.644
118.447
126.876
133.395
137.971
140.825
142.155
142.203
141.184
139.237
136.469
132.913
128.579
123.465
117.559
110.857
103.378
95.1699
86.3064
76.9487
67.4028
58.0191
49.084
40.836
33.4868
27.2196
22.1904
18.5231
16.312
15.6445
16.6535
19.5506
24.5159
32.257
41.2732
47.9351
35.7202
21.5463
6.07156
-9.61643
-26.452
-43.8656
-61.4085
-79.2257
-97.0599
-114.802
-132.472
-149.937
-167.111
-183.872
-200.029
-215.349
-229.563
-242.351
-253.385
-262.356
-268.881
-272.674
-273.551
-271.372
-265.992
-257.379
-245.745
-231.45
-214.847
-196.179
-175.606
-153.282
-129.313
-103.804
-76.6162
-48.3042
-17.888
8.62591
59.1156
69.6227
80.7588
91.9798
102.214
111.597
119.703
126.012
130.492
133.357
134.794
135.034
134.286
132.685
130.333
127.265
123.485
118.986
113.746
107.746
100.989
93.502
85.3361
76.6281
67.6615
58.7683
50.2216
42.2557
35.0865
28.9061
23.8813
20.1488
17.8178
16.9843
17.7864
20.4203
25.036
32.1898
40.4223
44.5416
32.9691
19.547
4.91415
-9.88037
-25.7389
-42.111
-58.5705
-75.2611
-91.9401
-108.51
-125.004
-141.304
-157.346
-173.033
-188.201
-202.648
-216.135
-228.37
-239.049
-247.875
-254.496
-258.609
-260.03
-258.623
-254.241
-246.807
-236.448
-223.429
-208.041
-190.511
-171.001
-149.667
-126.623
-101.994
-75.7014
-48.2998
-19.0908
6.49455
55.149
65.1208
75.7108
86.4045
96.1765
105.16
112.956
119.059
123.436
126.293
127.81
128.205
127.683
126.377
124.385
121.742
118.452
114.503
109.867
104.516
98.438
91.6397
84.1524
76.088
67.7052
59.317
51.1823
43.5273
36.5688
30.505
25.5111
21.7356
19.3007
18.3112
18.9086
21.2751
25.5323
32.0993
39.5734
41.3391
30.3633
17.6401
3.78821
-10.181
-25.1364
-40.5484
-56.009
-71.6614
-87.2754
-102.765
-118.169
-133.387
-148.37
-163.039
-177.259
-190.851
-203.605
-215.26
-225.534
-234.142
-240.769
-245.101
-246.956
-246.205
-242.698
-236.326
-227.143
-215.332
-201.122
-184.717
-166.273
-145.942
-123.847
-100.129
-74.7636
-48.3044
-20.3086
4.33204
51.4142
60.8875
70.9679
81.1675
90.5046
99.1107
106.609
112.51
116.776
119.611
121.185
121.706
121.374
120.319
118.638
116.365
113.506
110.048
105.958
101.202
95.7556
89.61
82.7766
75.3427
67.5423
59.6685
51.964
44.6449
37.9254
32.0065
27.07
23.2741
20.7523
19.6181
20.0147
22.1114
26.0037
31.9885
38.7314
38.3236
27.904
15.8314
2.70701
-10.4962
-24.6147
-39.1376
-53.6757
-68.3673
-82.9982
-97.4888
-111.884
-126.096
-140.087
-153.799
-167.112
-179.877
-191.906
-202.965
-212.798
-221.132
-227.689
-232.154
-234.343
-234.139
-231.393
-225.969
-217.865
-207.189
-194.115
-178.814
-161.433
-142.116
-120.991
-98.2099
-73.8007
-48.3132
-21.5309
2.15302
47.9015
56.9094
66.5121
76.2477
85.1743
93.4225
100.635
106.337
110.49
113.292
114.904
115.527
115.353
114.512
113.099
111.149
108.67
105.648
102.05
97.8358
92.9729
87.4397
81.23
74.4083
67.184
59.8284
52.5672
45.6048
39.1492
33.4018
28.5486
24.7549
22.1642
20.8976
21.0986
22.9252
26.4488
31.86
37.9008
35.4893
25.5892
14.1256
1.68058
-10.8112
-24.1505
-37.8483
-51.5307
-65.3343
-79.0536
-92.6194
-106.079
-119.354
-132.42
-145.231
-157.685
-169.653
-180.972
-191.432
-200.8
-208.819
-215.243
-219.764
-222.203
-222.446
-220.353
-215.769
-208.646
-199.032
-187.044
-172.821
-156.494
-138.196
-118.056
-96.2371
-72.8105
-48.321
-22.7487
-0.0291519
44.6009
53.1741
62.3282
71.6258
80.1648
88.0725
95.0102
100.517
104.554
107.315
108.951
109.655
109.615
108.957
107.775
106.107
103.961
101.325
98.1673
94.4444
90.1177
85.155
79.5357
73.3035
66.6432
59.804
52.9943
46.4043
40.2345
34.6831
29.9377
26.1689
23.5277
22.1422
22.1545
23.7126
26.8667
31.7167
37.086
32.8297
23.4166
12.5238
0.715037
-11.1125
-23.7257
-36.6554
-49.5431
-62.5214
-75.397
-88.1049
-100.696
-113.1
-125.302
-137.266
-148.908
-160.115
-170.744
-180.608
-189.498
-197.173
-203.413
-207.926
-210.537
-211.139
-209.6
-205.756
-199.52
-190.891
-179.935
-166.758
-151.469
-134.19
-115.049
-94.2118
-71.7906
-48.3211
-23.9506
-2.19929
41.5032
49.6678
58.3997
67.2844
75.456
83.0385
89.712
95.0283
98.9498
101.662
103.311
104.079
104.15
103.65
102.667
101.245
99.3915
97.0982
94.3331
91.0532
87.2159
82.7813
77.7166
72.0471
65.934
59.6045
53.2489
47.0433
41.1772
35.8434
31.229
27.5071
24.834
23.3438
23.1762
24.4697
27.2565
31.561
36.291
30.3371
21.3823
11.026
-0.185768
-11.3911
-23.326
-35.5384
-47.6856
-59.897
-71.9881
-83.8992
-95.6827
-107.277
-118.673
-129.844
-140.719
-151.201
-161.165
-170.445
-178.851
-186.163
-192.179
-196.632
-199.348
-200.23
-199.155
-195.956
-190.517
-182.796
-172.815
-160.645
-146.375
-130.111
-111.974
-92.1361
-70.7378
-48.3072
-25.1263
-4.34326
38.5987
46.3788
54.712
63.2053
71.0281
78.3006
84.7204
89.8522
93.6575
96.3165
97.9681
98.7866
98.952
98.5856
97.7767
96.5679
94.9718
92.9808
90.5652
87.6835
84.2908
80.3417
75.7943
70.6581
65.0715
59.2406
53.3375
47.5229
41.9744
36.8773
32.4149
28.7609
26.0748
24.4948
24.1574
25.1925
27.6171
31.3952
35.5196
28.0046
19.4818
9.6306
-1.01971
-11.6415
-22.9408
-34.4824
-45.9385
-57.4349
-68.7954
-79.9658
-90.9979
-101.837
-112.482
-122.91
-133.063
-142.858
-152.184
-160.894
-168.819
-175.756
-181.52
-185.869
-188.635
-189.727
-189.036
-186.394
-181.665
-174.775
-165.71
-154.506
-141.229
-125.969
-108.84
-90.0104
-69.6503
-48.2713
-26.2645
-6.4459
35.8777
43.295
51.2509
59.3728
66.864
73.8406
80.0161
84.969
88.6592
91.2613
92.9081
93.766
94.0104
93.7593
93.1007
92.0784
90.7078
88.9834
86.8787
84.3537
81.363
77.8578
73.7897
69.1548
64.0715
58.724
53.2672
47.8461
42.6253
37.7802
33.4887
29.9225
27.2419
25.5875
25.0918
25.877
27.9477
31.2212
34.7746
25.825
17.7095
8.33568
-1.78578
-11.8588
-22.5614
-33.4746
-44.2842
-55.1128
-65.7917
-76.2721
-86.6048
-96.7419
-106.684
-116.418
-125.892
-135.036
-143.754
-151.914
-159.364
-165.921
-171.412
-175.624
-178.391
-179.633
-179.255
-177.091
-172.991
-166.857
-158.645
-148.363
-136.049
-121.777
-105.652
-87.8391
-68.5248
-48.2067
-27.3562
-8.4927
33.3304
40.4044
48.0031
55.7727
62.9477
69.6422
75.5825
80.3615
83.938
86.4811
88.117
89.005
89.3153
89.1634
88.6357
87.7767
86.6041
85.1151
83.2859
81.0791
78.4504
75.3495
71.723
67.557
62.9504
58.0678
53.0468
48.0176
43.1303
38.5493
34.4448
30.9846
28.3275
26.6146
25.9735
26.5193
28.2474
31.0405
34.0588
23.7906
16.0607
7.1375
-2.48383
-12.0407
-22.1818
-32.5046
-42.7094
-52.9129
-62.9555
-72.792
-82.4733
-91.9547
-101.242
-110.327
-119.163
-127.694
-135.833
-143.464
-150.45
-156.627
-161.831
-165.88
-168.609
-169.951
-169.822
-168.063
-164.518
-159.069
-151.648
-142.237
-130.851
-117.548
-102.419
-85.623
-67.3592
-48.1065
-28.39
-10.4707
30.9476
37.6967
44.9567
52.3908
59.2644
65.6892
71.4034
76.0137
79.4785
81.961
83.5816
84.492
84.858
84.7914
84.3775
83.6614
82.6625
81.3808
79.7957
77.8724
75.5685
72.8342
69.6128
65.8819
61.7241
57.2851
52.6863
48.043
43.4913
39.183
35.2792
31.941
29.3242
27.5688
26.7965
27.1157
28.5151
30.8544
33.3739
21.8939
14.5293
6.03304
-3.11532
-12.1853
-21.7978
-31.5652
-41.202
-50.82
-60.2677
-69.5022
-78.5754
-87.4459
-96.1216
-104.598
-112.838
-120.791
-128.381
-135.506
-142.043
-147.843
-152.755
-156.62
-159.282
-160.68
-160.744
-159.327
-156.266
-151.434
-144.743
-136.152
-125.657
-113.296
-99.1499
-83.3661
-66.1512
-47.9615
-29.3571
-12.3673
28.7206
35.1615
42.0996
49.2139
55.8
61.9666
67.4636
71.9105
75.2657
77.6869
79.2885
80.2152
80.6278
80.6353
80.3201
79.7291
78.883
77.784
76.4148
74.7437
72.7309
70.3271
67.4752
64.1462
60.408
56.3892
52.1962
47.9299
43.712
39.6814
35.9884
32.7866
30.2259
28.4437
27.5552
27.6625
28.7498
30.6635
32.7211
20.128
13.1097
5.01854
-3.68208
-12.2921
-21.4053
-30.6498
-39.7525
-48.8212
-57.7113
-66.3835
-74.8882
-83.1881
-91.2929
-99.2016
-106.882
-114.291
-121.363
-128.006
-134.11
-139.541
-144.16
-147.826
-150.395
-151.814
-152.026
-150.893
-148.253
-143.973
-137.951
-130.129
-120.483
-109.036
-95.8528
-81.0721
-64.8985
-47.7662
-30.2473
-14.1703
26.641
32.7886
39.4206
46.2305
52.5416
58.4608
63.7491
68.0378
71.2862
73.6456
75.2253
76.1633
76.6145
76.6864
76.4578
75.9765
75.2648
74.3265
73.1479
71.7008
69.9476
67.8414
65.3251
62.3654
59.0175
55.394
51.5878
47.6861
43.7968
40.0456
36.571
33.5172
31.0271
29.2334
28.2445
28.1562
28.9504
30.4683
32.1007
18.4858
11.7965
4.08973
-4.18611
-12.3611
-21.0028
-29.754
-38.3541
-46.9066
-55.2742
-63.4196
-71.3927
-79.1595
-86.7306
-94.1083
-101.265
-108.164
-114.746
-120.931
-126.621
-131.694
-136.02
-139.481
-141.938
-143.35
-143.669
-142.769
-140.494
-136.706
-131.296
-124.189
-115.35
-104.781
-92.5385
-78.7445
-63.6004
-47.5135
-31.0531
-15.8693
24.7003
30.5694
36.9096
43.4287
49.477
55.1592
60.2464
64.3829
67.527
69.8249
71.3803
72.3251
72.8092
72.9362
72.7835
72.3985
71.805
71.0084
69.9982
68.7495
67.2277
65.3883
63.1757
60.5536
57.5665
54.3128
50.8724
47.3206
43.7518
40.2784
37.0265
34.13
31.7233
29.9327
28.8598
28.5937
29.1157
30.2684
31.5125
16.9605
10.5839
3.24262
-4.63005
-12.3932
-20.5887
-28.8743
-37.0011
-45.0684
-52.945
-60.597
-68.0724
-75.3404
-82.4126
-89.294
-95.9604
-102.38
-108.502
-114.254
-119.548
-124.275
-128.315
-131.564
-133.897
-135.278
-135.671
-134.962
-133.001
-129.649
-124.795
-118.353
-110.273
-100.548
-89.216
-76.3882
-62.256
-47.1976
-31.7666
-17.4551
22.8907
28.4949
34.5567
40.7977
46.5948
52.0497
56.9437
60.9331
63.9755
66.2125
67.7423
68.6907
69.2019
69.3767
69.2902
68.99
68.5002
67.8288
66.9673
65.894
64.5779
62.9771
61.0384
58.7238
56.0684
53.1582
50.0617
46.8428
43.5836
40.3834
37.356
34.6237
32.3113
30.5376
29.3972
28.9719
29.2443
30.0633
30.9553
15.5454
9.46642
2.47297
-5.01665
-12.3892
-20.1624
-28.0076
-35.6877
-43.2981
-50.7134
-57.9027
-64.9121
-71.7137
-78.3199
-84.7368
-90.9446
-96.9155
-102.605
-107.948
-112.866
-117.26
-121.022
-124.059
-126.259
-127.591
-128.031
-127.475
-125.781
-122.817
-118.465
-112.637
-105.272
-96.3488
-85.8958
-74.0082
-60.8644
-46.8138
-32.3812
-18.9189
21.2049
26.5565
32.3526
38.3277
43.8842
49.1213
53.8295
57.6765
60.6206
62.7975
64.3004
65.2489
65.7827
65.9992
65.9708
65.745
65.3468
64.7852
64.0549
63.1368
62.0032
60.6153
58.9226
56.8868
54.5352
51.9422
49.1668
46.2626
43.2999
40.3659
37.5616
34.9978
32.7888
31.0447
29.8531
29.2882
29.3348
29.8519
30.4275
14.2341
8.4388
1.77649
-5.3488
-12.3507
-19.7237
-27.1522
-34.4109
-41.5901
-48.5717
-55.3265
-61.899
-68.2638
-74.4342
-80.4173
-86.1961
-91.7467
-97.0302
-101.988
-106.549
-110.626
-114.119
-116.946
-119.008
-120.279
-120.743
-120.308
-118.844
-116.22
-112.322
-107.058
-100.36
-92.1981
-82.5877
-71.6097
-59.4273
-46.3574
-32.8914
-20.2545
19.6355
24.7462
30.2886
36.0094
41.3354
46.3635
50.8927
54.6025
57.4509
59.5685
61.0437
61.9902
62.5424
62.7949
62.8175
62.6573
62.3395
61.875
61.2601
60.4791
59.5071
58.3087
56.8363
55.0524
52.9777
50.6764
48.1988
45.5897
42.9088
40.2314
37.6467
35.2535
33.1551
31.4521
30.2251
29.5404
29.3859
29.6329
29.9265
13.0209
7.49566
1.14903
-5.62959
-12.2796
-19.273
-26.3072
-33.1672
-39.9404
-46.5135
-52.86
-59.023
-64.9788
-70.7413
-76.3185
-81.696
-86.8534
-91.7559
-96.3514
-100.576
-104.351
-107.587
-110.208
-112.13
-113.33
-113.801
-113.462
-112.191
-109.867
-106.378
-101.631
-95.5539
-88.109
-79.302
-69.1986
-57.9453
-45.8266
-33.2933
-21.4562
18.1757
23.0565
28.3563
33.8336
38.9387
43.7661
48.1233
51.7008
54.4564
56.5155
57.9625
58.9048
59.4723
59.7559
59.8233
59.7205
59.4738
59.0946
58.5813
57.9211
57.0919
56.0618
54.7864
53.229
51.4056
49.3711
47.1682
44.8339
42.4187
39.9868
37.6159
35.393
33.4104
31.7587
30.5114
29.7269
29.3963
29.4044
29.4495
11.8995
6.63214
0.586378
-5.86207
-12.1776
-18.8106
-25.471
-31.9544
-38.3444
-44.5326
-50.4954
-56.2739
-61.8465
-67.2274
-72.4253
-77.4278
-82.2171
-86.7631
-91.0187
-94.927
-98.4163
-101.405
-103.828
-105.609
-106.733
-107.197
-106.932
-105.826
-103.764
-100.642
-96.3666
-90.8654
-84.0936
-76.0481
-66.7813
-56.4208
-45.2196
-33.5837
-22.5203
16.8191
21.4803
26.548
31.7922
36.6855
41.3201
45.5115
48.9611
51.6269
53.6289
55.0474
55.9837
56.5633
56.8737
56.9803
56.9282
56.7439
56.4397
56.016
55.4622
54.759
53.8777
52.7779
51.424
49.8275
48.0358
46.0849
44.0051
41.8384
39.6393
37.4744
35.4197
33.5563
31.9647
30.7111
29.8464
29.3645
29.1645
28.9931
10.8645
5.84323
0.0844881
-6.04946
-12.0469
-18.3379
-24.6439
-30.7709
-36.7987
-42.6245
-48.2261
-53.6438
-58.8571
-63.8807
-68.7238
-73.376
-77.8216
-82.0339
-85.971
-89.5822
-92.8018
-95.5571
-97.7889
-99.4326
-100.477
-100.924
-100.714
-99.7467
-97.9158
-95.1218
-91.2764
-86.306
-80.1625
-72.8353
-64.3636
-54.8568
-44.5356
-33.7613
-23.4444
15.5595
20.0107
24.8563
29.877
34.5672
39.0165
43.0485
46.3747
48.9533
50.8993
52.2889
53.218
53.807
54.1406
54.2812
54.2737
54.1443
53.9061
53.5609
53.1006
52.5084
51.7589
50.8149
49.6429
48.2507
46.6791
44.9581
43.1125
41.1768
39.1966
37.2287
35.3381
33.5955
32.0713
30.8242
29.8981
29.2894
28.911
28.5535
9.91054
5.12438
-0.360564
-6.19459
-11.8896
-17.8554
-23.8255
-29.6152
-35.3006
-40.7846
-46.0467
-51.1254
-56.002
-60.6911
-65.2026
-69.5271
-73.6516
-77.5523
-81.1917
-84.5238
-87.4903
-90.0248
-92.0746
-93.5848
-94.5472
-94.9702
-94.8022
-93.9522
-92.3232
-89.8231
-86.3677
-81.8854
-76.3259
-69.6722
-61.9522
-53.257
-43.7761
-33.8255
-24.2275
14.3906
18.6414
23.2741
28.0806
32.5759
36.8472
40.7255
43.9327
46.4267
48.318
49.6784
50.5989
51.1951
51.5483
51.7189
51.7504
51.6691
51.4887
51.2126
50.8342
50.3399
49.7064
48.9004
47.8906
46.6818
45.3086
43.7965
42.1651
40.4426
38.6669
36.8854
35.1536
33.5317
32.0806
30.8516
29.8821
29.1701
28.6416
28.1269
9.03258
4.47078
-0.752532
-6.30059
-11.7078
-17.3645
-23.0158
-28.4859
-33.8481
-39.0098
-43.9522
-48.7123
-53.2731
-57.6494
-61.8506
-65.8691
-69.694
-73.3038
-76.665
-79.7363
-82.4652
-84.792
-86.6694
-88.0512
-88.9329
-89.3269
-89.1891
-88.4384
-86.9864
-84.7487
-81.6465
-77.6114
-72.5923
-66.5671
-59.5537
-51.6257
-42.9431
-33.7778
-24.8704
13.3071
17.3659
21.7949
26.3959
30.7042
34.8043
38.5345
41.6267
44.0388
45.8766
47.2078
48.1185
48.7197
49.0896
49.286
49.3517
49.3126
49.1829
48.9672
48.6607
48.2519
47.7207
47.0368
46.1711
45.1261
43.9312
42.6077
41.1712
39.6444
38.0582
36.4521
34.8722
33.3696
31.9959
30.7952
29.7987
29.0058
28.3541
27.7091
8.22569
3.87839
-1.09523
-6.37047
-11.5037
-16.8664
-22.2151
-27.3827
-32.4391
-37.2966
-41.9379
-46.3988
-50.6635
-54.7467
-58.658
-62.391
-65.9363
-69.2748
-72.3766
-75.2045
-77.7112
-79.8434
-81.5585
-82.8182
-83.6212
-83.9829
-83.8666
-83.2
-81.9034
-79.9
-77.1172
-73.4901
-68.9686
-63.5272
-57.1744
-49.9679
-42.04
-33.6205
-25.3748
12.3037
16.1789
20.4125
24.8164
28.945
32.8805
36.4681
39.449
41.7817
43.5669
44.8689
45.769
46.3731
46.757
46.9757
47.0712
47.069
46.9836
46.8205
46.577
46.2431
45.8016
45.2253
44.4872
43.5881
42.5528
41.399
40.1389
38.7906
37.379
35.9363
34.5008
33.1147
31.8212
30.6574
29.649
28.7961
28.0463
27.2961
7.48523
3.34291
-1.39209
-6.4071
-11.2794
-16.3627
-21.424
-26.305
-31.0721
-35.6426
-40.0005
-44.1802
-48.1672
-51.976
-55.6162
-59.0826
-62.3672
-65.4531
-68.3133
-70.9144
-73.2141
-75.1644
-76.7277
-77.8719
-78.5992
-78.9273
-78.8258
-78.2304
-77.0705
-75.2762
-72.7814
-69.5258
-65.461
-60.5589
-54.8206
-48.2892
-41.0711
-33.3576
-25.7438
11.3752
15.0746
19.1212
23.3357
27.2917
31.0688
34.5187
37.3923
39.6479
41.3818
42.6545
43.5428
44.1483
44.5436
44.7815
44.9026
44.9325
44.8857
44.7687
44.5799
44.3115
43.9484
43.4666
42.8414
42.0717
41.1787
40.1768
39.0755
37.8891
36.6373
35.3462
34.0466
32.7732
31.5613
30.4417
29.4349
28.5409
27.7163
26.884
6.80676
2.86051
-1.64657
-6.41324
-11.0371
-15.8546
-20.6428
-25.2523
-29.746
-34.0455
-38.1365
-42.0519
-45.7784
-49.3301
-52.7173
-55.935
-58.9765
-61.8272
-64.4628
-66.8531
-68.9602
-70.7411
-72.1629
-73.199
-73.8543
-74.1486
-74.057
-73.5224
-72.4825
-70.8748
-68.6396
-65.7213
-62.0738
-57.6679
-52.4983
-46.5953
-40.0419
-32.9937
-25.9821
10.5167
14.0478
17.9149
21.9478
25.7379
29.3625
32.6799
35.4496
37.6302
39.3137
40.5573
41.433
42.0383
42.4426
42.6967
42.84
42.8977
42.8845
42.8073
42.666
42.4545
42.1599
41.7609
41.235
40.58
39.8131
38.9467
37.9879
36.9476
35.8412
34.6895
33.517
32.3516
31.2217
30.152
29.1585
28.2407
27.3624
26.4691
6.18616
2.42726
-1.86182
-6.39162
-10.7786
-15.3433
-19.8725
-24.2245
-28.4594
-32.5032
-36.3427
-40.0097
-43.4919
-46.8033
-49.9538
-52.9396
-55.7551
-58.3871
-60.8138
-63.0086
-64.9368
-66.5607
-67.851
-68.7865
-69.3741
-69.6352
-69.5498
-69.0677
-68.1336
-66.6925
-64.6907
-62.0779
-58.8105
-54.859
-50.2134
-44.8923
-38.9583
-32.535
-26.095
9.72382
13.0937
16.7886
20.6472
24.2778
27.7556
30.945
33.614
35.722
37.3562
38.5705
39.4327
40.0363
40.4475
40.7152
40.8775
40.9591
40.9747
40.9321
40.8321
40.67
40.4348
40.1081
39.6694
39.1153
38.4602
37.7141
36.8824
35.9732
34.9984
33.9742
32.9199
31.8572
30.8084
29.793
28.8227
27.8962
26.9831
26.0479
5.61941
2.03976
-2.04108
-6.3447
-10.5062
-14.8303
-19.1133
-23.2213
-27.2114
-31.0139
-34.6167
-38.0501
-41.3033
-44.3897
-47.3192
-50.0887
-52.6938
-55.1226
-57.3558
-59.3691
-61.132
-62.6106
-63.7794
-64.6218
-65.1464
-65.3757
-65.2938
-64.8571
-64.0168
-62.7244
-60.9324
-58.5955
-55.6731
-52.1362
-47.9709
-43.1862
-37.827
-31.9882
-26.089
8.99211
12.2076
15.7374
19.4283
22.9057
26.242
29.3078
31.8796
33.9167
35.5024
36.6875
37.5356
38.136
38.5523
38.8311
39.0095
39.1115
39.1519
39.139
39.0745
38.9549
38.7714
38.5077
38.1452
37.6797
37.1231
36.4834
35.7646
34.9726
34.1164
33.2082
32.2629
31.297
30.3278
29.3696
28.4307
27.5088
26.5776
25.6175
5.10274
1.69454
-2.18726
-6.27497
-10.2216
-14.3167
-18.3661
-22.2427
-26.0014
-29.576
-32.9557
-36.1697
-39.2081
-42.0841
-44.8074
-47.3755
-49.7849
-52.0251
-54.0788
-55.9244
-57.5345
-58.8791
-59.9359
-60.6925
-61.1588
-61.3583
-61.2785
-60.8813
-60.1241
-58.9645
-57.361
-55.2726
-52.6625
-49.5024
-45.7756
-41.4833
-36.6551
-31.3609
-25.9714
8.31751
11.385
14.7564
18.2864
21.6163
24.8164
27.7628
30.2403
32.2085
33.7467
34.9025
35.7357
36.3316
36.7511
37.0388
37.2306
37.35
37.4115
37.4239
37.3898
37.307
37.168
36.9588
36.6626
36.2748
35.8046
35.2587
34.6398
33.9521
33.2021
32.3989
31.5537
30.6786
29.7863
28.8873
27.9863
27.0799
26.1453
25.1753
4.63259
1.38843
-2.30311
-6.18475
-9.92672
-13.8039
-17.6312
-21.2887
-24.8285
-28.1879
-31.3576
-34.3654
-37.2025
-39.8816
-42.4125
-44.7931
-47.0207
-49.0859
-50.9735
-52.6641
-54.1333
-55.3547
-56.3088
-56.9867
-57.3997
-57.5716
-57.4928
-57.1304
-56.4472
-55.4064
-53.9718
-52.1071
-49.7788
-46.96
-43.6319
-39.7896
-35.4495
-30.6608
-25.7502
7.69609
10.6217
13.8411
17.2166
20.4045
23.4733
26.3044
28.6906
30.5916
32.0831
33.2096
34.0272
34.6173
35.0385
35.3329
35.5357
35.6696
35.7489
35.7829
35.7748
35.7234
35.6226
35.4605
35.2219
34.9017
34.5072
34.0436
33.5127
32.9174
32.2621
31.5536
30.7997
30.0092
29.1909
28.3515
27.4935
26.6119
25.6862
24.7192
4.20558
1.11834
-2.39134
-6.07626
-9.62313
-13.2931
-16.9096
-20.3593
-23.6918
-26.8483
-29.8203
-32.6344
-35.2828
-37.7779
-40.1291
-42.3351
-44.3938
-46.2971
-48.0312
-49.579
-50.9186
-52.0267
-52.8869
-53.493
-53.8576
-54.0042
-53.926
-53.5943
-52.9771
-52.0426
-50.7595
-49.0956
-47.0209
-44.5101
-41.5433
-38.1106
-34.218
-29.8964
-25.4337
7.12425
9.91392
12.9875
16.2144
19.2657
22.2079
24.9275
27.2251
29.0607
30.5063
31.6034
32.4047
32.988
33.4092
33.7086
33.9201
34.0659
34.1602
34.2123
34.2261
34.2014
34.1332
34.0116
33.8229
33.5614
33.2328
32.8411
32.3875
31.8737
31.3028
30.6791
30.0082
29.2959
28.548
27.7683
26.9566
26.1071
25.2007
24.2478
3.81856
0.881439
-2.4544
-5.95158
-9.31262
-12.7854
-16.2017
-19.4545
-22.591
-25.5559
-28.3417
-30.9739
-33.4454
-35.7685
-37.9523
-39.996
-41.898
-43.6513
-45.2436
-46.6598
-47.8802
-48.8848
-49.6594
-50.2004
-50.521
-50.6448
-50.567
-50.2628
-49.7047
-48.8655
-47.7179
-46.2341
-44.3873
-42.1536
-39.513
-36.4519
-32.9675
-29.0762
-25.0307
6.59847
9.25785
12.1914
15.2754
18.1954
21.0154
23.6272
25.8389
27.6106
29.011
30.0788
30.8632
31.4386
31.8583
32.1609
32.3791
32.5346
32.6412
32.7084
32.7407
32.7385
32.6981
32.611
32.4652
32.2546
31.9832
31.6541
31.2681
30.826
30.3296
29.7818
29.186
28.5458
27.8644
27.1432
26.3802
25.5683
24.6895
23.7599
3.46851
0.674975
-2.49467
-5.81262
-8.99657
-12.2817
-15.508
-18.5741
-21.5253
-24.3095
-26.92
-29.3814
-31.6872
-33.8496
-35.8772
-37.7699
-39.5266
-41.1412
-42.6027
-43.8978
-45.0092
-45.9191
-46.6159
-47.0979
-47.379
-47.4825
-47.4051
-47.1257
-46.6207
-45.8668
-44.8406
-43.5181
-41.8754
-39.8905
-37.5434
-34.8181
-31.7049
-28.2084
-24.5502
6.11549
8.65
11.449
14.3959
17.1892
19.8915
22.3991
24.5272
26.2367
27.5925
28.6309
29.3978
29.9643
30.3812
30.6856
30.9087
31.0717
31.1882
31.2679
31.3155
31.3321
31.3151
31.2575
31.1484
30.9816
30.7596
30.485
30.1579
29.7786
29.348
28.8677
28.3395
27.7653
27.1464
26.4821
25.7689
24.9987
24.1541
23.2552
3.15258
0.496456
-2.51433
-5.66128
-8.67655
-11.7832
-14.8288
-17.7182
-20.4942
-23.1078
-25.5533
-27.8542
-30.0049
-32.0171
-33.8993
-35.6517
-37.2738
-38.7601
-40.1011
-41.285
-42.2966
-43.1202
-43.7463
-44.1752
-44.421
-44.5064
-44.4298
-44.1729
-43.7157
-43.0382
-42.1208
-40.9424
-39.4822
-37.7201
-35.6366
-33.2137
-30.4369
-27.3013
-24.0012
5.67224
8.08708
10.757
13.5719
16.2433
18.8319
21.2386
23.2856
24.9344
26.2463
27.2552
28.0041
28.5607
28.9737
29.2782
29.5046
29.6733
29.7978
29.8875
29.9476
29.9799
29.9826
29.9498
29.872
29.7427
29.5633
29.3357
29.0598
28.7354
28.3626
27.9422
27.4748
26.9608
26.4001
25.7905
25.1273
24.4014
23.5959
22.7336
2.86812
0.343425
-2.51548
-5.49923
-8.35377
-11.2906
-14.1648
-16.8867
-19.497
-21.9497
-24.24
-26.3902
-28.3956
-30.2674
-32.0142
-33.6363
-35.1336
-36.5015
-37.7316
-38.8135
-39.7338
-40.4789
-41.0411
-41.4222
-41.6367
-41.7063
-41.6308
-41.3944
-40.9802
-40.3715
-39.5512
-38.5017
-37.2045
-35.6414
-33.7937
-31.6425
-29.1697
-26.363
-23.3927
5.26587
7.56591
10.1119
12.7999
15.354
17.8329
20.1418
22.1101
23.6994
24.968
25.9474
26.6779
27.2238
27.6317
27.9352
28.1634
28.3361
28.4665
28.5642
28.6345
28.6796
28.6986
28.6867
28.6354
28.5381
28.3952
28.2081
27.9765
27.6998
27.3778
27.0104
26.5973
26.1381
25.6313
25.0739
24.46
23.7799
23.017
22.1957
2.61263
0.213709
-2.50013
-5.3281
-8.02952
-10.8048
-13.5163
-16.0794
-18.533
-20.8339
-22.9781
-24.987
-26.8564
-28.5972
-30.2178
-31.7188
-33.1006
-34.3592
-35.4873
-36.4757
-37.3126
-37.9865
-38.491
-38.8294
-39.016
-39.0721
-38.998
-38.7805
-38.4052
-37.858
-37.1248
-36.1903
-35.0384
-33.6527
-32.0157
-30.108
-27.9089
-25.4009
-22.7331
4.89358
7.08361
9.51061
12.0765
14.5176
16.8905
19.1048
20.9966
22.5278
23.7537
24.7037
25.4152
25.9496
26.3515
26.6526
26.8813
27.0566
27.1914
27.2952
27.3735
27.4291
27.4614
27.4668
27.4378
27.3677
27.256
27.1037
26.9103
26.6751
26.3974
26.0767
25.7122
25.3025
24.8456
24.3373
23.7715
23.1378
22.4197
21.6423
2.38374
0.105132
-2.46999
-5.14934
-7.70492
-10.3267
-12.8836
-15.2963
-17.6017
-19.7595
-21.7662
-23.6423
-25.3844
-27.0029
-28.5061
-29.8948
-31.1696
-32.3274
-33.3617
-34.2644
-35.0253
-35.6346
-36.0872
-36.3874
-36.5495
-36.5939
-36.5216
-36.3215
-35.9814
-35.4896
-34.8342
-34.0022
-32.9797
-31.7521
-30.3028
-28.6127
-26.6596
-24.4221
-22.0309
4.55285
6.63737
8.95012
11.3987
13.7308
16.0014
18.1241
19.9413
21.4158
22.5996
23.5201
24.2123
24.7346
25.1295
25.4273
25.6553
25.8319
25.9696
26.0778
26.1624
26.2261
26.2693
26.289
26.2787
26.2315
26.1464
26.0237
25.8632
25.6639
25.4249
25.1454
24.824
24.4591
24.0478
23.5858
23.0662
22.4785
21.8062
21.0747
2.17927
0.0157524
-2.42683
-4.96437
-7.38103
-9.8566
-12.2668
-14.5371
-16.7025
-18.7252
-20.6025
-22.354
-23.9768
-25.4812
-26.875
-28.1594
-29.3354
-30.4002
-31.3484
-32.1727
-32.8645
-33.4152
-33.8212
-34.0873
-34.2279
-34.2624
-34.1923
-34.0082
-33.7001
-33.2581
-32.6722
-31.9316
-31.0243
-29.9372
-28.6549
-27.159
-25.4264
-23.4331
-21.2939
4.24127
6.2246
8.42766
10.7633
12.9904
15.1622
17.1961
18.941
20.3599
21.5022
22.3933
23.0658
23.5754
23.9625
24.256
24.4822
24.659
24.7983
24.9096
24.9988
25.0689
25.1207
25.1521
25.1572
25.1293
25.0666
24.9693
24.8369
24.6686
24.4633
24.2199
23.9368
23.6121
23.2427
22.8237
22.3482
21.8055
21.1792
20.4946
1.99712
-0.0562878
-2.37221
-4.77447
-7.05878
-9.39537
-11.6663
-13.8015
-15.8345
-17.7298
-19.4854
-21.1199
-22.6312
-24.0289
-25.3209
-26.5087
-27.5931
-28.5723
-29.4413
-30.194
-30.8229
-31.3207
-31.6848
-31.9207
-32.0425
-32.0686
-32.001
-31.8319
-31.5527
-31.1555
-30.6318
-29.9727
-29.1677
-28.2054
-27.0716
-25.7485
-24.2131
-22.4398
-20.5295
3.95656
5.84288
7.94062
10.1677
12.2936
14.37
16.3177
17.9922
19.3567
20.458
21.3199
21.9725
22.4688
22.8474
23.1358
23.3594
23.5352
23.6751
23.7883
23.8807
23.9556
24.014
24.0548
24.0726
24.0608
24.0169
23.9411
23.8329
23.6913
23.5152
23.3034
23.0544
22.7657
22.4344
22.0553
21.6215
21.1222
20.5414
19.9036
1.83539
-0.112697
-2.30762
-4.58077
-6.73902
-8.94345
-11.0821
-13.0894
-14.9971
-16.7722
-18.4132
-19.938
-21.3447
-22.643
-23.8403
-24.9382
-25.9381
-26.8382
-27.6346
-28.3219
-28.8936
-29.3435
-29.6701
-29.8793
-29.9847
-30.0039
-29.9391
-29.7838
-29.531
-29.1741
-28.7061
-28.1195
-27.4055
-26.5539
-25.5518
-24.3825
-23.0231
-21.4474
-19.7444
3.69662
5.48989
7.48651
9.60915
11.6375
13.6216
15.4858
17.0918
18.4031
19.464
20.2968
20.9292
21.4118
21.7813
22.064
22.284
22.4581
22.5977
22.7117
22.8061
22.8843
22.9479
22.9961
23.0242
23.0256
22.9976
22.9399
22.8523
22.7336
22.5829
22.3989
22.1798
21.9235
21.6267
21.2844
20.8897
20.4319
19.8954
19.3039
1.69226
-0.155112
-2.23442
-4.3844
-6.4226
-8.50128
-10.5144
-12.4004
-14.1897
-15.8513
-17.3844
-18.8061
-20.115
-21.3203
-22.4294
-23.444
-24.3656
-25.193
-25.9227
-26.5502
-27.0699
-27.4767
-27.7697
-27.9552
-28.0464
-28.0599
-27.9983
-27.8559
-27.6271
-27.3064
-26.8882
-26.3663
-25.7331
-24.9798
-24.0945
-23.0616
-21.859
-20.4606
-18.9448
3.45946
5.16352
7.06307
9.08518
11.0194
12.9145
14.6977
16.237
17.496
18.5172
19.321
19.9333
20.4018
20.7617
21.038
21.2539
21.4255
21.5638
21.6777
21.7731
21.8537
21.921
21.9749
22.0112
22.0235
22.0086
21.9663
21.8961
21.7971
21.6684
21.5086
21.3161
21.0886
20.8231
20.5146
20.1562
19.7378
19.2439
18.6973
1.56605
-0.185007
-2.15388
-4.1864
-6.11023
-8.0693
-9.96315
-11.7343
-13.4114
-14.9659
-16.3974
-17.7222
-18.9394
-20.0579
-21.0849
-22.0221
-22.8714
-23.6317
-24.3002
-24.8731
-25.3456
-25.7135
-25.9765
-26.1411
-26.22
-26.2289
-26.1705
-26.0403
-25.8333
-25.5453
-25.1717
-24.7074
-24.146
-23.4798
-22.698
-21.7862
-20.7233
-19.4834
-18.1362
3.24323
4.86174
6.66813
8.59357
10.437
12.246
13.9505
15.4249
16.6326
17.6147
18.39
18.982
19.4361
19.786
20.0554
20.2665
20.4351
20.5715
20.6846
20.7802
20.862
20.9318
20.99
21.0329
21.0539
21.05
21.0205
20.9651
20.883
20.7733
20.6347
20.4656
20.2639
20.0265
19.7489
19.4242
19.0428
18.5895
18.0862
1.45517
-0.203812
-2.06717
-3.98768
-5.80256
-7.64784
-9.42839
-11.0905
-12.6615
-14.1148
-15.4505
-16.6843
-17.8155
-18.853
-19.8034
-20.6688
-21.451
-22.1495
-22.7618
-23.2849
-23.7145
-24.0472
-24.2835
-24.4297
-24.4981
-24.5035
-24.4485
-24.3295
-24.1425
-23.8839
-23.5504
-23.1375
-22.6398
-22.0508
-21.3607
-20.5563
-19.6174
-18.5193
-17.3237
3.04619
4.58274
6.2997
8.13213
9.88806
11.6137
13.2419
14.653
15.8103
16.754
17.5012
18.0729
18.5125
18.8519
19.114
19.32
19.4848
19.6189
19.7305
19.8256
19.9078
19.9792
20.0405
20.0884
20.1166
20.1216
20.1028
20.0599
19.9923
19.899
19.7789
19.6304
19.4517
19.2397
18.9901
18.6966
18.3496
17.9347
17.4727
1.35816
-0.212844
-1.97546
-3.78913
-5.50024
-7.23724
-8.9101
-10.4688
-11.9393
-13.2969
-14.5423
-15.6904
-16.741
-17.7026
-18.5816
-19.3802
-20.1004
-20.7418
-21.3026
-21.7801
-22.1708
-22.4719
-22.6843
-22.8143
-22.8737
-22.8763
-22.8249
-22.7164
-22.5476
-22.3158
-22.0181
-21.651
-21.2101
-20.6895
-20.0806
-19.3713
-18.5427
-17.5712
-16.5115
2.86673
4.32471
5.95593
7.69886
9.37041
11.0156
12.5695
13.9189
15.0264
15.9325
16.6521
17.2037
17.6285
17.9573
18.2117
18.4121
18.5729
18.7041
18.8138
18.9078
18.9898
19.062
19.1254
19.1771
19.2109
19.2232
19.2133
19.181
19.1258
19.0466
18.9426
18.8124
18.654
18.4649
18.2408
17.9758
17.6608
17.2819
16.8588
1.27367
-0.213281
-1.87972
-3.59152
-5.20379
-6.83779
-8.40828
-9.86888
-11.244
-12.5111
-13.6711
-14.7384
-15.7134
-16.604
-17.4164
-18.1529
-18.8155
-19.4042
-19.9177
-20.3535
-20.7088
-20.9814
-21.1725
-21.2883
-21.3401
-21.3407
-21.293
-21.1944
-21.0423
-20.8346
-20.5691
-20.243
-19.8525
-19.3926
-18.8558
-18.2307
-17.5
-16.6414
-15.7033
2.70337
4.08606
5.63504
7.2918
8.88196
10.4493
11.9309
13.2203
14.2786
15.1479
15.8406
16.3722
16.7821
17.1
17.3465
17.5411
17.6976
17.8255
17.9329
18.0253
18.1066
18.179
18.2436
18.298
18.3363
18.3545
18.352
18.3287
18.284
18.2171
18.1272
18.013
17.8728
17.7041
17.5031
17.2641
16.9787
16.6334
16.2469
1.20049
-0.206157
-1.78086
-3.39547
-4.91358
-6.44953
-7.92266
-9.29016
-10.5747
-11.7562
-12.8355
-13.8266
-14.7304
-15.5546
-16.3047
-16.9831
-17.5922
-18.1324
-18.6022
-18.9999
-19.3231
-19.57
-19.7422
-19.8456
-19.8909
-19.8903
-19.8462
-19.7569
-19.6202
-19.4344
-19.1979
-18.9084
-18.5629
-18.1569
-17.6838
-17.1335
-16.4897
-15.7316
-14.9025
2.55475
3.86527
5.33535
6.9091
8.42069
9.91253
11.3238
12.5547
13.5645
14.3984
15.0649
15.5764
15.9712
16.2781
16.5166
16.7051
16.857
16.9815
17.0863
17.1769
17.2569
17.3289
17.3942
17.4505
17.4921
17.5151
17.5187
17.5029
17.4673
17.411
17.3334
17.2334
17.1093
16.959
16.7789
16.5637
16.3054
15.9913
15.6389
1.1373
-0.192625
-1.67985
-3.20178
-4.63023
-6.07269
-7.45314
-8.73213
-9.93049
-11.031
-12.0337
-12.9528
-13.7901
-14.552
-15.2436
-15.8677
-16.4271
-16.9221
-17.3517
-17.7144
-18.0084
-18.2323
-18.3875
-18.4802
-18.5202
-18.5187
-18.4785
-18.3979
-18.2754
-18.1096
-17.8993
-17.6426
-17.3372
-16.9792
-16.5627
-16.0786
-15.512
-14.8434
-14.1115
2.41949
3.661
5.05562
6.54934
7.98515
9.40379
10.7462
11.92
12.8812
13.6817
14.3233
14.8145
15.194
15.4899
15.7202
15.9026
16.0498
16.1706
16.2725
16.3609
16.4395
16.5107
16.576
16.6336
16.6778
16.7046
16.7133
16.7038
16.6759
16.6289
16.5621
16.4746
16.365
16.2311
16.0699
15.8764
15.643
15.3576
15.037
1.08288
-0.174144
-1.57811
-3.01189
-4.35479
-5.70838
-7.00037
-8.19494
-9.31087
-10.3347
-11.2638
-12.1144
-12.8897
-13.5935
-14.23
-14.8031
-15.3162
-15.7695
-16.1619
-16.4926
-16.7599
-16.9629
-17.1032
-17.1864
-17.2219
-17.2202
-17.1839
-17.1116
-17.0021
-16.8545
-16.6679
-16.4408
-16.1712
-15.8559
-15.4897
-15.0645
-14.5664
-13.9776
-13.3327
2.29632
3.47205
4.79466
6.21168
7.57477
8.92263
10.1978
11.315
12.225
12.9944
13.6128
14.084
14.4481
14.7331
14.9556
15.1318
15.2742
15.3912
15.4902
15.5763
15.6532
15.7233
15.7883
15.8466
15.8926
15.9225
15.9354
15.9314
15.9101
15.8712
15.8139
15.7374
15.6406
15.5216
15.3775
15.2036
14.993
14.7341
14.4429
1.0363
-0.151422
-1.47628
-2.82633
-4.08799
-5.3572
-6.56488
-7.6791
-8.71623
-9.66789
-10.5245
-11.3088
-12.0262
-12.6757
-13.2601
-13.7853
-14.2552
-14.6698
-15.0281
-15.3294
-15.5725
-15.7568
-15.8839
-15.9591
-15.9911
-15.9896
-15.9572
-15.8928
-15.7954
-15.6645
-15.4994
-15.299
-15.0615
-14.7844
-14.4631
-14.0901
-13.653
-13.1353
-12.5681
2.18418
3.29713
4.55115
5.89449
7.18795
8.46754
9.67815
10.74
11.5948
12.3344
12.9313
13.3825
13.7313
14.0058
14.2205
14.3907
14.5282
14.6416
14.7376
14.8214
14.8964
14.9653
15.0298
15.0885
15.1359
15.1683
15.1848
15.1854
15.17
15.1381
15.0893
15.0227
14.9374
14.8317
14.703
14.5469
14.3572
14.1226
13.8586
0.997602
-0.123727
-1.37283
-2.64301
-3.82736
-5.01627
-6.14421
-7.18255
-8.14521
-9.02797
-9.81512
-10.5382
-11.2022
-11.7992
-12.333
-12.8126
-13.2419
-13.6201
-13.9462
-14.2202
-14.4411
-14.6085
-14.724
-14.7922
-14.8215
-14.8206
-14.7922
-14.7354
-14.6494
-14.534
-14.3885
-14.2122
-14.0038
-13.7608
-13.4795
-13.1531
-12.7704
-12.3162
-11.8183
2.08254
3.13517
4.32236
5.59386
6.81946
8.03186
9.18037
10.189
10.9938
11.7079
12.282
12.7111
13.0442
13.3081
13.5147
13.6785
13.8111
13.9206
14.0135
14.0949
14.168
14.2356
14.2994
14.3583
14.4068
14.4413
14.4608
14.4655
14.4552
14.4296
14.3883
14.3305
14.2556
14.1619
14.0472
13.9075
13.7367
13.5244
13.2854
0.966359
-0.0912776
-1.2672
-2.46079
-3.57073
-4.68238
-5.73371
-6.70025
-7.59234
-8.40907
-9.12922
-9.80334
-10.4216
-10.9657
-11.4484
-11.8842
-12.2753
-12.6189
-12.9144
-13.1626
-13.363
-13.5149
-13.6198
-13.6822
-13.7094
-13.7097
-13.6855
-13.6361
-13.5608
-13.4598
-13.3323
-13.1779
-12.9957
-12.7835
-12.5379
-12.2531
-11.9189
-11.5216
-11.0859
1.9909
2.9852
4.10705
5.30735
6.46542
7.60944
8.69594
9.64886
10.4148
11.118
11.668
12.0698
12.3863
12.6402
12.8389
12.9961
13.1235
13.229
13.3189
13.3976
13.4688
13.5349
13.5978
13.6566
13.706
13.7422
13.7644
13.7726
13.7669
13.7469
13.7122
13.6625
13.5969
13.5141
13.412
13.287
13.1335
12.9417
12.7256
0.943166
-0.0646389
-1.18385
-2.31285
-3.35662
-4.39416
-5.36205
-6.24237
-7.03661
-7.765
-8.36173
-9.02141
-9.64601
-10.1688
-10.6276
-11.0484
-11.4284
-11.7609
-12.0463
-12.2864
-12.4806
-12.6281
-12.7304
-12.7916
-12.8193
-12.8217
-12.8016
-12.7578
-12.6907
-12.6006
-12.4842
-12.3445
-12.1804
-11.9895
-11.7686
-11.5126
-11.2123
-10.8551
-10.4636
1.92094
2.86822
3.93871
5.07496
6.16704
7.23284
8.22968
9.07412
9.74995
10.523
11.0896
11.4827
11.7989
12.0572
12.2586
12.4168
12.545
12.6515
12.7422
12.8217
12.8938
12.961
13.0254
13.0862
13.1381
13.177
13.202
13.2135
13.2114
13.1955
13.1656
13.1213
13.062
12.9866
12.893
12.7778
12.636
12.458
12.2574
0.925507
-0.0412664
-1.11219
-2.18473
-3.16701
-4.13085
-5.01219
-5.79626
-6.47554
-7.09701
-7.5319
-8.21043
-8.87642
-9.39963
-9.85301
-10.2777
-10.6642
-11.0017
-11.2909
-11.5346
-11.7323
-11.8831
-11.9885
-12.0525
-12.0833
-12.0891
-12.0733
-12.0342
-11.9735
-11.8919
-11.7817
-11.6514
-11.4997
-11.3234
-11.1194
-10.8834
-10.6067
-10.2776
-9.91718
1.86446
2.77241
3.79669
4.8727
5.89749
6.8758
7.76508
8.47998
9.04308
9.92487
10.5379
10.937
11.2631
11.5349
11.7462
11.9109
12.0442
12.1549
12.2491
12.3318
12.4068
12.477
12.5446
12.6089
12.6645
12.7069
12.7352
12.7499
12.7509
12.7382
12.7118
12.6713
12.6162
12.5456
12.4578
12.3493
12.2152
12.0463
11.8561
0.909442
-0.015914
-1.03808
-2.05379
-2.97468
-3.86514
-4.66202
-5.35225
-5.92321
-6.44084
-6.72518
-7.4099
-8.10836
-8.62971
-9.07396
-9.49809
-9.88825
-10.2287
-10.5202
-10.7663
-10.967
-11.1207
-11.2292
-11.2961
-11.33
-11.3395
-11.3283
-11.2944
-11.2407
-11.1685
-11.0652
-10.9451
-10.8067
-10.6455
-10.4587
-10.2427
-9.98981
-9.68877
-9.36129
1.80897
2.67741
3.65486
4.67044
5.62896
6.51964
7.30542
7.89875
8.35123
9.31936
9.98037
10.386
10.7185
11.0016
11.2224
11.3935
11.5315
11.6461
11.7437
11.8294
11.9071
11.98
12.0508
12.1186
12.1779
12.2238
12.2556
12.2736
12.2779
12.2687
12.2458
12.2092
12.1585
12.093
12.0108
11.9091
11.783
11.6233
11.4435
0.89482
0.0109011
-0.962408
-1.92158
-2.78167
-3.59961
-4.3147
-4.91341
-5.38342
-5.79626
-5.94719
-6.62342
-7.34115
-7.85907
-8.29235
-8.71158
-9.10197
-9.44339
-9.73567
-9.9831
-10.1858
-10.3423
-10.4536
-10.5234
-10.5605
-10.5735
-10.5668
-10.5378
-10.4907
-10.4272
-10.3301
-10.2194
-10.0933
-9.94649
-9.77614
-9.5796
-9.34976
-9.07533
-8.7747
1.7547
2.58388
3.51428
4.46988
5.36352
6.16648
6.85397
7.33025
7.67871
8.70724
9.41535
9.8309
10.1674
10.4591
10.6886
10.8659
11.0085
11.1269
11.2277
11.3162
11.3965
11.4721
11.5458
11.617
11.68
11.7296
11.7649
11.7864
11.7942
11.7886
11.7695
11.737
11.691
11.6307
11.5545
11.4598
11.3417
11.1914
11.0222
0.881764
0.0388643
-0.885925
-1.7894
-2.58981
-3.33676
-3.97311
-4.48281
-4.85925
-5.16503
-5.20124
-5.85457
-6.57611
-7.08734
-7.50823
-7.91888
-8.30586
-8.64608
-8.93777
-9.18542
-9.38946
-9.54826
-9.6625
-9.73601
-9.77759
-9.79587
-9.79583
-9.77409
-9.73631
-9.6842
-9.59657
-9.49784
-9.38634
-9.25549
-9.10272
-8.92592
-8.71922
-8.47341
-8.21188
1.70218
2.49259
3.37611
4.27276
5.1032
5.8183
6.41298
6.77247
7.02443
8.08936
8.84063
9.27003
9.61077
9.90968
10.1464
10.3289
10.4754
10.5973
10.7016
10.7932
10.8763
10.9548
11.0314
11.1061
11.1729
11.2264
11.2656
11.2909
11.3027
11.3009
11.2857
11.2574
11.2158
11.1607
11.0905
11.0028
10.893
10.7525
10.5941
0.870247
0.0674664
-0.809933
-1.659
-2.40155
-3.0796
-3.64083
-4.06456
-4.35447
-4.5501
-4.48934
-5.10567
-5.81444
-6.31423
-6.72136
-7.12027
-7.50019
-7.83683
-8.12657
-8.37368
-8.57857
-8.73926
-8.85568
-8.93134
-8.97461
-8.9948
-8.99742
-8.97871
-8.94541
-8.89936
-8.81645
-8.72536
-8.62446
-8.50656
-8.36938
-8.21125
-8.02575
-7.80078
-7.54687
1.65207
2.40477
3.24195
4.08142
4.85001
5.47709
5.9843
6.22339
6.38426
7.46633
8.25485
8.70018
9.04644
9.35345
9.59881
9.78687
9.93608
10.0599
10.1663
10.2603
10.3461
10.4274
10.5072
10.5855
10.6562
10.714
10.7576
10.7878
10.8045
10.808
10.7981
10.7752
10.7392
10.6897
10.6258
10.545
10.4431
10.3114
10.1618
0.860207
0.0954414
-0.736739
-1.53372
-2.22043
-2.83209
-3.32146
-3.6621
-3.87132
-3.95354
-3.8125
-4.37817
-5.05761
-5.53996
-5.93116
-6.31516
-6.6845
-7.01483
-7.30094
-7.54657
-7.75256
-7.91694
-8.04006
-8.12534
-8.18038
-8.21325
-8.22981
-8.22605
-8.20968
-8.18235
-8.11614
-8.04285
-7.96089
-7.86202
-7.74393
-7.60613
-7.44597
-7.25992
-7.08032
1.60552
2.32246
3.11467
3.89933
4.60583
5.14285
5.56565
5.67648
5.74854
6.83732
7.66012
8.12122
8.47015
8.78276
9.03857
9.23712
9.39397
9.52212
9.63064
9.72592
9.813
9.89598
9.97834
10.0597
10.134
10.1952
10.2423
10.276
10.2968
10.3047
10.3001
10.2832
10.254
10.2123
10.1571
10.0861
9.99539
9.87778
9.74777
0.851311
0.121257
-0.669393
-1.41779
-2.05138
-2.59931
-3.01862
-3.2772
-3.40965
-3.37652
-3.17026
-3.67251
-4.30689
-4.76451
-5.13634
-5.50206
-5.85752
-6.17914
-6.45978
-6.70159
-6.90433
-7.06504
-7.18232
-7.25818
-7.30191
-7.32496
-7.33325
-7.32234
-7.30015
-7.26778
-7.19788
-7.12526
-7.04843
-6.95907
-6.85493
-6.73447
-6.58935
-6.40069
-6.15689
1.56331
2.24723
2.99704
3.73015
4.37259
4.81648
5.15587
5.12436
5.10109
6.19305
7.05725
7.54387
7.89695
8.20566
8.45856
8.65941
8.82412
8.96306
9.082
9.1856
9.27879
9.36653
9.45324
9.53975
9.62042
9.68871
9.74278
9.78301
9.80949
9.82224
9.82142
9.80732
9.78031
9.7406
9.68784
9.62018
9.53337
9.41576
9.27172
0.843277
0.144935
-0.607944
-1.31243
-1.89728
-2.38637
-2.73831
-2.91723
-2.97731
-2.82667
-2.56235
-2.98829
-3.56362
-3.98809
-4.33555
-4.67818
-5.01479
-5.32525
-5.6031
-5.84981
-6.06518
-6.24729
-6.39635
-6.51464
-6.60388
-6.66824
-6.71586
-6.74366
-6.76299
-6.77416
-6.74156
-6.70233
-6.65602
-6.59349
-6.51319
-6.41764
-6.31261
-6.20992
-6.17125
1.52451
2.17778
2.88847
3.57514
4.15383
4.51075
4.77211
4.56987
4.42744
5.51146
6.41934
6.95294
7.3432
7.67313
7.92545
8.10847
8.25002
8.37141
8.4822
8.58546
8.68296
8.77709
8.87075
8.96383
9.05061
9.12612
9.19
9.24307
9.28545
9.31707
9.33764
9.34675
9.34376
9.32774
9.29757
9.25192
9.19112
9.11782
9.06447
0.836555
0.167707
-0.550523
-1.2157
-1.75809
-2.19729
-2.49038
-2.60204
-2.59839
-2.31999
-1.9895
-2.3278
-2.82976
-3.21013
-3.5289
-3.84508
-4.15387
-4.43634
-4.68615
-4.90375
-5.08656
-5.22807
-5.32194
-5.36836
-5.38635
-5.39603
-5.39937
-5.38797
-5.36688
-5.3361
-5.27356
-5.21586
-5.16061
-5.09957
-5.02957
-4.94621
-4.83082
-4.64391
-4.32078
1.48915
2.1141
2.78952
3.43557
3.95581
4.24779
4.43717
4.01277
3.72664
4.79002
5.70494
6.25502
6.68714
7.08836
7.42247
7.6704
7.84421
7.96556
8.05633
8.133
8.20624
8.28291
8.36746
8.45801
8.543
8.61212
8.66321
8.69751
8.71668
8.72208
8.71509
8.69746
8.67108
8.63743
8.59646
8.54412
8.46702
8.33126
8.09621
0.831971
0.182785
-0.510084
-1.14322
-1.64891
-2.04314
-2.28046
-2.33418
-2.26251
-1.83669
-1.44179
-1.69884
-2.11197
-2.4274
-2.70707
-3.00324
-3.3107
-3.61178
-3.89956
-4.17369
-4.43515
-4.68561
-4.926
-5.14951
-5.33057
-5.46067
-5.56524
-5.65041
-5.7388
-5.82704
-5.85351
-5.85662
-5.85339
-5.83748
-5.80556
-5.76498
-5.74305
-5.7888
-6.03178
1.46609
2.07205
2.72056
3.32908
3.78914
4.01985
4.0874
3.37405
2.98509
4.09521
5.02046
5.5246
5.86948
6.18202
6.48086
6.77007
7.04695
7.29786
7.51133
7.68522
7.825
7.93986
8.04304
8.15356
8.28478
8.42559
8.55996
8.68278
8.79266
8.88876
8.96913
9.03105
9.07236
9.09196
9.09163
9.07884
9.0774
9.14029
9.37416
0.82742
0.169984
-0.524123
-1.14295
-1.61689
-1.95498
-2.10878
-2.06634
-1.86159
-1.27191
-0.878701
-1.09491
-1.43035
-1.66325
-1.84654
-2.02442
-2.19975
-2.36499
-2.5151
-2.64502
-2.74321
-2.79119
-2.77542
-2.70395
-2.63721
-2.60765
-2.59369
-2.56477
-2.51349
-2.47705
-2.41217
-2.35659
-2.31713
-2.28114
-2.24193
-2.19155
-2.08702
-1.85048
-1.30801
1.47013
2.08022
2.72045
3.29335
3.67281
3.77869
3.55659
2.50287
2.10623
3.4029
4.55681
5.29782
5.75956
5.99903
6.04305
5.96656
5.85017
5.75898
5.72018
5.73614
5.7985
5.89868
6.02082
6.12569
6.17062
6.17339
6.16741
6.15769
6.1432
6.12368
6.10275
6.08523
6.07458
6.07178
6.07212
6.05797
5.97734
5.72469
5.12841
0.817919
0.129665
-0.58947
-1.21444
-1.66687
-1.94502
-1.99632
-1.81651
-1.41049
-0.661337
-0.280885
-0.45151
-0.754703
-1.04169
-1.33245
-1.63687
-1.95741
-2.29555
-2.65577
-3.04647
-3.47919
-3.96004
-4.46668
-4.94232
-5.28509
-5.49453
-5.70029
-5.86355
-6.13579
-6.53302
-6.41944
-6.43939
-6.55981
-6.64878
-6.69118
-6.73121
-6.8402
-7.12008
-7.76658
1.48915
2.12045
2.76942
3.31707
3.61478
3.55278
2.94185
1.58596
0.961784
2.12683
3.41571
4.68746
5.9226
7.09279
8.08535
8.84398
9.38691
9.73216
9.9265
10.0221
10.0645
10.0904
10.1535
10.3399
10.6825
11.0556
11.3616
11.6125
11.8297
12.0171
12.1682
12.2794
12.353
12.3954
12.4224
12.4657
12.6056
12.9639
13.7409
107.503
106.597
105.429
103.936
101.874
99.0442
95.2473
90.3843
84.6435
78.489
72.3775
66.5265
60.9519
55.6109
50.4763
45.5455
40.8236
36.3131
32.0124
27.9164
24.0177
20.3096
16.7852
13.4381
10.2625
7.25207
4.40079
1.70293
-0.844772
-3.24497
-5.49889
-7.6066
-9.56826
-11.3829
-13.0496
-14.5677
-15.9369
-17.1571
-18.2294
-19.1552
-19.9367
-20.5775
-21.0817
-21.4543
-21.7013
-21.8295
-21.8461
-21.759
-21.5763
-21.3069
-20.9592
-20.5419
-20.0635
-19.5325
-18.9566
-18.3435
-17.7
-17.0328
-16.3478
-15.6502
-14.9448
-14.2358
-13.5268
-12.8208
-12.121
-11.4285
-10.7476
-10.164
-9.6436
-9.11716
-8.54942
-8.02459
-7.35457
-6.96488
-5.96432
-6.16896
-4.06996
-6.21426
-0.962494
-8.22695
107.088
103.845
100.237
96.4372
92.545
88.6479
84.8118
81.0868
77.4552
73.9461
70.5595
67.3062
64.1928
61.2252
58.4074
55.7418
53.2295
50.8702
48.6619
46.6013
44.6839
42.9043
41.2561
39.7327
38.3266
37.0305
35.8369
34.7383
33.7273
32.7969
31.9403
31.151
30.4222
29.7479
29.1219
28.5384
27.9915
27.4755
26.9849
26.5144
26.0588
25.6135
25.1738
24.7358
24.2957
23.8505
23.3974
22.9344
22.4598
21.9727
21.4725
20.9591
20.4329
19.8948
19.3456
18.787
18.2205
17.648
17.0712
16.4922
15.913
15.3354
14.7616
14.1932
13.6324
13.0805
12.5406
12.0862
11.6941
11.2914
10.8798
10.462
10.0364
9.64137
9.14547
9.0247
7.89177
9.54216
4.7233
14.0696
46.57
46.1214
45.7093
45.3384
44.9862
44.6921
44.4682
44.2533
43.922
43.3562
42.5233
41.4373
40.0989
38.5154
36.7117
34.7187
32.5672
30.2852
27.8994
25.4355
22.9178
20.3691
17.8102
15.2593
12.733
10.2469
7.8162
5.4536
3.17047
0.975355
-1.12449
-3.12282
-5.01494
-6.79634
-8.463
-10.0119
-11.44
-12.7453
-13.9259
-14.981
-15.9102
-16.7141
-17.3942
-17.9525
-18.3925
-18.7181
-18.934
-19.0458
-19.0597
-18.9823
-18.8207
-18.5823
-18.2746
-17.905
-17.481
-17.0097
-16.4981
-15.9527
-15.3795
-14.7844
-14.1724
-13.5483
-12.9161
-12.2795
-11.6422
-11.0059
-10.3751
-9.83097
-9.34338
-8.85051
-8.31172
-7.81923
-7.17263
-6.81409
-5.8361
-6.05623
-4.01484
-6.09305
-1.05404
-8.05337
46.8201
46.9872
47.3639
47.6937
47.9548
48.1172
48.1703
48.1074
47.926
47.6352
47.2355
46.7344
46.1388
45.4566
44.6973
43.871
42.9884
42.0604
41.0989
40.1151
39.1202
38.1243
37.1369
36.1667
35.2211
34.3058
33.4257
32.5842
31.7833
31.0242
30.3068
29.6303
28.9931
28.3929
27.8271
27.2927
26.7864
26.3046
25.8438
25.4
24.9698
24.5494
24.1353
23.7241
23.3126
22.898
22.4778
22.0499
21.6125
21.1643
20.7045
20.2326
19.7485
19.2527
18.7458
18.2288
17.7029
17.1697
16.6307
16.0877
15.5426
14.9972
14.4535
13.9132
13.3786
12.8508
12.3333
11.8967
11.5195
11.1314
10.7339
10.3302
9.91736
9.53716
9.05125
8.94476
7.83259
9.43471
4.80913
13.739
27.716
27.4032
27.0646
26.7217
26.3358
25.8888
25.3821
24.8213
24.211
23.5571
22.8769
22.2002
21.5352
20.8703
20.1868
19.465
18.6893
17.8477
16.9302
15.9301
14.8438
13.6711
12.4147
11.0805
9.67683
8.21381
6.70238
5.15451
3.58339
2.00256
0.42539
-1.13463
-2.66534
-4.15495
-5.59264
-6.96877
-8.27466
-9.50263
-10.6461
-11.6993
-12.6578
-13.5183
-14.2784
-14.9364
-15.4923
-15.9468
-16.3016
-16.5594
-16.7237
-16.7988
-16.7896
-16.7016
-16.5407
-16.3131
-16.0251
-15.6832
-15.2936
-14.8626
-14.3961
-13.8997
-13.3787
-12.838
-12.2822
-11.7151
-11.1409
-10.5618
-9.98218
-9.479
-9.02552
-8.56672
-8.05944
-7.59782
-6.98237
-6.64411
-5.713
-5.91137
-3.99012
-5.91446
-1.19652
-7.77684
27.8884
28.0022
28.1201
28.2287
28.3596
28.51
28.6833
28.874
29.0795
29.2945
29.5113
29.7245
29.9265
30.1111
30.2716
30.4021
30.4972
30.5523
30.5639
30.5297
30.4484
30.32
30.1458
29.9282
29.6708
29.3776
29.0535
28.7038
28.3337
27.9484
27.5528
27.1514
26.748
26.3456
25.9468
25.5531
25.1655
24.7843
24.4094
24.0398
23.6746
23.3122
22.9509
22.5889
22.2242
21.8549
21.4793
21.0958
20.7028
20.2993
19.8844
19.4575
19.0185
18.5675
18.1048
17.6313
17.1479
16.6557
16.1563
15.6511
15.1419
14.6305
14.1188
13.6085
13.1017
12.5999
12.1064
11.6892
11.3282
10.9562
10.5741
10.1859
9.78777
9.42197
8.95251
8.84595
7.79037
9.27694
4.9455
13.3578
26.5777
26.3886
26.1829
25.9697
25.7343
25.456
25.1153
24.6934
24.1707
23.5317
22.7766
21.9342
21.0438
20.1249
19.1835
18.2211
17.2403
16.2442
15.2346
14.211
13.1722
12.1158
11.0397
9.9414
8.81921
7.6717
6.49877
5.30097
4.08092
2.8421
1.58967
0.330145
-0.929111
-2.17994
-3.41337
-4.62051
-5.79224
-6.91989
-7.99508
-9.01011
-9.95812
-10.8332
-11.6304
-12.3454
-12.9755
-13.5187
-13.974
-14.3418
-14.6231
-14.82
-14.9355
-14.9729
-14.9368
-14.8317
-14.6629
-14.4358
-14.1558
-13.8287
-13.4599
-13.0549
-12.6188
-12.1566
-11.673
-11.1719
-10.658
-10.1338
-9.6037
-9.13994
-8.71853
-8.2914
-7.81371
-7.38137
-6.79485
-6.47819
-5.58549
-5.77818
-3.94019
-5.77805
-1.257
-7.59617
26.7111
26.8115
26.8879
26.9444
26.9853
27.009
27.0181
27.0126
26.9951
26.9664
26.9287
26.8837
26.8329
26.7779
26.7199
26.6595
26.5973
26.5331
26.4661
26.3956
26.32
26.2376
26.1466
26.045
25.931
25.803
25.6597
25.5004
25.3248
25.133
24.9257
24.7041
24.4694
24.2234
23.9676
23.7037
23.4332
23.1571
22.8764
22.5915
22.3028
22.01
21.7126
21.4099
21.1011
20.785
20.4606
20.1268
19.7826
19.4271
19.0596
18.6795
18.2866
17.8811
17.463
17.033
16.5919
16.1407
15.6806
15.2131
14.7397
14.2621
13.7821
13.3016
12.8226
12.3464
11.8768
11.4784
11.133
10.7763
10.4093
10.0361
9.65223
9.30022
8.84563
8.74344
7.72671
9.15118
4.98633
13.1128
22.7184
22.5187
22.3145
22.1196
21.9275
21.7311
21.5212
21.2885
21.024
20.7152
20.3466
19.9074
19.4019
18.8393
18.2226
17.5526
16.8295
16.0547
15.2309
14.3614
13.4498
12.5
11.5159
10.5015
9.46069
8.39725
7.31459
6.2161
5.10505
3.98472
2.85827
1.72964
0.602639
-0.518207
-1.62788
-2.72085
-3.79124
-4.83271
-5.83879
-6.80292
-7.71884
-8.58052
-9.38243
-10.1195
-10.7876
-11.3832
-11.9039
-12.3479
-12.7146
-13.004
-13.2174
-13.3565
-13.4239
-13.4229
-13.3574
-13.2315
-13.0499
-12.8173
-12.5387
-12.2191
-11.8633
-11.476
-11.0619
-10.6251
-10.1701
-9.70007
-9.21917
-8.79451
-8.40499
-8.00941
-7.56147
-7.15864
-6.6004
-6.30797
-5.44814
-5.64756
-3.86956
-5.66128
-1.27207
-7.46261
22.8629
22.9744
23.0869
23.1968
23.3039
23.4073
23.5058
23.5977
23.6819
23.7565
23.8205
23.8727
23.9122
23.9383
23.9504
23.9485
23.9328
23.9036
23.8617
23.8079
23.7431
23.6684
23.585
23.4935
23.3949
23.2898
23.1783
23.0607
22.9369
22.8067
22.6697
22.5256
22.3741
22.2149
22.0477
21.8726
21.6895
21.4984
21.2995
21.0926
20.8779
20.6551
20.4239
20.1841
19.935
19.6762
19.4067
19.1261
18.8335
18.5284
18.2101
17.8784
17.5329
17.1737
16.8009
16.4151
16.0168
15.607
15.1867
14.7574
14.3203
13.8772
13.4297
12.9796
12.529
12.0792
11.6341
11.255
10.9255
10.5845
10.233
9.87499
9.50577
9.16773
8.72797
8.63284
7.64601
9.03395
4.97644
12.9121
18.108
17.9302
17.7449
17.567
17.3894
17.2098
17.0255
16.8302
16.6173
16.3816
16.1169
15.8155
15.474
15.0966
14.6885
14.2507
13.7829
13.2832
12.7486
12.1771
11.5674
10.9184
10.2298
9.50168
8.73514
7.93175
7.09403
6.22488
5.32801
4.40728
3.46703
2.51189
1.54664
0.576118
-0.39444
-1.35991
-2.31483
-3.25379
-4.17104
-5.06098
-5.91788
-6.73624
-7.51058
-8.2358
-8.90725
-9.52075
-10.0727
-10.5603
-10.9814
-11.3345
-11.6194
-11.8362
-11.9859
-12.0703
-12.0919
-12.0537
-11.9589
-11.8115
-11.6156
-11.3755
-11.0955
-10.7799
-10.4331
-10.0593
-9.6627
-9.24669
-8.81526
-8.43026
-8.07353
-7.71051
-7.29364
-6.92139
-6.39302
-6.12567
-5.30056
-5.50679
-3.79141
-5.53389
-1.28401
-7.31345
18.2299
18.3221
18.4206
18.5199
18.6227
18.7289
18.8383
18.9505
19.0654
19.1822
19.3004
19.4192
19.5377
19.6549
19.7695
19.8804
19.9861
20.0854
20.177
20.2597
20.3324
20.3941
20.4442
20.482
20.5075
20.5205
20.5211
20.5096
20.4865
20.4521
20.4069
20.3512
20.2855
20.21
20.1248
20.03
19.9255
19.8114
19.6874
19.5534
19.4091
19.2544
19.0888
18.9121
18.7238
18.5234
18.3106
18.0847
17.8452
17.5918
17.3241
17.0416
16.7444
16.4323
16.1056
15.7646
15.4099
15.0424
14.6628
14.2726
13.8729
13.4652
13.0514
12.633
12.2121
11.7901
11.3708
11.0121
10.6996
10.3755
10.0404
9.6986
9.34513
9.02167
8.59857
8.50927
7.55681
8.89936
4.96317
12.6841
15.0026
14.856
14.6999
14.5468
14.3915
14.2332
14.0727
13.9075
13.7318
13.5399
13.3266
13.086
12.8119
12.5028
12.1634
11.7989
11.4116
11.0032
10.5736
10.1217
9.64652
9.1473
8.62295
8.07249
7.49498
6.88993
6.25698
5.59631
4.90849
4.19467
3.45648
2.69635
1.91706
1.12208
0.315341
-0.498768
-1.31556
-2.13
-2.93686
-3.73069
-4.50614
-5.2577
-5.98007
-6.66793
-7.31644
-7.921
-8.4773
-8.98173
-9.43109
-9.82299
-10.1556
-10.428
-10.6398
-10.7914
-10.8838
-10.9187
-10.8985
-10.8258
-10.7038
-10.536
-10.326
-10.0776
-9.7949
-9.48155
-9.1417
-8.77875
-8.39641
-8.05115
-7.72752
-7.39743
-7.01249
-6.67123
-6.17417
-5.93177
-5.14421
-5.35479
-3.70812
-5.39329
-1.2944
-7.14457
15.1075
15.1939
15.2865
15.3797
15.4764
15.5756
15.6774
15.7818
15.8886
15.9978
16.1093
16.223
16.3387
16.4562
16.5752
16.6956
16.8167
16.938
17.059
17.179
17.2971
17.4124
17.5238
17.6303
17.7307
17.824
17.9091
17.9851
18.0511
18.1065
18.1506
18.183
18.2035
18.2119
18.2081
18.1921
18.1639
18.1235
18.0708
18.0057
17.9283
17.8382
17.7353
17.6193
17.4898
17.3466
17.1893
17.0174
16.8307
16.6287
16.4112
16.1779
15.9288
15.6638
15.3831
15.087
14.7761
14.451
14.1125
13.7618
13.4001
13.0287
12.6492
12.2634
11.8732
11.48
11.0876
10.7505
10.4558
10.1494
9.83171
9.50699
9.17027
8.86186
8.45721
8.37181
7.45955
8.74581
4.94753
12.4345
12.8814
12.7584
12.6257
12.4928
12.3567
12.217
12.0758
11.9335
11.7881
11.6352
11.4703
11.2889
11.0856
10.8545
10.5933
10.3046
9.99189
9.65725
9.30229
8.92746
8.53205
8.1153
7.6769
7.21667
6.73461
6.23073
5.70514
5.15798
4.58961
4.0004
3.39111
2.76271
2.11656
1.45429
0.778161
0.0906741
-0.605038
-1.30557
-2.00694
-2.70495
-3.39504
-4.07256
-4.73262
-5.37033
-5.98094
-6.55973
-7.10228
-7.60446
-8.06262
-8.47356
-8.83467
-9.14387
-9.3998
-9.60165
-9.74938
-9.84352
-9.8852
-9.87611
-9.81846
-9.71475
-9.56797
-9.38125
-9.15804
-8.90167
-8.61589
-8.30406
-7.96946
-7.66324
-7.37237
-7.07485
-6.72187
-6.41145
-5.94644
-5.72865
-4.98005
-5.1942
-3.61739
-5.2455
-1.29426
-6.97097
12.9741
13.0553
13.1422
13.2306
13.3225
13.417
13.5145
13.6147
13.7175
13.8228
13.9304
14.0402
14.152
14.2656
14.3807
14.4971
14.6145
14.7327
14.8513
14.9702
15.0888
15.2069
15.324
15.4397
15.5533
15.6642
15.7719
15.8754
15.974
16.0668
16.153
16.2316
16.3018
16.3628
16.4138
16.4542
16.4834
16.5008
16.506
16.4987
16.4783
16.4447
16.3974
16.3361
16.2604
16.1701
16.0647
15.9439
15.8072
15.6545
15.4854
15.2997
15.0974
14.8784
14.6428
14.3908
14.123
13.8399
13.5421
13.2308
12.907
12.572
12.2273
11.8744
11.5154
11.1516
10.7868
10.4718
10.1956
9.90747
9.60784
9.30074
8.98149
8.68836
8.30348
8.22067
7.35181
8.57828
4.91879
12.1818
11.1338
11.0294
10.9168
10.8027
10.6836
10.5594
10.4327
10.3049
10.1763
10.0457
9.91002
9.76546
9.6085
9.43481
9.23938
9.01957
8.77667
8.51322
8.23073
7.93048
7.61279
7.27674
6.92129
6.54605
6.15082
5.73549
5.29992
4.84414
4.36837
3.87308
3.35886
2.82671
2.27761
1.71293
1.13424
0.543422
-0.0574222
-0.665751
-1.27882
-1.89341
-2.50616
-3.11332
-3.71098
-4.29499
-4.86108
-5.40501
-5.92253
-6.40964
-6.86244
-7.27749
-7.65161
-7.98214
-8.26694
-8.50437
-8.69343
-8.83371
-8.92533
-8.96907
-8.9661
-8.91815
-8.82737
-8.69619
-8.52743
-8.32394
-8.08901
-7.82579
-7.53712
-7.26875
-7.0099
-6.74428
-6.4231
-6.14309
-5.7105
-5.51701
-4.80799
-5.02594
-3.51798
-5.0927
-1.28132
-6.7972
11.2144
11.2867
11.3641
11.4436
11.5267
11.6127
11.702
11.7945
11.8902
11.989
12.0909
12.1959
12.3037
12.4143
12.5275
12.6431
12.7607
12.8802
13.0013
13.1236
13.2466
13.3701
13.4936
13.6166
13.7388
13.8596
13.9785
14.095
14.2085
14.3186
14.4244
14.5254
14.6208
14.71
14.792
14.8662
14.9318
14.9878
15.0337
15.0687
15.0919
15.1029
15.101
15.0856
15.0561
15.012
14.9528
14.878
14.7872
14.6801
14.5563
14.4155
14.2575
14.0824
13.89
13.6807
13.4547
13.2124
12.9546
12.6821
12.3958
12.0969
11.7869
11.4671
11.1395
10.8054
10.4687
10.1763
9.91891
9.64956
9.36848
9.07948
8.7783
8.50065
8.13658
8.05554
7.232
8.39819
4.87455
11.9279
9.66481
9.57589
9.48019
9.38313
9.28121
9.1726
9.05931
8.9437
8.82702
8.70956
8.59057
8.46774
8.33803
8.19841
8.04527
7.87433
7.68305
7.47196
7.24297
6.9973
6.73624
6.46069
6.17034
5.86423
5.54173
5.20233
4.84558
4.47107
4.0787
3.66844
3.24056
2.79549
2.33387
1.85649
1.36454
0.859296
0.34245
-0.184141
-0.718223
-1.25738
-1.79883
-2.33964
-2.87659
-3.40615
-3.92478
-4.42871
-4.91418
-5.37739
-5.81467
-6.22246
-6.59751
-6.93676
-7.23767
-7.49799
-7.71605
-7.89064
-8.02116
-8.10743
-8.14986
-8.14935
-8.10728
-8.02533
-7.90568
-7.75063
-7.56292
-7.34548
-7.10051
-6.86853
-6.64076
-6.40622
-6.11643
-5.8663
-5.46632
-5.29678
-4.62783
-4.84967
-3.40984
-4.93372
-1.2578
-6.62122
9.73478
9.79862
9.86688
9.93732
10.0111
10.0877
10.1676
10.2506
10.3368
10.4263
10.5191
10.6152
10.7145
10.817
10.9228
11.0316
11.1435
11.2581
11.3755
11.4953
11.6173
11.7412
11.8666
11.9932
12.1206
12.2482
12.3755
12.5021
12.6273
12.7505
12.8711
12.9885
13.102
13.2108
13.3144
13.4119
13.5027
13.5858
13.6607
13.7264
13.7822
13.8272
13.8608
13.8821
13.8904
13.8851
13.8653
13.8306
13.7804
13.7141
13.6313
13.5317
13.4148
13.2807
13.1291
12.9601
12.7741
12.5712
12.352
12.1172
11.8676
11.6043
11.3285
11.0417
10.7455
10.4413
10.1329
9.86337
9.62518
9.37498
9.1129
8.84244
8.55987
8.29796
7.95564
7.87584
7.09934
8.2045
4.81691
11.6679
8.46426
8.38841
8.30655
8.22303
8.13553
8.04248
7.94396
7.84108
7.73552
7.6288
7.52144
7.4129
7.30129
7.18406
7.05854
6.92162
6.76951
6.5998
6.41268
6.20976
5.99213
5.76109
5.51779
5.26211
4.99299
4.70963
4.41151
4.09842
3.77021
3.42684
3.06827
2.69467
2.30618
1.90319
1.48627
1.05623
0.614091
0.161172
-0.300972
-0.770485
-1.24529
-1.72305
-2.20111
-2.67663
-3.14655
-3.60773
-4.05677
-4.49032
-4.90491
-5.2972
-5.66392
-6.00197
-6.30853
-6.58107
-6.81743
-7.01593
-7.17521
-7.29449
-7.37348
-7.41232
-7.41166
-7.37251
-7.29637
-7.18502
-7.04056
-6.86559
-6.66177
-6.4644
-6.26649
-6.06192
-5.80285
-5.58184
-5.21436
-5.06824
-4.43964
-4.66529
-3.29325
-4.76797
-1.22501
-6.44057
8.52519
8.5818
8.64216
8.70468
8.77017
8.83844
8.90967
8.98388
9.06114
9.14151
9.22505
9.3118
9.40176
9.49497
9.59141
9.6911
9.79397
9.89996
10.009
10.121
10.2358
10.3532
10.4731
10.5951
10.7191
10.8447
10.9714
11.0989
11.2267
11.3543
11.4811
11.6065
11.7298
11.8504
11.9674
12.0803
12.1881
12.2901
12.3855
12.4736
12.5533
12.6241
12.6848
12.7349
12.7733
12.7994
12.8123
12.8113
12.7958
12.765
12.7184
12.6555
12.5758
12.4791
12.3651
12.2338
12.0852
11.9195
11.7371
11.5385
11.3244
11.0957
10.8535
10.5991
10.3341
10.0596
9.7795
9.53306
9.31424
9.08344
8.84068
8.58912
8.32563
8.07971
7.75989
7.68098
6.95316
7.99637
4.74704
11.3988
7.47335
7.40789
7.33715
7.26449
7.18809
7.10707
7.02186
6.9325
6.83917
6.743
6.64539
6.54701
6.44753
6.34549
6.23873
6.12502
6.00181
5.86578
5.71439
5.54759
5.36704
5.17389
4.96908
4.75331
4.52623
4.28695
4.03488
3.76992
3.49204
3.2012
2.89725
2.58015
2.24987
1.90657
1.55059
1.18239
0.802631
0.412167
0.012069
-0.396362
-0.811625
-1.23192
-1.65527
-2.07938
-2.50183
-2.91992
-3.33084
-3.73159
-4.1191
-4.49027
-4.84205
-5.17139
-5.47545
-5.75153
-5.99731
-6.21061
-6.38975
-6.5334
-6.64069
-6.71114
-6.74478
-6.74199
-6.70366
-6.63097
-6.52547
-6.38937
-6.22369
-6.0588
-5.88924
-5.71324
-5.48388
-5.29092
-4.95554
-4.83209
-4.24388
-4.47308
-3.16848
-4.5952
-1.18356
-6.25538
7.52667
7.57684
7.63019
7.68559
7.74367
7.8043
7.86765
7.93376
8.00272
8.07459
8.14944
8.22733
8.30831
8.39242
8.4797
8.57017
8.66384
8.76067
8.86067
8.96376
9.06988
9.17891
9.29074
9.4052
9.52213
9.64127
9.76237
9.88513
10.0092
10.1342
10.2598
10.3853
10.5103
10.6341
10.7562
10.8758
10.9923
11.1048
11.2126
11.3148
11.4107
11.4992
11.5796
11.6509
11.7123
11.7629
11.8019
11.8283
11.8415
11.8407
11.8251
11.7941
11.7472
11.6838
11.6038
11.5068
11.3926
11.2615
11.1136
10.9492
10.7689
10.5734
10.3637
10.1409
9.90636
9.66132
9.40923
9.18576
8.9863
8.77497
8.5517
8.31925
8.07515
7.84544
7.54869
7.47053
6.7928
7.77344
4.665
11.1193
6.62145
6.56473
6.50375
6.44115
6.37525
6.30513
6.23115
6.15384
6.07311
5.98875
5.9009
5.81036
5.71796
5.62422
5.52861
5.42976
5.32587
5.21511
5.09453
4.96106
4.81363
4.65343
4.48161
4.29912
4.10671
3.90431
3.6913
3.4673
3.23219
2.98582
2.72789
2.45821
2.17664
1.88323
1.57819
1.2618
0.934529
0.596948
0.249822
-0.105917
-0.469157
-0.838594
-1.21269
-1.5897
-1.96764
-2.34437
-2.71751
-3.08455
-3.44283
-3.78959
-4.12201
-4.43732
-4.73274
-5.00566
-5.25354
-5.47414
-5.66545
-5.82582
-5.95392
-6.04882
-6.10999
-6.13731
-6.13106
-6.09195
-6.0209
-5.91976
-5.78896
-5.65416
-5.51115
-5.36202
-5.16109
-4.99487
-4.69084
-4.5891
-4.04102
-4.2734
-3.03581
-4.41582
-1.13419
-6.06561
6.66838
6.71307
6.76053
6.81
6.8619
6.91621
6.973
7.03239
7.09438
7.15912
7.2266
7.29694
7.37014
7.44631
7.52544
7.60763
7.69284
7.78115
7.87251
7.96698
8.06447
8.16498
8.26839
8.37467
8.48364
8.59519
8.70909
8.82518
8.94316
9.06279
9.18367
9.30548
9.42775
9.55005
9.67183
9.79253
9.91151
10.0281
10.1416
10.2513
10.3563
10.4558
10.5489
10.6348
10.7126
10.7813
10.84
10.8879
10.924
10.9476
10.9577
10.9537
10.9348
10.9006
10.8504
10.784
10.701
10.6014
10.4852
10.3526
10.204
10.04
9.86124
9.66874
9.46378
9.24736
9.0228
8.82197
8.64169
8.44972
8.24592
8.03264
7.80808
7.59476
7.32144
7.24406
6.61751
7.53538
4.57082
10.8279
5.91138
5.86253
5.81032
5.75684
5.70063
5.64072
5.57738
5.51083
5.44099
5.36709
5.28812
5.20362
5.11456
5.02272
4.93011
4.83752
4.74426
4.64837
4.54787
4.44016
4.32209
4.19155
4.0487
3.89447
3.7302
3.55737
3.37647
3.18679
2.98759
2.77839
2.55886
2.32878
2.08804
1.83665
1.57473
1.30246
1.02011
0.728047
0.426778
0.116954
-0.200619
-0.524962
-0.854903
-1.18907
-1.52592
-1.86373
-2.20055
-2.53428
-2.86266
-3.18329
-3.49373
-3.79141
-4.07383
-4.3384
-4.58271
-4.80446
-5.00152
-5.172
-5.31431
-5.42714
-5.50959
-5.56106
-5.58139
-5.57077
-5.52961
-5.4594
-5.35998
-5.25262
-5.13416
-5.01001
-4.83593
-4.69491
-4.42125
-4.34004
-3.83157
-4.06651
-2.89555
-4.22937
-1.07798
-5.87044
5.95238
5.99165
6.03334
6.07678
6.12241
6.17015
6.22017
6.27246
6.32719
6.38435
6.44409
6.50641
6.57145
6.63921
6.70979
6.78319
6.85953
6.93877
7.02102
7.10622
7.19444
7.28563
7.37981
7.47688
7.57683
7.67953
7.78491
7.89277
8.00298
8.1153
8.22949
8.34524
8.46225
8.58011
8.69842
8.81667
8.93436
9.0509
9.16568
9.27802
9.3872
9.49244
9.59294
9.68787
9.77635
9.85749
9.93038
9.99408
10.0477
10.0903
10.1211
10.1391
10.1437
10.134
10.1096
10.0698
10.0143
9.94289
9.8554
9.75189
9.63255
9.49778
9.34811
9.18438
9.00765
8.81882
8.62094
8.44224
8.28076
8.10789
7.92333
7.72913
7.52411
7.32724
7.07753
7.00115
6.42663
7.28148
4.46502
10.5213
5.31789
5.27526
5.22991
5.18378
5.13554
5.08436
5.03032
4.97364
4.91409
4.85073
4.7819
4.70618
4.6233
4.53471
4.44303
4.35126
4.26145
4.17366
4.08567
3.99449
3.89723
3.79104
3.67378
3.54516
3.40589
3.25716
3.10081
2.93771
2.76701
2.58757
2.3988
2.20062
1.99306
1.77618
1.55006
1.31475
1.07034
0.817046
0.555167
0.285127
0.00750137
-0.277015
-0.567535
-0.863023
-1.16227
-1.46391
-1.76636
-2.06791
-2.36666
-2.66061
-2.94761
-3.22543
-3.49177
-3.74428
-3.98067
-4.19869
-4.39621
-4.57123
-4.72201
-4.84704
-4.94506
-5.01519
-5.0568
-5.06975
-5.05397
-5.0106
-4.93893
-4.85622
-4.76011
-4.65887
-4.50988
-4.39229
-4.14773
-4.08566
-3.61619
-3.85258
-2.74845
-4.03549
-1.01644
-5.66785
5.35375
5.38815
5.42455
5.46246
5.50221
5.54378
5.58726
5.63273
5.68022
5.72988
5.78172
5.8359
5.89244
5.95149
6.01306
6.07729
6.14422
6.21394
6.28647
6.36191
6.44024
6.52154
6.60578
6.693
6.78312
6.87616
6.972
7.0706
7.17181
7.27551
7.38148
7.48953
7.5994
7.71079
7.82334
7.93669
8.05037
8.1639
8.27674
8.38833
8.49799
8.60506
8.70878
8.80839
8.90308
8.99198
9.07423
9.14892
9.21514
9.27199
9.31855
9.35396
9.37735
9.38794
9.38501
9.36793
9.33621
9.28946
9.2274
9.14993
9.0571
8.9491
8.82636
8.6895
8.5394
8.37679
8.20451
8.04713
7.90394
7.74968
7.58403
7.40862
7.22289
7.04253
6.81639
6.74135
6.21966
7.01063
4.34881
10.1946
4.76823
4.73158
4.69252
4.65289
4.61165
4.56805
4.52205
4.47367
4.42267
4.36862
4.31054
4.24703
4.17698
4.10026
4.01792
3.93209
3.84551
3.76074
3.67882
3.59841
3.51642
3.42938
3.33413
3.22873
3.11304
2.98776
2.85354
2.71181
2.56357
2.40828
2.24491
2.07315
1.89315
1.70512
1.50911
1.30506
1.0929
0.872693
0.644596
0.408926
0.166069
-0.0834551
-0.339021
-0.599819
-0.864951
-1.13332
-1.4037
-1.67469
-1.94475
-2.21221
-2.47525
-2.73193
-2.98023
-3.21804
-3.44326
-3.65375
-3.84744
-4.02239
-4.17678
-4.30894
-4.41746
-4.50115
-4.55912
-4.59096
-4.59616
-4.57548
-4.5279
-4.46691
-4.39087
-4.31026
-4.18442
-4.0883
-3.87141
-3.8267
-3.39576
-3.63156
-2.59572
-3.83276
-0.951576
-5.45465
4.79916
4.8289
4.86051
4.89356
4.92832
4.9648
5.00309
5.04326
5.08537
5.12949
5.1757
5.22406
5.27463
5.32747
5.38266
5.44027
5.50036
5.56298
5.6282
5.69608
5.76666
5.83999
5.91608
5.99498
6.07668
6.16118
6.24845
6.33845
6.43112
6.52636
6.62406
6.72404
6.82617
6.93019
7.03586
7.14284
7.2508
7.35934
7.468
7.5763
7.68369
7.78954
7.89324
7.99407
8.09129
8.18412
8.27173
8.35326
8.42786
8.49461
8.55264
8.60105
8.63897
8.66556
8.68006
8.68173
8.66999
8.64428
8.60425
8.54964
8.48034
8.39642
8.29815
8.18597
8.06054
7.92253
7.77439
7.63742
7.51171
7.37545
7.2281
7.07106
6.90425
6.74026
6.53744
6.46408
5.99635
6.72064
4.22482
9.84161
4.27784
4.24595
4.21173
4.17676
4.14034
4.10183
4.06115
4.01814
3.97254
3.92403
3.87248
3.81756
3.7587
3.69522
3.62689
3.554
3.47759
3.39932
3.32125
3.2449
3.17027
3.09535
3.01692
2.93151
2.83673
2.73228
2.61901
2.49724
2.3678
2.23215
2.09051
1.94202
1.78626
1.62336
1.45353
1.2766
1.0924
0.900867
0.702157
0.496472
0.284124
0.0654573
-0.159032
-0.388771
-0.623037
-0.861023
-1.10174
-1.3441
-1.58684
-1.82861
-2.06787
-2.30296
-2.53214
-2.75353
-2.96525
-3.16539
-3.35197
-3.52314
-3.67706
-3.81207
-3.92661
-4.01937
-4.08926
-4.1356
-4.15759
-4.15568
-4.12846
-4.08629
-4.02794
-3.96564
-3.86084
-3.78393
-3.5935
-3.56346
-3.17173
-3.40259
-2.43996
-3.6178
-0.887636
-5.22499
4.30462
4.33042
4.35781
4.38648
4.41671
4.4485
4.48197
4.51714
4.55414
4.59298
4.63377
4.67655
4.7214
4.76837
4.81755
4.86896
4.92271
4.97882
5.03738
5.09842
5.16201
5.22817
5.29697
5.36841
5.44252
5.51932
5.59879
5.6809
5.76564
5.85294
5.94271
6.03484
6.12924
6.22571
6.32405
6.42404
6.5254
6.62781
6.7309
6.83426
6.93745
7.03994
7.14118
7.24056
7.33743
7.43108
7.52076
7.6057
7.68506
7.75802
7.82371
7.88127
7.92982
7.96855
7.99661
8.01325
8.01777
8.00958
7.98814
7.95316
7.90438
7.84169
7.76525
7.67532
7.57244
7.45705
7.33144
7.21359
7.10453
6.98539
6.85561
6.7163
6.56788
6.42008
6.24023
6.16831
5.75739
6.40733
4.09993
9.45027
3.83971
3.81138
3.78093
3.74971
3.71707
3.68255
3.64604
3.60743
3.56639
3.52273
3.47639
3.42745
3.37565
3.32065
3.26204
3.19951
3.13279
3.06189
2.98716
2.90958
2.83048
2.75127
2.67279
2.59548
2.51918
2.4428
2.36403
2.2788
2.18107
2.06675
1.93915
1.80528
1.66848
1.52796
1.38164
1.22846
1.0683
0.901525
0.728375
0.549048
0.363666
0.172477
-0.0241972
-0.225881
-0.432099
-0.642195
-0.855458
-1.07101
-1.28784
-1.50484
-1.72075
-1.93414
-2.14355
-2.34737
-2.54392
-2.73148
-2.90829
-3.07257
-3.22258
-3.35669
-3.47331
-3.57107
-3.64875
-3.70544
-3.74015
-3.75311
-3.74265
-3.71622
-3.67321
-3.62655
-3.54094
-3.48022
-3.31576
-3.29586
-2.94649
-3.16365
-2.2851
-3.38661
-0.831528
-4.97306
3.86379
3.88712
3.91184
3.93769
3.96487
3.99342
4.02336
4.05481
4.0878
4.12243
4.15874
4.19683
4.23674
4.27856
4.32234
4.36817
4.41607
4.46616
4.51845
4.57304
4.62994
4.68924
4.75096
4.81516
4.88186
4.9511
5.02284
5.09711
5.17391
5.25322
5.33493
5.41901
5.50534
5.59385
5.68435
5.77665
5.87055
5.96583
6.06218
6.15924
6.25666
6.35399
6.45077
6.54651
6.64061
6.73248
6.82143
6.90677
6.98777
7.06363
7.13357
7.19678
7.25236
7.29953
7.33751
7.36542
7.38259
7.38837
7.3821
7.36343
7.33199
7.28754
7.23004
7.15975
7.07693
6.98199
6.87684
6.77672
6.68311
6.58002
6.46682
6.34447
6.21362
6.08156
5.92442
5.85247
5.50465
6.06471
3.98329
9.01201
3.30895
3.28509
3.25945
3.23298
3.20513
3.1755
3.14413
3.11105
3.07608
3.03902
2.99969
2.95816
2.91461
2.869
2.82101
2.7706
2.71789
2.6631
2.60629
2.54777
2.48802
2.42782
2.36765
2.30727
2.24506
2.17843
2.10468
2.0228
1.93428
1.84104
1.74265
1.63749
1.52559
1.40841
1.28648
1.15943
1.02673
0.888226
0.74392
0.594034
0.438743
0.278262
0.112722
-0.0576234
-0.232521
-0.411484
-0.594012
-0.779459
-0.967087
-1.15605
-1.34537
-1.53394
-1.72057
-1.90395
-2.08266
-2.25521
-2.42004
-2.57556
-2.72013
-2.85216
-2.9701
-3.07251
-3.15808
-3.22568
-3.27413
-3.30329
-3.3115
-3.30238
-3.27719
-3.24726
-3.18524
-3.13996
-3.01023
-2.99423
-2.705
-2.89051
-2.12956
-3.11985
-0.792397
-4.69108
3.32955
3.34969
3.37103
3.3934
3.41696
3.44171
3.4677
3.49501
3.52367
3.55377
3.58534
3.61845
3.65315
3.68956
3.72767
3.76756
3.80931
3.85298
3.8986
3.94624
3.99594
4.0478
4.10183
4.15806
4.21655
4.27735
4.34045
4.4059
4.47369
4.54386
4.61633
4.69109
4.76809
4.84732
4.92859
5.0118
5.09682
5.18352
5.27164
5.36094
5.45111
5.54183
5.63277
5.72352
5.81356
5.90248
5.98966
6.07448
6.15637
6.23459
6.30845
6.37722
6.44004
6.49614
6.54484
6.58523
6.61655
6.63815
6.64931
6.6495
6.6383
6.61528
6.58032
6.5334
6.47466
6.40441
6.32411
6.24558
6.171
6.08772
5.99525
5.89418
5.78554
5.67352
5.54637
5.47275
5.21345
5.64479
3.879
8.47541
2.79056
2.77196
2.752
2.73134
2.70943
2.68595
2.66108
2.63498
2.60759
2.57871
2.54813
2.51577
2.4818
2.44648
2.40993
2.37203
2.33246
2.29131
2.24896
2.20577
2.16165
2.11621
2.06868
2.0182
1.96368
1.9043
1.83975
1.77044
1.69722
1.6214
1.54368
1.46308
1.3774
1.28538
1.18775
1.08572
0.979309
0.868071
0.751841
0.63087
0.505264
0.375086
0.240254
0.10087
-0.0429027
-0.190758
-0.342345
-0.497252
-0.654994
-0.814953
-0.976447
-1.13868
-1.30073
-1.46157
-1.62011
-1.7751
-1.92523
-2.06912
-2.20532
-2.33239
-2.44884
-2.55327
-2.64429
-2.72068
-2.78109
-2.82509
-2.85095
-2.85906
-2.85096
-2.83915
-2.79893
-2.77419
-2.67265
-2.67549
-2.42588
-2.61847
-1.92196
-2.88674
-0.681025
-4.50976
2.80682
2.82284
2.83979
2.85758
2.87632
2.89602
2.91674
2.93854
2.96143
2.98551
3.01081
3.03738
3.06528
3.09462
3.12539
3.15768
3.19157
3.22709
3.26433
3.30332
3.3441
3.38679
3.43138
3.4779
3.52644
3.57704
3.62975
3.68457
3.74154
3.80069
3.86203
3.92553
3.99124
4.05914
4.12912
4.20116
4.27517
4.35108
4.4287
4.50792
4.58849
4.67022
4.75285
4.83604
4.91948
5.00279
5.08549
5.16709
5.24714
5.32502
5.40013
5.47185
5.53945
5.60219
5.65944
5.71036
5.7542
5.79026
5.8178
5.83619
5.8449
5.84344
5.83149
5.80883
5.77543
5.73147
5.67812
5.62327
5.56968
5.50865
5.43955
5.36287
5.27964
5.1926
5.0969
5.03618
4.84489
5.22758
3.62929
8.1287
2.36705
2.35152
2.33496
2.31794
2.30004
2.28091
2.2606
2.23926
2.21696
2.19356
2.1689
2.14279
2.11522
2.08617
2.05564
2.02369
1.99025
1.95507
1.9177
1.87792
1.8359
1.79204
1.74658
1.69972
1.65165
1.60282
1.55352
1.5036
1.45218
1.39774
1.33886
1.27526
1.20757
1.13598
1.05977
0.978319
0.892204
0.802302
0.708802
0.611504
0.510193
0.404805
0.295272
0.181691
0.0641757
-0.0570867
-0.181904
-0.310022
-0.441107
-0.574737
-0.710418
-0.847584
-0.985546
-1.12353
-1.2607
-1.39606
-1.52856
-1.65706
-1.78037
-1.89721
-2.00629
-2.10631
-2.19595
-2.27401
-2.33913
-2.39077
-2.42708
-2.44656
-2.45037
-2.45174
-2.42808
-2.41962
-2.34079
-2.36051
-2.14326
-2.34689
-1.70185
-2.65908
-0.548019
-4.33912
2.38069
2.39411
2.40821
2.42296
2.43843
2.45467
2.47171
2.48957
2.50833
2.52802
2.54867
2.57034
2.5931
2.61699
2.64204
2.66834
2.69594
2.72489
2.75527
2.78709
2.82041
2.85532
2.89185
2.93006
2.97
3.01168
3.05517
3.10053
3.14775
3.19688
3.24795
3.30096
3.35595
3.41292
3.47184
3.53268
3.59544
3.66004
3.72639
3.79444
3.86403
3.93503
4.00723
4.08043
4.15441
4.22888
4.30346
4.37781
4.45153
4.5242
4.59527
4.66425
4.73056
4.79354
4.85263
4.9071
4.95627
4.99946
5.03599
5.0652
5.08655
5.09944
5.10347
5.09834
5.08387
5.06018
5.02814
4.9925
4.95632
4.914
4.86499
4.80968
4.74916
4.68527
4.61817
4.57264
4.44203
4.79824
3.33833
7.78867
1.96643
1.95334
1.93966
1.9259
1.91165
1.8964
1.88007
1.86279
1.8448
1.82608
1.8065
1.78583
1.76399
1.74093
1.71669
1.69124
1.6645
1.63648
1.60723
1.57654
1.54393
1.50893
1.47163
1.43252
1.39205
1.35056
1.30834
1.26567
1.22266
1.17884
1.13318
1.08443
1.03172
0.97519
0.915254
0.851646
0.783756
0.711677
0.636277
0.558056
0.476733
0.391973
0.303678
0.211928
0.116771
0.0182915
-0.0833941
-0.188107
-0.295605
-0.405598
-0.517727
-0.631619
-0.746772
-0.862606
-0.978501
-1.09369
-1.20734
-1.3186
-1.42648
-1.52993
-1.62785
-1.71911
-1.80254
-1.87705
-1.94138
-1.99494
-2.03594
-2.0617
-2.0731
-2.08318
-2.07167
-2.07503
-2.01488
-2.04717
-1.85964
-2.06962
-1.47688
-2.41888
-0.410974
-4.13446
1.97816
1.98976
2.00199
2.01475
2.02815
2.04219
2.05689
2.07227
2.08839
2.10525
2.1229
2.14137
2.16071
2.18094
2.20211
2.22428
2.24749
2.27176
2.29717
2.32374
2.35154
2.38061
2.41102
2.44279
2.47601
2.51066
2.54683
2.58455
2.62386
2.66477
2.70737
2.75161
2.79757
2.84524
2.8946
2.94569
2.99848
3.05293
3.10903
3.1667
3.22588
3.28647
3.34834
3.41136
3.47537
3.54016
3.60547
3.67102
3.73653
3.80165
3.86598
3.9291
3.99061
4.0499
4.10657
4.15996
4.2095
4.25462
4.2947
4.32909
4.35731
4.37873
4.39294
4.39962
4.3985
4.38961
4.3736
4.35295
4.33058
4.3035
4.27116
4.23403
4.19307
4.14999
4.10838
4.07809
4.0039
4.33463
3.02366
7.35948
1.61368
1.60258
1.59113
1.57981
1.56828
1.55605
1.54291
1.52891
1.5143
1.49918
1.48348
1.46697
1.4495
1.43102
1.41158
1.39123
1.3699
1.34748
1.32395
1.29934
1.27376
1.24699
1.21848
1.18763
1.15447
1.1196
1.08364
1.04693
1.00979
0.972399
0.934685
0.896112
0.855747
0.812638
0.766291
0.716972
0.664927
0.609706
0.550887
0.488949
0.424605
0.357961
0.288641
0.216367
0.14104
0.0627344
-0.0184075
-0.102197
-0.188463
-0.277022
-0.367665
-0.460126
-0.554059
-0.649042
-0.744599
-0.84018
-0.935149
-1.02884
-1.12046
-1.20919
-1.2941
-1.37426
-1.44866
-1.51639
-1.57629
-1.62787
-1.66939
-1.69773
-1.71332
-1.72866
-1.72554
-1.73717
-1.69181
-1.73333
-1.5718
-1.78493
-1.24176
-2.16393
-0.262273
-3.89643
1.62363
1.63344
1.64371
1.65436
1.66549
1.67706
1.68915
1.70174
1.71488
1.72859
1.74291
1.75786
1.77348
1.78978
1.80682
1.82464
1.84327
1.86272
1.88308
1.90436
1.92664
1.94991
1.97425
1.99968
2.02628
2.05407
2.08309
2.11339
2.14503
2.17802
2.21242
2.24823
2.28552
2.32429
2.36454
2.40629
2.44957
2.49434
2.5406
2.58831
2.63742
2.68789
2.73963
2.79256
2.84653
2.90143
2.95709
3.01328
3.06977
3.12631
3.18262
3.23833
3.29317
3.34662
3.39838
3.44792
3.49478
3.53845
3.57844
3.61415
3.64515
3.67087
3.69091
3.70493
3.7127
3.71416
3.70983
3.70041
3.68871
3.67359
3.65469
3.63244
3.60781
3.58262
3.56253
3.54629
3.52147
3.82637
2.66251
6.8498
1.30943
1.30081
1.29175
1.28264
1.27339
1.26379
1.25357
1.24266
1.23116
1.21921
1.20682
1.19387
1.18018
1.16566
1.15036
1.13433
1.11755
1.09995
1.08146
1.06204
1.04166
1.02038
0.998218
0.974992
0.95008
0.922947
0.893648
0.862851
0.83124
0.799207
0.766951
0.734557
0.701786
0.668133
0.632793
0.595117
0.554932
0.512487
0.467747
0.420282
0.370002
0.317563
0.263291
0.206884
0.147981
0.086603
0.0229615
-0.0427138
-0.110323
-0.179792
-0.251069
-0.323983
-0.398313
-0.473756
-0.549976
-0.6266
-0.70315
-0.779142
-0.853971
-0.927018
-0.997532
-1.06479
-1.12797
-1.18634
-1.23891
-1.2853
-1.32393
-1.35168
-1.36854
-1.386
-1.38795
-1.40446
-1.37031
-1.41767
-1.27812
-1.49153
-0.992888
-1.89174
-0.093567
-3.62137
1.31728
1.32501
1.33307
1.34143
1.35012
1.35917
1.36859
1.37837
1.38856
1.39918
1.41023
1.42175
1.43375
1.44627
1.45933
1.47296
1.48718
1.50203
1.51754
1.53376
1.5507
1.56842
1.58692
1.60627
1.62649
1.64763
1.66969
1.69276
1.71686
1.74203
1.76829
1.79569
1.82428
1.85408
1.88507
1.91734
1.95088
1.98569
2.02178
2.05917
2.09777
2.13763
2.17867
2.22084
2.26405
2.30823
2.35328
2.39902
2.44531
2.49195
2.53871
2.58534
2.63162
2.67716
2.7217
2.76486
2.80627
2.84549
2.88214
2.91575
2.94592
2.97217
2.99416
3.01156
3.02417
3.03191
3.03516
3.03351
3.02936
3.02296
3.014
3.00314
2.99115
2.98023
2.97686
2.97199
2.98782
3.26609
2.23713
6.25843
0.976758
0.97066
0.963894
0.956713
0.949371
0.941995
0.93436
0.926231
0.917445
0.908139
0.898414
0.888333
0.877732
0.866537
0.854668
0.842217
0.82916
0.815519
0.801184
0.786144
0.770296
0.753661
0.73618
0.717947
0.699009
0.679282
0.658179
0.635233
0.610502
0.584728
0.558534
0.532364
0.506368
0.480676
0.455079
0.42919
0.402387
0.374258
0.344771
0.313921
0.28116
0.246094
0.208958
0.170118
0.129394
0.0864933
0.0413953
-0.00567733
-0.0545807
-0.105262
-0.157708
-0.211823
-0.267421
-0.324261
-0.382049
-0.440497
-0.499221
-0.557846
-0.615889
-0.672894
-0.72827
-0.781483
-0.831885
-0.878955
-0.921868
-0.960399
-0.993182
-1.01756
-1.03307
-1.04995
-1.05386
-1.07229
-1.04567
-1.09577
-0.97391
-1.18453
-0.725279
-1.59339
0.0979884
-3.26981
0.98232
0.987812
0.993552
0.999529
1.00576
1.01228
1.01908
1.02618
1.03358
1.04133
1.04941
1.05786
1.06668
1.07592
1.08557
1.09567
1.10621
1.11727
1.12883
1.14096
1.15363
1.16692
1.18084
1.19543
1.21069
1.22669
1.24341
1.26094
1.27926
1.29845
1.31848
1.33942
1.36128
1.3841
1.40786
1.43264
1.45841
1.48521
1.51299
1.54183
1.57164
1.60245
1.6342
1.66687
1.70041
1.73476
1.76984
1.80557
1.8418
1.87843
1.91527
1.95217
1.98895
2.02535
2.06119
2.09617
2.13005
2.16249
2.19323
2.22189
2.2482
2.27172
2.29229
2.30953
2.32331
2.33358
2.3406
2.3433
2.34386
2.34305
2.34081
2.33772
2.33435
2.33316
2.34028
2.34093
2.3853
2.63458
1.71739
5.52764
0.760116
0.757104
0.753368
0.749014
0.744494
0.740079
0.735621
0.730807
0.725379
0.719404
0.713072
0.706508
0.699593
0.692241
0.684356
0.675986
0.667151
0.657899
0.648123
0.637778
0.626781
0.615146
0.602813
0.589827
0.576185
0.562015
0.547382
0.532135
0.515532
0.497001
0.476645
0.4553
0.433596
0.411828
0.389918
0.367721
0.344846
0.320831
0.295256
0.268178
0.239921
0.210445
0.179193
0.146472
0.113181
0.0797461
0.0459373
0.0114955
-0.0237423
-0.0598162
-0.0967608
-0.134537
-0.173043
-0.212193
-0.251845
-0.291923
-0.332192
-0.372487
-0.412484
-0.451956
-0.490487
-0.527765
-0.56333
-0.596852
-0.627713
-0.655808
-0.680066
-0.698699
-0.710525
-0.724207
-0.727379
-0.744669
-0.722275
-0.772071
-0.66353
-0.867697
-0.443029
-1.26575
0.30504
-2.7954
0.762621
0.765019
0.767617
0.770381
0.773328
0.776475
0.779817
0.783388
0.787178
0.791198
0.79543
0.799912
0.804641
0.809643
0.814898
0.820437
0.826258
0.832413
0.838864
0.84566
0.852785
0.860298
0.868193
0.876496
0.885202
0.894371
0.903995
0.914123
0.924751
0.935944
0.947681
0.960033
0.972996
0.986613
1.00089
1.0159
1.03163
1.04812
1.06535
1.08338
1.10217
1.12175
1.14209
1.16321
1.18506
1.20762
1.23083
1.25467
1.27902
1.30381
1.32892
1.35424
1.37963
1.40491
1.42999
1.45459
1.4786
1.50175
1.52391
1.54479
1.56423
1.58189
1.59772
1.61139
1.62285
1.63206
1.63921
1.6434
1.64565
1.64705
1.64765
1.64816
1.64888
1.65296
1.66533
1.66668
1.72611
1.94425
1.11515
4.59369
0.16454
0.163208
0.161243
0.158433
0.155049
0.151553
0.148074
0.144409
0.140223
0.135465
0.130262
0.124778
0.118954
0.112702
0.105931
0.0986538
0.0908766
0.0826374
0.0738429
0.0644215
0.0542569
0.0433388
0.0315882
0.0189971
0.00547476
-0.0090266
-0.0246466
-0.0413924
-0.0594132
-0.0789843
-0.100556
-0.123563
-0.145429
-0.161674
-0.16783
-0.160732
-0.139339
-0.104613
-0.0597138
-0.00981968
0.0382841
0.0779561
0.104456
0.115953
0.113652
0.102271
0.0871472
0.070731
0.0527949
0.0326614
0.0104449
-0.0133575
-0.038163
-0.0637512
-0.0897476
-0.116012
-0.142135
-0.168009
-0.193307
-0.217971
-0.241694
-0.264392
-0.285783
-0.305808
-0.324064
-0.340712
-0.354904
-0.366039
-0.372657
-0.381786
-0.382243
-0.396644
-0.376458
-0.422512
-0.328098
-0.511868
-0.146119
-0.843721
0.45332
-1.95628
0.165807
0.16727
0.169052
0.171146
0.173552
0.176301
0.179372
0.182818
0.18662
0.190796
0.195322
0.200241
0.205541
0.21125
0.217339
0.223852
0.230773
0.23815
0.245933
0.254168
0.262844
0.271993
0.281573
0.291615
0.302089
0.313023
0.324384
0.336189
0.348396
0.361042
0.374063
0.387494
0.401273
0.415413
0.429871
0.444664
0.459739
0.475081
0.490658
0.506456
0.52241
0.538515
0.554741
0.571061
0.587432
0.603845
0.620263
0.636649
0.652995
0.669221
0.685352
0.701266
0.717005
0.732415
0.747566
0.762259
0.776569
0.790319
0.803537
0.815996
0.827712
0.838449
0.848248
0.856825
0.864229
0.87038
0.875496
0.878618
0.881052
0.883427
0.885967
0.888746
0.89114
0.894843
0.902455
0.889415
0.92945
1.10825
0.366842
3.14719
0.391879
0.395096
0.398298
0.401319
0.404142
0.406901
0.409829
0.412974
0.416209
0.41938
0.422519
0.42573
0.429111
0.432637
0.436285
0.44002
0.443897
0.447951
0.452222
0.456709
0.461447
0.466466
0.471856
0.477647
0.483915
0.490757
0.498507
0.507906
0.520264
0.537349
0.560803
0.590567
0.623464
0.652948
0.670638
0.668368
0.639782
0.581325
0.493491
0.381899
0.25797
0.137352
0.0363595
-0.0341377
-0.0731868
-0.0897595
-0.0958385
-0.0995417
-0.10272
-0.104441
-0.103886
-0.101761
-0.0989111
-0.0961186
-0.0934572
-0.091261
-0.0895511
-0.0886745
-0.0885123
-0.0892026
-0.0904978
-0.0924223
-0.0947275
-0.0974105
-0.100184
-0.103231
-0.106067
-0.109378
-0.110044
-0.11291
-0.110011
-0.118229
-0.102177
-0.134281
-0.0700811
-0.189987
0.0366574
-0.362881
0.369134
-0.846662
0.388544
0.385131
0.38164
0.378068
0.374439
0.370756
0.367026
0.363242
0.359431
0.355579
0.3517
0.347777
0.343829
0.33984
0.335823
0.331764
0.327678
0.323565
0.319433
0.315275
0.311123
0.306969
0.302827
0.298699
0.294606
0.290543
0.286537
0.282585
0.278707
0.274915
0.27123
0.267664
0.264242
0.260976
0.25791
0.255044
0.25243
0.250051
0.24798
0.246174
0.244693
0.24348
0.242618
0.242009
0.241748
0.241722
0.242031
0.242535
0.243354
0.244331
0.245592
0.246935
0.248501
0.250051
0.251733
0.253283
0.254869
0.256273
0.257641
0.258774
0.25983
0.260653
0.261383
0.261905
0.262393
0.262753
0.263169
0.264681
0.264099
0.262301
0.259493
0.256485
0.254145
0.256217
0.266959
0.270173
0.303912
0.398572
0.00804958
1.31522
)
;

boundaryField
{
    inlet
    {
        type            freestreamPressure;
        freestreamValue uniform 0;
        value           nonuniform List<scalar> 
134
(
0.813936
0.129033
-0.5866
-1.20853
-1.65875
-1.93555
-1.9866
-1.80767
-1.40363
-0.658117
-0.120965
-0.194546
-0.325432
-0.449581
-0.575639
-0.707903
-0.847482
-0.995056
-1.15262
-1.32384
1.4819
-1.51379
-1.72512
-1.94806
-2.15769
-2.30935
-2.38307
-2.51302
-2.51605
-2.5653
-3.06335
-2.81654
-2.82679
-2.88111
-2.9216
-2.94157
-2.96049
-3.00981
-3.13463
-3.28559
2.11012
2.75593
3.30092
3.59718
3.53548
2.92753
1.57824
-3.62465
-3.54834
-3.42659
-3.34716
-3.28854
-3.22304
-3.14886
-3.07259
-2.99625
-2.91893
-2.83955
-2.75814
-2.6747
-2.58885
-2.49969
-2.40582
-2.30466
-2.19363
-2.06928
-1.9893
-1.91399
-1.82362
-1.71847
-1.59693
-1.4416
-1.23207
-0.861916
-0.372816
0.547364
1.20956
1.94114
2.66197
3.36128
4.02329
4.58434
5.01268
5.31879
5.51291
5.62157
5.67434
5.69693
5.71014
5.74429
5.84802
6.04007
6.2493
6.42059
6.56073
6.68185
6.78624
6.87011
6.93156
6.97178
6.9945
7.00853
7.03174
7.10943
7.31028
7.74776
7.93296
7.74682
7.53211
7.39414
7.28106
7.15263
7.01201
6.86958
6.72652
6.58
6.42834
6.27088
6.10668
5.93398
5.74998
5.55114
5.33074
5.08389
4.78157
4.58648
4.39527
4.15385
3.86708
3.53424
3.12264
2.59617
1.77948
0.744213
)
;
    }
    outlet
    {
        type            freestreamPressure;
        freestreamValue uniform 0;
        value           nonuniform List<scalar> 
160
(
0.00117261
0.00116348
0.00118149
0.00115409
0.00119024
0.0011444
0.00119844
0.0011344
0.00120607
0.00112418
0.00121351
0.00111375
0.00122144
0.00110312
0.00122993
0.0010923
0.00123865
0.00108135
0.00124714
0.00107025
0.00125554
0.00105905
0.00126412
0.00104769
0.00127318
0.00103624
0.00128262
0.00102466
0.00129239
0.00101298
0.00130238
0.00100117
0.00131276
0.000989279
0.00132362
0.000977306
0.00133508
0.000965276
0.00134711
0.000953173
0.00135984
0.000941091
0.00137336
0.000929009
0.00138795
0.000916973
0.0014037
0.000904987
0.00142082
0.000893115
0.0014395
0.000881348
0.0014605
0.000869762
0.00148566
0.000858354
0.00151843
0.000847184
0.00156379
0.000836288
0.00162671
0.000825735
0.00170785
0.00081556
0.00179948
0.000805843
0.00188436
0.000796619
0.0019394
0.000788029
0.00194074
0.000780075
0.00186803
0.000772917
0.0017079
0.000766513
0.00145855
0.000761088
0.00113428
0.000756516
0.000768589
0.000752992
0.000409617
0.000750343
0.000108335
0.00074884
-0.000101377
0.000748188
-0.000216706
0.000748688
-0.000265113
0.000750007
-0.000282708
0.000752464
-0.000293618
0.000755643
-0.000303201
0.000759929
-0.000308566
0.000764849
-0.000307219
0.000770818
-0.000301234
0.000777221
-0.000293127
0.000784515
-0.000285212
0.000791978
-0.000277702
0.000800087
-0.000271587
0.000808037
-0.000266935
0.000816374
-0.000264791
0.000824423
-0.000264818
0.000832678
-0.000267446
0.000840512
-0.000271954
0.00084846
-0.000278437
0.000856034
-0.00028617
0.000863711
-0.000295163
0.000871134
-0.000304576
0.000878899
-0.000314965
0.000886735
-0.000324915
0.000895283
-0.000336268
0.000907001
-0.000339562
0.000911008
-0.000349592
0.000911516
-0.000342462
0.000909188
-0.000369075
0.000906873
-0.000322039
0.000907741
-0.000422375
0.000925361
-0.000225372
0.000976097
-0.00059787
0.00100281
0.000122658
0.00114458
-0.00111024
0.00152823
0.00135873
3.2454e-05
-0.00228102
0.00491549
)
;
    }
    walls
    {
        type            zeroGradient;
    }
    frontAndBack
    {
        type            empty;
    }
}


// ************************************************************************* //
