/*--------------------------------*- C++ -*----------------------------------*\
| =========                 |                                                 |
| \\      /  F ield         | OpenFOAM: The Open Source CFD Toolbox           |
|  \\    /   O peration     | Version:  2206                                  |
|   \\  /    A nd           | Website:  www.openfoam.com                      |
|    \\/     M anipulation  |                                                 |
\*---------------------------------------------------------------------------*/
FoamFile
{
    version     2.0;
    format      ascii;
    arch        "LSB;label=32;scalar=64";
    class       volScalarField;
    location    "500";
    object      p;
}
// * * * * * * * * * * * * * * * * * * * * * * * * * * * * * * * * * * * * * //

dimensions      [0 2 -2 0 0 0 0];

internalField   nonuniform List<scalar> 
10720
(
-62.2776
-133.564
-217.413
-300.051
-376.411
-454.199
-523.215
-581.158
-631.495
-670.882
-700.87
-722.956
-738.265
-747.525
-750.913
-747.779
-739.032
-723.619
-702.968
-677.139
-649.494
-623.086
-600.482
-573.519
-533.276
-482.196
-429.824
-384.229
-344.986
-308.07
-271.578
-235.417
-199.63
-163.848
-127.668
-90.0571
-51.5567
-6.9215
26.0024
9.08991
74.1315
143.469
208.204
263.523
305.438
330.179
338.464
336.064
323.159
302.13
278.586
255.041
232.257
210.876
190.764
171.975
154.078
136.804
119.66
102.596
85.3012
67.8679
50.7083
35.6902
23.8543
14.1398
6.25854
0.395439
-3.48418
-5.6286
-6.18605
-5.23921
-2.79433
1.1572
6.96905
15.2153
29.1389
52.8287
43.2075
-10.9472
-71.6196
-136.059
-202.278
-270.053
-335.832
-397.537
-454.484
-504.915
-548.622
-585.611
-615.788
-639.149
-655.515
-664.581
-667.099
-662.954
-653.197
-638.376
-621.137
-603.842
-587.571
-565.161
-528.404
-479.355
-428.215
-383.16
-344.104
-307.266
-270.803
-234.678
-198.964
-163.277
-127.203
-89.6893
-51.2679
-6.61712
25.6929
91.9378
138.389
184.723
229.415
268.801
300.267
320.675
329.369
327.941
317.251
300.068
279.871
258.609
237.222
216.418
196.444
177.43
159.196
141.542
124.141
106.891
89.5896
72.3168
55.498
40.6059
28.5675
18.7001
10.5894
4.19937
-0.36992
-3.13128
-4.17925
-3.61735
-1.47837
2.23636
7.8713
15.9848
29.8298
52.5887
56.9861
8.32944
-46.457
-106.947
-169.664
-233.946
-298.228
-359.851
-417.231
-469.369
-515.015
-553.613
-584.858
-608.941
-626.096
-636.739
-640.901
-638.643
-630.612
-617.533
-601.266
-583.842
-566.42
-544.536
-511.356
-467.255
-420.361
-377.832
-340.186
-304.373
-268.757
-233.28
-197.985
-162.55
-126.645
-89.2638
-50.9476
-6.36754
25.815
100.893
143.55
185.977
226.146
260.846
288.457
306.875
315.792
315.951
308.013
294.06
276.444
256.946
236.734
216.619
197.036
178.184
160.03
142.429
125.14
108.028
90.9528
73.9779
57.4855
42.6383
30.3397
20.2187
11.9203
5.43042
0.836597
-1.92463
-3.01114
-2.54087
-0.528065
3.05792
8.57937
16.6046
30.3152
52.1924
79.5939
38.8054
-7.79083
-59.0335
-112.832
-169.118
-226.227
-282.398
-336.307
-386.798
-432.75
-473.434
-508.384
-537.45
-560.509
-577.683
-588.522
-592.982
-591.376
-584.32
-573.1
-559.264
-543.645
-523.379
-493.539
-454.075
-411.203
-371.127
-334.897
-300.2
-265.574
-230.922
-196.303
-161.407
-125.893
-88.7835
-50.6486
-6.26821
26.0209
116.128
151.215
186.408
220.361
250.079
274.299
291.207
300.32
301.883
296.36
285.347
270.587
253.541
235.309
216.68
198.137
179.955
162.218
144.872
127.77
110.811
93.9229
77.1753
60.9278
46.1395
33.6603
23.323
14.8041
8.05994
3.15228
0.0249641
-1.42643
-1.27779
0.476109
3.87007
9.25568
17.1821
30.7195
51.748
85.7194
49.4034
7.72125
-38.4511
-87.0602
-138.517
-191.448
-244.242
-295.888
-345.23
-391.119
-432.749
-469.437
-500.687
-526.199
-545.661
-558.825
-565.694
-566.508
-561.886
-552.848
-540.681
-526.029
-506.852
-479.34
-443.143
-403.151
-364.861
-329.683
-295.864
-262.078
-228.184
-194.222
-159.895
-124.871
-88.1842
-50.3574
-6.3102
26.0847
118.33
149.479
180.808
211.03
237.501
259.35
275.182
284.416
287.082
283.599
275.12
262.958
248.257
231.977
214.87
197.442
180.031
162.814
145.826
129.008
112.304
95.6857
79.2365
63.2882
48.6328
36.0438
25.5128
16.7828
9.81516
4.67773
1.34387
-0.272028
-0.251903
1.39393
4.69348
9.99222
17.8266
31.1548
51.2949
89.5112
57.359
20.262
-20.7991
-64.0396
-110.16
-157.878
-205.915
-253.531
-299.668
-343.358
-383.832
-420.354
-452.325
-479.32
-500.961
-517.129
-527.629
-532.467
-532.005
-526.919
-518.103
-505.96
-489.017
-464.365
-431.582
-394.624
-358.369
-324.447
-291.579
-258.611
-225.422
-192.081
-158.306
-123.77
-87.532
-50.0956
-6.5235
25.9702
118.385
145.862
173.697
200.747
224.57
244.522
259.472
268.741
272.236
270.374
263.999
254.125
241.647
227.364
211.951
195.887
179.524
163.091
146.691
130.336
114.02
97.757
81.6483
66.0091
51.5147
38.868
28.1812
19.2747
12.1147
6.76546
3.21298
1.37381
1.17095
2.60106
5.70609
10.8365
18.5157
31.5749
50.8022
89.4307
60.413
26.8445
-10.3451
-49.4312
-91.3476
-134.958
-179.141
-223.403
-266.805
-308.508
-347.826
-384.011
-416.414
-444.516
-467.868
-486.059
-498.825
-506.016
-507.913
-505.056
-498.152
-487.519
-472.15
-449.867
-420.169
-386.115
-351.902
-319.272
-287.374
-255.233
-222.734
-189.964
-156.698
-122.652
-86.9021
-49.9263
-6.9455
25.6513
115.516
140.261
165.456
190.042
211.779
230.21
244.408
253.628
257.737
257.143
252.491
244.574
234.096
221.701
207.968
193.32
178.098
162.559
146.851
131.047
115.19
99.334
83.6018
68.2944
53.9977
41.3506
30.5493
21.4894
14.148
8.58865
4.81194
2.75291
2.34643
3.59796
6.55401
11.5585
19.1122
31.8977
50.2351
87.7507
61.4112
30.8773
-2.92009
-38.3453
-76.457
-116.209
-156.624
-197.38
-237.677
-276.791
-314.149
-349.062
-380.891
-409.08
-433.118
-452.541
-467.112
-476.628
-481.153
-480.987
-476.56
-468.032
-454.673
-434.887
-408.209
-377.017
-344.909
-313.678
-282.848
-251.627
-219.903
-187.775
-155.05
-121.495
-86.2548
-49.8311
-7.56011
25.0762
111.464
133.91
156.893
179.43
199.432
216.602
230.124
239.226
243.784
244.171
240.906
234.633
225.911
215.255
203.144
189.936
175.942
161.417
146.534
131.404
116.113
100.75
85.4544
70.5176
56.4643
43.8773
33.0104
23.8311
16.3346
10.5871
6.60467
4.33851
3.73157
4.79311
7.57584
12.4189
19.8024
32.2467
49.666
84.855
60.7366
32.7449
1.78457
-30.5653
-65.4274
-101.856
-138.97
-176.589
-214.019
-250.652
-286.028
-319.524
-350.543
-378.537
-402.968
-423.343
-439.293
-450.533
-456.959
-458.735
-456.155
-449.311
-437.682
-420.103
-396.152
-367.642
-337.609
-307.817
-278.096
-247.827
-216.917
-185.47
-153.331
-120.295
-85.573
-49.7476
-8.27262
24.226
106.6
127.152
148.297
169.117
187.655
203.756
216.661
225.598
230.47
231.611
229.46
224.553
217.344
208.248
197.652
185.847
173.101
159.649
145.668
131.294
116.644
101.833
87.0186
72.4848
58.7111
46.2343
35.345
26.0758
18.4448
12.5229
8.34107
5.86752
5.05717
5.92722
8.53725
13.2196
20.4289
32.5138
49.0372
81.3071
59.0955
33.2983
4.80041
-24.8807
-56.8927
-90.3559
-124.476
-159.174
-193.839
-227.976
-261.215
-293.005
-322.826
-350.152
-374.442
-395.19
-411.987
-424.529
-432.604
-436.215
-435.491
-430.421
-420.607
-405.198
-383.84
-357.915
-329.961
-301.666
-273.105
-243.828
-213.767
-183.037
-151.517
-119.038
-84.8608
-49.6475
-9.02523
23.1501
101.368
120.304
139.88
159.228
176.509
191.676
204.014
212.753
217.831
219.549
218.288
214.506
208.587
200.865
191.655
181.184
169.672
157.322
144.303
130.758
116.821
102.628
88.3478
74.2592
60.8092
48.4975
37.6373
28.3162
20.5797
14.5058
10.1405
7.47039
6.46217
7.13938
9.56898
14.0744
21.0835
32.7618
48.3781
77.3739
56.8081
32.9124
6.55011
-20.8107
-50.331
-81.1839
-112.647
-144.7
-176.814
-208.587
-239.733
-269.772
-298.249
-324.689
-348.579
-369.411
-386.752
-400.239
-409.585
-414.648
-415.458
-411.945
-403.793
-390.381
-371.413
-347.928
-322.017
-295.249
-267.886
-239.636
-210.459
-180.479
-149.612
-117.724
-84.1269
-49.5261
-9.82717
21.9143
95.9806
113.528
131.747
149.817
166.003
180.341
192.148
200.671
205.871
208.026
207.471
204.614
199.785
193.261
185.297
176.067
165.743
154.492
142.463
129.794
116.625
103.103
89.4026
75.7964
62.7098
50.6122
39.8283
30.4918
22.6765
16.471
11.9356
9.07561
7.87193
8.35544
10.6012
14.9219
21.7165
32.9617
47.6836
73.259
54.1359
31.9112
7.42727
-17.8967
-45.2152
-73.7457
-102.821
-132.473
-162.231
-191.767
-220.867
-249.119
-276.14
-301.501
-324.727
-345.332
-362.874
-376.96
-387.275
-393.554
-395.731
-393.678
-387.12
-375.597
-358.861
-337.686
-313.778
-288.564
-262.44
-235.253
-206.995
-177.801
-147.62
-116.356
-83.3796
-49.4021
-10.6943
20.5451
90.5948
106.929
123.959
140.902
156.125
169.714
181.02
189.316
194.572
197.053
197.061
194.961
191.049
185.558
178.7
170.606
161.403
151.224
140.19
128.425
116.066
103.261
90.1831
77.0988
64.4163
52.5815
41.9231
32.6112
24.7487
18.4362
13.749
10.711
9.31823
9.60845
11.6651
15.7886
22.3475
33.126
46.9584
69.0918
51.2417
30.4978
7.67762
-15.8449
-41.2082
-67.6689
-94.6028
-122.081
-149.688
-177.141
-204.295
-230.794
-256.32
-280.502
-302.907
-323.08
-340.584
-355.002
-366.008
-373.245
-376.564
-375.798
-370.702
-360.919
-346.242
-327.235
-305.273
-281.625
-256.77
-230.677
-203.372
-175
-145.541
-114.934
-82.6185
-49.2966
-11.6273
19.0482
85.3006
100.57
116.542
132.481
146.845
159.753
170.585
178.646
183.909
186.629
187.082
185.601
182.456
177.853
171.968
164.898
156.738
147.584
137.53
126.679
115.155
103.099
90.6794
78.1533
65.9133
54.3859
43.8999
34.6529
26.7748
20.3807
15.5602
12.356
10.7802
10.8781
12.7418
16.6583
22.9644
33.2504
46.2053
64.9585
48.2425
28.8224
7.48878
-14.4269
-38.0429
-62.6499
-87.6563
-113.168
-138.804
-164.328
-189.643
-214.447
-238.477
-261.42
-282.888
-302.457
-319.714
-334.23
-345.677
-353.651
-357.923
-358.297
-354.539
-346.363
-333.586
-316.61
-296.527
-274.443
-250.881
-225.91
-199.59
-172.074
-143.371
-113.458
-81.8402
-49.2168
-12.6231
17.4381
80.1609
94.4801
109.508
124.542
138.134
150.414
160.795
168.62
173.852
176.744
177.546
176.57
174.066
170.22
165.184
159.031
151.827
143.64
134.533
124.587
113.908
102.625
90.8922
78.9563
67.1944
56.0171
45.749
36.6079
28.748
22.2996
17.3671
14.0111
12.2608
12.1688
13.836
17.5348
23.5696
33.3388
45.428
60.915
45.219
26.99
6.99424
-13.4806
-35.5272
-58.4632
-81.7326
-105.457
-129.29
-153.034
-176.627
-199.816
-222.387
-244.07
-264.53
-283.381
-300.232
-314.666
-326.346
-334.853
-339.894
-341.247
-338.687
-331.974
-320.937
-305.851
-287.569
-267.034
-244.781
-220.955
-195.649
-169.021
-141.111
-111.926
-81.0434
-49.1582
-13.6792
15.7275
75.2127
88.6771
102.852
117.067
129.954
141.654
151.61
159.193
164.368
167.375
168.452
167.886
165.918
162.718
158.419
153.08
146.744
139.454
131.25
122.186
112.349
101.848
90.8246
79.5051
68.2527
57.4642
47.457
38.4622
30.655
24.181
19.1588
15.6669
13.7514
13.4728
14.9409
18.4123
24.1589
33.3915
44.6305
56.9981
42.2271
25.0768
6.29282
-12.8824
-33.5089
-54.9329
-76.6288
-98.7288
-120.913
-143.017
-165.007
-186.667
-207.826
-228.26
-247.674
-265.724
-282.049
-296.25
-307.983
-316.849
-322.491
-324.673
-323.173
-317.781
-308.332
-294.997
-278.429
-259.418
-238.481
-215.817
-191.549
-165.842
-138.759
-110.338
-80.2275
-49.1175
-14.7889
13.9225
70.4769
83.1679
96.5657
110.033
122.275
133.434
142.987
150.33
155.424
158.504
159.794
159.562
158.04
155.388
151.727
147.105
141.55
135.086
127.73
119.515
110.504
100.786
90.4823
79.8
69.0854
58.7203
49.0139
40.2048
32.4851
26.0152
20.9274
17.317
15.2474
14.7871
16.054
19.2889
24.7311
33.4109
43.8166
53.2329
39.3036
23.136
5.45691
-12.5394
-31.8749
-51.9267
-72.1908
-92.8094
-113.488
-134.082
-154.58
-174.803
-194.611
-213.823
-232.182
-249.382
-265.096
-278.946
-290.589
-299.654
-305.747
-308.612
-308.035
-303.822
-295.811
-284.089
-269.143
-251.617
-231.993
-210.505
-187.296
-162.538
-136.314
-108.693
-79.3924
-49.0925
-15.9441
12.0297
65.9641
77.9517
90.6379
103.418
115.064
125.718
134.887
141.991
146.987
150.108
151.56
151.598
150.449
148.262
145.152
141.16
136.303
130.591
124.024
116.615
108.404
99.4584
89.8773
79.8457
69.6907
59.7793
50.4102
41.8244
34.227
27.7913
22.6631
18.9533
16.7419
16.1059
17.1706
20.1608
25.2843
33.3991
42.9903
49.6334
36.4744
21.2097
4.53938
-12.3788
-30.5385
-49.3364
-68.2954
-87.5595
-106.856
-126.06
-145.177
-164.054
-182.583
-200.613
-217.924
-234.249
-249.289
-262.698
-274.137
-283.265
-289.672
-293.087
-293.299
-290.128
-283.411
-273.167
-259.744
-243.656
-225.334
-205.026
-182.893
-159.11
-133.777
-106.992
-78.5364
-49.0824
-17.136
10.0599
61.6782
73.0211
85.052
97.197
108.29
118.471
127.273
134.141
139.029
142.163
143.737
143.995
143.155
141.363
138.728
135.285
131.049
126.017
120.177
113.525
106.08
97.8877
89.0241
79.6495
70.0705
60.638
51.6383
43.3112
35.8698
29.4991
24.3565
20.5674
18.228
17.4238
18.2863
21.025
25.8166
33.3586
42.1567
46.2065
33.7572
19.3228
3.58264
-12.3493
-29.4293
-47.0793
-64.8417
-82.8663
-100.894
-118.817
-136.654
-154.275
-171.595
-188.493
-204.778
-220.221
-234.551
-247.453
-258.6
-267.675
-274.278
-278.119
-278.992
-276.73
-271.168
-262.269
-250.269
-235.562
-218.52
-199.391
-178.347
-155.561
-131.15
-105.232
-77.6585
-49.0852
-18.3558
8.02528
57.6186
68.3672
79.7919
91.3486
101.925
111.659
120.113
126.749
131.52
134.644
136.309
136.744
136.162
134.705
132.478
129.516
125.829
121.408
116.233
110.284
103.564
96.0983
87.9385
79.221
70.2293
61.2955
52.6929
44.6565
37.4037
31.128
25.9976
22.1507
19.698
18.7345
19.3959
21.8777
26.3266
33.292
41.32
42.9558
31.1631
17.4962
2.61465
-12.4081
-28.4956
-45.0888
-61.7535
-78.6385
-95.4994
-112.238
-128.891
-145.34
-161.522
-177.342
-192.636
-207.203
-220.805
-233.152
-243.94
-252.869
-259.564
-263.72
-265.136
-263.656
-259.116
-251.435
-240.754
-227.363
-211.572
-193.615
-173.667
-151.897
-128.433
-103.416
-76.7568
-49.0981
-19.5947
5.93877
53.7812
63.98
74.8417
85.8504
95.9417
105.254
113.376
119.783
124.431
127.532
129.261
129.837
129.47
128.298
126.423
123.879
120.676
116.802
112.229
106.93
100.89
94.1173
86.6414
78.5741
70.1736
61.7527
53.5701
45.853
38.8193
32.6683
27.5766
23.694
21.1442
20.0315
20.4944
22.7151
26.8126
33.2019
40.4848
39.8808
28.6976
15.7441
1.65871
-12.5245
-27.6945
-43.3136
-58.9665
-74.801
-90.5856
-106.234
-121.788
-137.147
-152.263
-167.06
-181.401
-195.11
-207.978
-219.741
-230.12
-238.827
-245.525
-249.897
-251.747
-250.931
-247.288
-240.701
-231.235
-219.09
-204.512
-187.713
-168.861
-148.121
-125.629
-101.542
-75.8291
-49.1168
-20.8434
3.81472
50.1613
59.8482
70.1847
80.6807
90.3167
99.2307
107.034
113.22
117.741
120.803
122.575
123.265
123.077
122.147
120.574
118.394
115.617
112.23
108.202
103.496
98.0894
91.972
85.1546
77.7236
69.9122
62.013
54.2683
46.8952
40.1084
34.1103
29.0838
25.188
22.5582
21.3077
21.5761
23.5336
27.2735
33.0911
39.6556
36.9792
26.3642
14.0747
0.730573
-12.6734
-26.9936
-41.7107
-56.4289
-71.2913
-86.0822
-100.722
-115.258
-129.603
-143.721
-157.554
-170.984
-183.861
-196
-207.164
-217.097
-225.525
-232.151
-236.652
-238.837
-238.577
-235.712
-230.102
-221.748
-210.774
-197.364
-181.702
-163.941
-144.242
-122.742
-99.6112
-74.8733
-49.1367
-22.0917
1.668
46.7511
55.9604
65.8048
75.8196
85.0266
93.5634
101.062
107.031
111.423
114.438
116.236
117.017
116.978
116.253
114.94
113.077
110.675
107.72
104.18
100.015
95.1925
89.6896
83.4995
76.6858
69.4566
62.0823
54.7882
47.7792
41.2643
35.4454
30.5097
26.6236
23.9317
22.5557
22.6351
24.3293
27.7079
32.9623
38.837
34.2472
24.1626
12.4943
-0.157614
-12.8383
-26.367
-40.2473
-54.0987
-68.0624
-81.9317
-95.6374
-109.229
-122.63
-135.816
-148.742
-161.307
-173.382
-184.806
-195.366
-204.829
-212.936
-219.426
-223.982
-226.417
-226.612
-224.415
-219.669
-212.327
-202.446
-190.154
-175.6
-158.921
-140.266
-119.775
-97.6248
-73.8868
-49.1525
-23.3304
-0.487267
43.5421
52.3056
61.688
71.2489
80.0514
88.23
95.4371
101.195
105.456
108.417
110.228
111.079
111.165
110.616
109.526
107.939
105.865
103.292
100.189
96.5143
92.2277
87.2968
81.6998
75.4799
68.82
61.9682
55.1324
48.503
42.2812
36.6659
31.8454
27.9914
25.256
23.7679
23.6654
25.098
28.1148
32.818
38.033
31.6796
22.092
11.0058
-0.997943
-13.0032
-25.7948
-38.896
-51.9422
-65.0708
-78.0872
-90.9263
-103.642
-116.164
-128.478
-140.551
-152.297
-163.606
-174.334
-184.293
-193.273
-201.03
-207.334
-211.88
-214.489
-215.048
-213.419
-209.433
-203.005
-194.138
-182.907
-169.428
-153.815
-136.205
-116.734
-95.5834
-72.8675
-49.1576
-24.5488
-2.63556
40.5266
48.871
57.819
66.9524
75.3718
83.2091
90.1363
95.6891
99.8214
102.722
104.534
105.44
105.629
105.23
104.334
102.987
101.2
98.9658
96.2528
93.0188
89.221
84.8188
79.7787
74.1249
68.0169
61.6802
55.3047
49.0664
43.1553
37.7649
33.0827
29.2828
26.5224
24.9364
24.6609
25.836
28.4932
32.6607
37.2477
29.2699
20.1501
9.61084
-1.78501
-13.1579
-25.2608
-37.6346
-49.9307
-62.2833
-74.5064
-86.5405
-98.4405
-110.145
-121.647
-132.92
-143.893
-154.472
-164.528
-173.897
-182.387
-189.776
-195.853
-200.338
-203.053
-203.898
-202.744
-199.422
-193.813
-185.88
-175.652
-163.206
-148.639
-132.067
-113.623
-93.4891
-71.812
-49.1458
-25.7365
-4.76194
37.6958
45.6463
54.1841
62.9125
70.9687
78.4811
85.1403
90.495
94.499
97.3346
99.1403
100.089
100.364
100.092
99.3637
98.2248
96.6906
94.7544
92.3879
89.5499
86.1956
82.279
77.7577
72.6401
67.0626
61.2294
55.3119
49.4708
43.8841
38.7373
34.2141
30.4891
27.7225
26.0536
25.6152
26.5391
28.8419
32.4924
36.4845
27.0124
18.3333
8.30892
-2.5154
-13.2952
-24.753
-36.4466
-48.0427
-59.6716
-71.156
-82.4416
-93.5828
-104.526
-115.269
-125.793
-136.038
-145.923
-155.336
-164.13
-172.133
-179.14
-184.962
-189.342
-192.108
-193.168
-192.408
-189.658
-184.78
-177.702
-168.414
-156.96
-143.41
-127.866
-110.45
-91.3424
-70.7186
-49.1094
-26.883
-6.85117
35.0413
42.62
50.7699
59.1141
66.8257
74.0286
80.4301
85.5935
89.471
92.2397
94.0315
95.0114
95.3588
95.1957
94.6122
93.6549
92.3416
90.6683
88.6095
86.1258
83.1722
79.6992
75.6582
71.044
65.9731
60.6277
55.1614
49.7196
44.4667
39.5785
35.233
31.6026
28.8484
27.1118
26.5221
27.2033
29.16
32.3151
35.7463
24.9008
16.637
7.09915
-3.18692
-13.4093
-24.2614
-35.3178
-46.2591
-57.2122
-68.0072
-78.5957
-89.0304
-99.2643
-109.299
-119.122
-128.682
-137.91
-146.709
-154.947
-162.47
-169.092
-174.636
-178.878
-181.646
-182.86
-182.421
-180.162
-175.932
-169.631
-161.219
-150.709
-138.147
-123.613
-107.221
-89.1475
-69.5839
-49.0414
-27.9792
-8.888
32.5541
39.7816
47.5641
55.5441
62.9273
69.8353
75.9894
80.9673
84.7208
87.4211
89.1937
90.1963
90.6032
90.5336
90.0757
89.2771
88.1577
86.7159
84.9296
82.7618
80.1685
77.0992
73.5003
69.3566
64.7652
59.8883
54.8623
49.8175
44.904
40.286
36.134
32.6163
29.892
28.1037
27.3757
27.8247
29.4465
32.13
35.0357
22.9282
15.0576
5.97875
-3.79843
-13.4964
-23.7788
-34.2366
-44.5654
-54.8859
-65.0375
-74.9752
-84.752
-94.3237
-103.697
-112.865
-121.782
-130.39
-138.604
-146.307
-153.361
-159.598
-164.852
-168.929
-171.66
-172.977
-172.795
-170.953
-167.292
-161.695
-154.095
-144.478
-132.866
-119.322
-103.946
-86.9053
-68.4062
-48.9354
-29.0144
-10.8586
30.2257
37.1207
44.5551
52.1883
59.259
65.8856
71.8021
76.6008
80.2328
82.8638
84.6134
85.6318
86.0884
86.0987
85.7499
85.0897
84.1402
82.9023
81.357
79.4703
77.2001
74.4964
71.3027
67.5953
63.4548
59.0245
54.4247
49.7706
45.1979
40.8584
36.9132
33.5238
30.8465
29.0222
28.1699
28.3996
29.7003
31.9384
34.3543
21.0878
13.5895
4.94551
-4.3505
-13.5541
-23.3001
-33.1949
-42.9484
-52.6765
-62.2265
-71.5557
-80.7181
-89.6729
-98.4287
-106.983
-115.297
-123.322
-130.982
-138.173
-144.772
-150.627
-155.585
-159.476
-162.141
-163.517
-163.535
-162.044
-158.881
-153.917
-147.066
-138.29
-127.589
-115.007
-100.633
-84.62
-67.1831
-48.7821
-29.98
-12.7497
28.0482
34.6277
41.7313
49.0344
55.807
62.1647
67.8534
72.4787
75.9923
78.5539
80.2773
81.3057
81.8034
81.883
81.6284
81.0894
80.2889
79.2305
77.8982
76.2612
74.2802
71.9061
69.0815
65.7768
62.0576
58.0501
53.8594
49.5863
45.3522
41.2959
37.5673
34.3204
31.7054
29.8608
28.8993
28.9242
29.9203
31.7409
33.7033
19.3733
12.2278
3.99638
-4.84424
-13.5807
-22.8202
-32.185
-41.3976
-50.5698
-59.556
-68.3168
-76.9049
-85.2833
-93.4627
-101.443
-109.192
-116.668
-123.804
-130.508
-136.669
-142.151
-146.811
-150.503
-153.075
-154.475
-154.645
-153.447
-150.717
-146.32
-140.155
-132.166
-122.334
-110.684
-97.2896
-82.2955
-65.9126
-48.5764
-30.8662
-14.5487
26.0134
32.2931
39.0824
46.071
52.559
58.6593
64.1294
68.5873
71.9856
74.4781
76.1729
77.2068
77.7381
77.8773
77.7054
77.2723
76.6028
75.7021
74.5577
73.1423
71.4191
69.3412
66.8517
63.9167
60.5889
56.9788
53.1778
49.273
45.3719
41.5998
38.0951
35.0019
32.4636
30.6136
29.5586
29.3949
30.1053
31.5377
33.0829
17.778
10.9678
3.12771
-5.28096
-13.5758
-22.337
-31.2019
-39.9056
-48.5555
-57.0132
-65.2416
-73.2925
-81.1325
-88.7728
-96.2168
-103.437
-110.398
-117.039
-123.28
-129.021
-134.14
-138.505
-141.989
-144.451
-145.845
-146.126
-145.169
-142.815
-138.922
-133.384
-126.128
-117.118
-106.366
-93.9281
-79.9353
-64.594
-48.3112
-31.6658
-16.2449
24.1136
30.1085
36.5981
43.2868
49.5028
55.3569
60.6167
64.9138
68.2001
70.624
72.2884
73.3237
73.8831
74.0734
73.9734
73.6333
73.0789
72.317
71.3384
70.1191
68.6255
66.813
64.6264
62.029
59.063
55.8242
52.3914
48.8397
45.2629
41.7731
38.4961
35.5658
33.1166
31.2757
30.1434
29.8086
30.254
31.3286
32.4929
16.2958
9.80411
2.33604
-5.66274
-13.5394
-21.8482
-30.2411
-38.4657
-46.6247
-54.5859
-62.3155
-69.8636
-77.1997
-84.3361
-91.2788
-98.0042
-104.481
-110.657
-116.46
-121.801
-126.569
-130.645
-133.916
-136.252
-137.618
-137.977
-137.217
-135.185
-131.741
-126.772
-120.195
-111.962
-102.068
-90.5573
-77.5445
-63.227
-47.9808
-32.3713
-17.8286
22.3414
28.0653
34.2694
40.6713
46.6276
52.2458
57.3036
61.4455
64.623
66.9795
68.6125
69.6463
70.2285
70.4626
70.4255
70.167
69.7134
69.074
68.2416
67.1956
65.9058
64.3305
62.417
60.1268
57.493
54.5989
51.512
48.2959
45.0322
41.8196
38.7717
36.0107
33.6613
31.8431
30.6496
30.1623
30.365
31.1129
31.932
14.9202
8.7317
1.6176
-5.99179
-13.4721
-21.3525
-29.2993
-37.0716
-44.7682
-52.2629
-59.525
-66.6022
-73.4671
-80.1329
-86.6065
-92.8685
-98.8913
-104.63
-110.02
-114.981
-119.413
-123.206
-126.263
-128.467
-129.785
-130.195
-129.592
-127.836
-124.789
-120.335
-114.385
-106.881
-97.8051
-87.1877
-75.1284
-61.8107
-47.5808
-32.9762
-19.2906
20.6897
26.1554
32.087
38.215
43.9227
49.3149
54.1789
58.1708
61.2431
63.5334
65.1341
66.1635
66.7642
67.0364
67.0541
66.8672
66.5025
65.9704
65.267
64.3742
63.265
61.9013
60.2327
58.2208
55.891
53.3151
50.5508
47.6516
44.6874
41.7447
38.9241
36.3364
34.0957
32.3124
31.0739
30.4533
30.437
30.8896
31.3986
13.6455
7.74566
0.968566
-6.27056
-13.3747
-20.8494
-28.3739
-35.7196
-42.9801
-50.0362
-56.8591
-63.4949
-69.9185
-76.1441
-82.1796
-88.0082
-93.6064
-98.9351
-103.935
-108.536
-112.647
-116.168
-119.013
-121.078
-122.336
-122.773
-122.297
-120.776
-118.078
-114.089
-108.716
-101.893
-93.5909
-83.8298
-72.6925
-60.3471
-47.1066
-33.4753
-20.6245
19.1517
24.3712
30.0425
35.9086
41.3783
46.5539
51.2313
55.079
58.0494
60.2746
61.8425
62.8656
63.481
63.7858
63.8516
63.7275
63.4408
63.0036
62.4135
61.6558
60.7065
59.5307
58.0815
56.3208
54.2679
51.9843
49.519
46.9168
44.2369
41.5541
38.9569
36.5441
34.4188
32.6819
31.4138
30.6796
30.4686
30.6573
30.8904
12.4658
6.84106
0.385111
-6.50173
-13.2488
-20.3386
-27.4636
-34.4059
-41.2555
-47.8986
-54.3089
-60.5309
-66.5415
-72.355
-77.9805
-83.4039
-88.6047
-93.5485
-98.1825
-102.443
-106.249
-109.509
-112.147
-114.071
-115.26
-115.705
-115.329
-114.008
-111.617
-108.046
-103.201
-97.0107
-89.4389
-80.4937
-70.243
-58.8371
-46.5566
-33.8651
-21.8242
17.7207
22.7052
28.1279
33.7433
38.9851
43.9529
48.4511
52.1598
55.0314
57.1929
58.728
59.7426
60.3698
60.7028
60.8106
60.7415
60.5235
60.1696
59.6791
59.0405
58.2324
57.2234
55.97
54.4352
52.6333
50.6168
48.4271
46.1013
43.6893
41.2547
38.8748
36.6362
34.6313
32.9506
31.6675
30.8394
30.4584
30.4141
30.4043
11.3755
6.01323
-0.136628
-6.688
-13.0957
-19.8202
-26.5666
-33.1275
-39.5896
-45.8436
-51.866
-57.6996
-63.323
-68.7513
-73.9937
-79.0382
-83.8673
-88.4507
-92.7412
-96.6814
-100.198
-103.21
-105.647
-107.43
-108.543
-108.984
-108.685
-107.533
-105.412
-102.216
-97.8522
-92.2486
-85.3614
-77.1893
-67.7863
-57.2833
-45.9293
-34.1424
-22.886
16.3906
21.1508
26.3355
31.7112
36.7345
41.5028
45.8286
49.4031
52.1793
54.2787
55.7808
56.7858
57.4217
57.7786
57.9231
57.9025
57.7449
57.464
57.0612
56.5273
55.8436
54.9822
53.9031
52.571
50.9957
49.2221
47.2851
45.215
43.0533
40.854
38.6831
36.6163
34.7347
33.1186
31.8343
30.9315
30.405
30.1582
29.937
10.3693
5.25754
-0.600406
-6.83226
-12.9173
-19.295
-25.6825
-31.8828
-37.9785
-43.866
-49.5235
-54.9926
-60.2531
-65.3205
-70.2046
-74.8953
-79.3771
-83.6235
-87.5922
-91.232
-94.4765
-97.2517
-99.4962
-101.141
-102.175
-102.6
-102.36
-101.351
-99.4666
-96.6059
-92.6807
-87.6176
-81.3692
-73.9262
-65.3287
-55.689
-45.224
-34.3059
-23.8073
15.1554
19.7011
24.6584
29.8042
34.6182
39.1948
43.3549
46.8001
49.4838
51.5225
52.9915
53.9857
54.6282
55.0055
55.1818
55.2036
55.099
54.8823
54.5565
54.1145
53.5404
52.8094
51.885
50.734
49.3624
47.8088
46.1022
44.2672
42.338
40.3596
38.3883
36.489
34.7318
33.1873
31.9142
30.9553
30.3074
29.8873
29.485
9.44216
4.56959
-1.00988
-6.93707
-12.7153
-18.7635
-24.8107
-30.6696
-36.419
-41.9611
-47.2754
-52.402
-57.3225
-62.0521
-66.6013
-70.9611
-75.1187
-79.0503
-82.7181
-86.0759
-89.0646
-91.6167
-93.6773
-95.1883
-96.1405
-96.5438
-96.3474
-95.4597
-93.782
-91.2216
-87.6941
-83.1278
-77.4729
-70.7131
-62.8771
-54.0583
-44.4423
-34.3555
-24.587
14.0092
18.3501
23.0893
28.015
32.6282
37.0209
41.0212
44.342
46.9361
48.9156
50.3516
51.3339
51.9806
52.3753
52.5792
52.6382
52.58
52.4195
52.1612
51.7997
51.322
50.7058
49.9184
48.9286
47.7398
46.3844
44.8868
43.2668
41.5521
39.7799
37.9974
36.2596
34.6265
33.159
31.9083
30.9107
30.1647
29.5994
29.0444
8.5891
3.94486
-1.36857
-7.00532
-12.4917
-18.2265
-23.9509
-29.4865
-34.9089
-40.1251
-45.1165
-49.9213
-54.5229
-58.9366
-63.1725
-67.2233
-71.0783
-74.716
-78.1029
-81.1971
-83.9456
-86.2878
-88.1745
-89.5565
-90.4283
-90.8038
-90.6397
-89.8545
-88.3582
-86.0659
-82.8983
-78.787
-73.6809
-67.5587
-60.4384
-52.3955
-43.5865
-34.2925
-25.2257
12.9467
17.0916
21.6221
26.3366
30.7573
34.9731
38.8198
42.0202
44.5278
46.4496
47.8527
48.8222
49.4712
49.8802
50.1082
50.1995
50.1819
50.0706
49.8714
49.5804
49.1871
48.6718
48.0054
47.1589
46.1332
44.9558
43.6469
42.2222
40.7041
39.123
37.5178
35.9344
34.4236
33.037
31.8184
30.7983
29.9761
29.2922
28.6111
7.80543
3.37943
-1.68009
-7.03977
-12.2483
-17.6852
-23.1031
-28.3325
-33.4458
-38.3546
-43.0416
-47.5443
-51.8469
-55.9646
-59.9079
-63.6704
-67.243
-70.6068
-73.7316
-76.58
-79.1039
-81.2495
-82.9724
-84.2317
-85.025
-85.3691
-85.2284
-84.5299
-83.193
-81.1399
-78.2976
-74.6012
-70.0005
-64.4703
-58.0191
-50.706
-42.6601
-34.1196
-25.7253
11.9627
15.9202
20.2507
24.7627
28.9985
33.0444
36.7431
39.8273
42.2511
44.1163
45.4868
46.4427
47.0923
47.5131
47.7615
47.881
47.8989
47.8305
47.6827
47.4535
47.1338
46.7071
46.1473
45.4275
44.547
43.5287
42.3895
41.1415
39.8026
38.3972
36.9572
35.5203
34.1287
32.8253
31.6472
30.6193
29.7414
28.9636
28.1813
7.08668
2.86923
-1.9477
-7.0431
-11.9871
-17.1408
-22.2676
-27.2071
-32.0278
-36.6465
-41.0474
-45.266
-49.2881
-53.1288
-56.7984
-60.2918
-63.6012
-66.7099
-69.5907
-72.21
-74.5248
-76.4866
-78.0562
-79.1994
-79.9172
-80.2286
-80.1043
-79.4795
-78.2825
-76.4427
-73.8938
-70.5751
-66.4379
-61.4545
-55.6257
-48.9956
-41.6677
-33.8406
-26.0887
11.0523
14.8303
18.9694
23.287
27.3452
31.2276
34.7837
37.7558
40.0983
41.9085
43.2465
44.1879
44.8365
45.2668
45.5327
45.6764
45.725
45.6941
45.5911
45.4154
45.1602
44.8109
44.3445
43.7366
42.9849
42.1083
41.1209
40.0319
38.8554
37.6107
36.3236
35.0245
33.7479
32.5289
31.3982
30.3755
29.4606
28.6118
27.7511
6.42852
2.41053
-2.17466
-7.0179
-11.7099
-16.5943
-21.4447
-26.1094
-30.6537
-34.9985
-39.1297
-43.0814
-46.8405
-50.4218
-53.8359
-57.0783
-60.1423
-63.0135
-65.6675
-68.0739
-70.1942
-71.9848
-73.4117
-74.4462
-75.0921
-75.3704
-75.2573
-74.6955
-73.6214
-71.9721
-69.6873
-66.7113
-62.9978
-58.5173
-53.2645
-47.2702
-40.6149
-33.4605
-26.3207
10.2108
13.8169
17.7723
21.9036
25.7911
29.5163
32.935
35.7988
38.0623
39.8187
41.1244
42.0506
42.6969
43.1344
43.4149
43.5795
43.6547
43.6562
43.592
43.4629
43.2635
42.9817
42.5972
42.0877
41.4498
40.699
39.8467
38.9002
37.8701
36.7716
35.625
34.4546
33.288
32.1534
31.0754
30.0693
29.1341
28.2351
27.3169
5.82698
1.99959
-2.36401
-6.96673
-11.4185
-16.0468
-20.6349
-25.0392
-29.3217
-33.4081
-37.2854
-40.9862
-44.4987
-47.8374
-51.0126
-54.0209
-56.8568
-59.5072
-61.9503
-64.1592
-66.0989
-67.731
-69.0251
-69.9585
-70.5368
-70.7825
-70.6768
-70.1693
-69.2036
-67.7241
-65.677
-63.0114
-59.6835
-55.6637
-50.9414
-45.536
-39.5076
-32.9853
-26.4268
9.43372
12.8753
16.6545
20.6068
24.3305
27.9044
31.1905
33.9494
36.1364
37.8401
39.1137
40.0241
40.6666
41.1093
41.402
41.5844
41.6823
41.7117
41.6811
41.5923
41.4414
41.2182
40.9051
40.4818
39.9442
39.3045
38.5721
37.7526
36.8539
35.8875
34.8694
33.8184
32.7561
31.7048
30.6835
29.7035
28.7629
27.8324
26.8755
5.27813
1.63308
-2.51882
-6.89191
-11.1151
-15.4996
-19.8384
-23.9958
-28.031
-31.8736
-35.5116
-38.9766
-42.258
-45.3695
-48.3218
-51.1118
-53.7354
-56.1806
-58.4284
-60.4541
-62.2267
-63.7122
-64.8837
-65.7235
-66.2388
-66.4532
-66.3521
-65.8916
-65.0219
-63.6941
-61.8604
-59.475
-56.4971
-52.8975
-48.6618
-43.7994
-38.3527
-32.4219
-26.4132
8.71684
12.0008
15.611
19.3915
22.9576
26.3857
29.5439
32.2016
34.3142
35.9663
37.208
38.1019
38.7394
39.1856
39.488
39.6853
39.8027
39.8559
39.8541
39.8
39.6908
39.5184
39.2674
38.9196
38.4697
37.9279
37.3016
36.5948
35.8134
34.9659
34.0645
33.1236
32.1596
31.1895
30.2276
29.2816
28.3484
27.4028
26.424
4.77832
1.30769
-2.64191
-6.7958
-10.8012
-14.9536
-19.0559
-22.9793
-26.7805
-30.3928
-33.8056
-37.049
-40.1136
-43.0128
-45.757
-48.3437
-50.7698
-53.0247
-55.0913
-56.9476
-58.5661
-59.9162
-60.9748
-61.7282
-62.1853
-62.3705
-62.2724
-61.8528
-61.0682
-59.8758
-58.2338
-56.1008
-53.4398
-50.2221
-46.4305
-42.0665
-37.1575
-31.7778
-26.2875
8.05615
11.189
14.6372
18.2526
21.6673
24.9551
27.9898
30.5494
32.5897
34.1913
35.4011
36.2779
36.9091
37.3571
37.6671
37.8768
38.0106
38.0841
38.1069
38.0825
38.0093
37.8806
37.6833
37.401
37.0281
36.5721
36.0391
35.4319
34.7548
34.0138
33.2178
32.3778
31.5058
30.6141
29.7131
28.8073
27.8923
26.9459
25.9599
4.32407
1.02028
-2.73592
-6.6806
-10.4784
-14.4101
-18.2877
-21.9894
-25.5692
-28.9641
-32.1648
-35.2001
-38.0614
-40.762
-43.312
-45.7096
-47.9523
-50.0307
-51.9296
-53.6295
-55.1057
-56.3314
-57.2864
-57.9607
-58.3645
-58.5226
-58.4263
-58.0427
-57.3339
-56.2626
-54.7923
-52.8866
-50.5114
-47.6396
-44.2519
-40.3436
-35.9291
-31.0612
-26.0577
7.44782
10.4359
13.7287
17.1856
20.4545
23.607
26.5225
28.9871
30.9571
32.5092
33.6872
34.5465
35.1702
35.6184
35.9341
36.1538
36.3012
36.3918
36.4354
36.4363
36.3938
36.3026
36.1516
35.9262
35.6202
35.2393
34.7881
34.2686
33.6837
33.0376
32.3366
31.5886
30.802
29.9856
29.1459
28.2848
27.3968
26.4618
25.4813
3.91208
0.767911
-2.80346
-6.54843
-10.1485
-13.8703
-17.5343
-21.0259
-24.3962
-27.5861
-30.5871
-33.4268
-36.0978
-38.6127
-40.9814
-43.2029
-45.2752
-47.1902
-48.9342
-50.49
-51.8353
-52.9468
-53.8071
-54.4091
-54.7645
-54.8977
-54.8028
-54.4511
-53.8098
-52.8469
-51.5307
-49.8289
-47.711
-45.1514
-42.1298
-38.6363
-34.6751
-30.2803
-25.7322
6.8883
9.73764
12.8812
16.1859
19.3145
22.3367
25.137
27.5096
29.4111
30.9145
32.0608
32.902
33.5174
33.9642
34.2838
34.5112
34.6699
34.7747
34.8358
34.858
34.8416
34.7824
34.6712
34.4949
34.2469
33.9313
33.5515
33.109
32.6054
32.0436
31.4277
30.7631
30.0555
29.3104
28.5316
27.7186
26.8646
25.9509
24.9868
3.53925
0.547781
-2.84688
-6.40127
-9.81291
-13.3349
-16.7963
-20.0888
-23.261
-26.2572
-29.0703
-31.7264
-34.2189
-36.5603
-38.7601
-40.8178
-42.732
-44.4957
-46.0967
-47.5196
-48.7448
-49.7517
-50.5257
-51.0622
-51.3738
-51.4845
-51.3907
-51.0675
-50.4868
-49.621
-48.4427
-46.9237
-45.037
-42.7583
-40.0673
-36.9502
-33.4026
-29.4438
-25.3199
6.37417
9.09053
12.0908
15.2492
18.2429
21.1395
23.8284
26.1117
27.9465
29.4022
30.517
31.3394
31.9453
32.3895
32.7114
32.9447
33.1123
33.2287
33.3044
33.3444
33.35
33.3179
33.2407
33.1067
32.9088
32.6497
32.3322
31.9569
31.5247
31.0373
30.4974
29.9082
29.2732
28.5954
27.8762
27.1132
26.2985
25.4143
24.4755
3.20266
0.357246
-2.8685
-6.24094
-9.47308
-12.805
-16.074
-19.1777
-22.1626
-24.9762
-27.6122
-30.096
-32.4213
-34.6005
-36.6428
-38.5483
-40.316
-41.9397
-43.4088
-44.7096
-45.8247
-46.7361
-47.4315
-47.9088
-48.1809
-48.2718
-48.1791
-47.8815
-47.3552
-46.5764
-45.5216
-44.1664
-42.4868
-40.4605
-38.0669
-35.2901
-32.1188
-28.5599
-24.8297
5.90219
8.49109
11.3539
14.3716
17.2355
20.0109
22.5922
24.7888
26.5586
27.9672
29.0506
29.8538
30.4494
30.8897
31.2123
31.4498
31.6242
31.7501
31.8377
31.8925
31.9164
31.9072
31.8588
31.7608
31.6061
31.3959
31.1323
30.8154
30.4458
30.0241
29.5516
29.0303
28.4616
27.8469
27.1854
26.4733
25.7017
24.8534
23.947
2.89949
0.19384
-2.87044
-6.06929
-9.13039
-12.2815
-15.3677
-18.2925
-21.1003
-23.7417
-26.2111
-28.5329
-30.7016
-32.7294
-34.6251
-36.3891
-38.0209
-39.5153
-40.8628
-42.0514
-43.0659
-43.8902
-44.5144
-44.9383
-45.1753
-45.2484
-45.157
-44.8829
-44.4055
-43.7047
-42.7605
-41.5518
-40.0575
-38.2571
-36.1307
-33.6604
-30.8302
-27.6371
-24.271
5.46935
7.9361
10.6669
13.5494
16.2883
18.9467
21.4238
23.5365
25.2428
26.6053
27.6571
28.4407
29.0252
29.4605
29.7824
30.0224
30.202
30.3352
30.4323
30.4992
30.5383
30.5482
30.5242
30.4568
30.3391
30.1709
29.9537
29.6877
29.3726
29.0085
28.5959
28.1353
27.6272
27.0711
26.4649
25.8037
25.0775
24.2697
23.4016
2.62715
0.0551924
-2.85472
-5.88788
-8.78605
-11.7651
-14.6778
-17.4332
-20.0735
-22.5523
-24.8651
-27.0348
-29.057
-30.9432
-32.7023
-34.3348
-35.8409
-37.2159
-38.4515
-39.5372
-40.4596
-41.2047
-41.7646
-42.1405
-42.3461
-42.4039
-42.3142
-42.0615
-41.6282
-40.9975
-40.1522
-39.0744
-37.7455
-36.147
-34.2598
-32.065
-29.5431
-26.6834
-23.6525
5.07283
7.42241
10.0265
12.779
15.3975
17.9431
20.3195
22.3504
23.9949
25.3119
26.3323
27.0959
27.6684
28.0976
28.4176
28.6588
28.8419
28.9806
29.0852
29.1619
29.2133
29.2391
29.2354
29.194
29.1076
28.9754
28.7983
28.5761
28.3084
27.9948
27.635
27.2288
26.7755
26.2737
25.7201
25.1089
24.4296
23.6656
22.8397
2.38317
-0.0608481
-2.82329
-5.6983
-8.44122
-11.2567
-14.0045
-16.5995
-19.0814
-21.4069
-23.5721
-25.5991
-27.4842
-29.2382
-30.8701
-32.3806
-33.7702
-35.035
-36.1678
-37.1592
-37.9975
-38.6708
-39.1726
-39.5055
-39.6834
-39.728
-39.6403
-39.4071
-39.0138
-38.446
-37.6893
-36.7284
-35.5471
-34.1288
-32.4553
-30.5074
-28.2631
-25.7064
-22.983
4.70988
6.94718
9.42955
12.0571
14.5596
16.9964
19.2752
21.2268
22.8109
24.083
25.0722
25.8154
26.3753
26.7974
27.1144
27.3554
27.5405
27.6832
27.7936
27.8779
27.9393
27.978
27.9912
27.9715
27.9118
27.8102
27.6674
27.483
27.2564
26.9868
26.6736
26.3158
25.9121
25.4603
24.9563
24.3935
23.7613
23.0431
22.2625
2.16523
-0.156386
-2.77783
-5.50196
-8.09702
-10.7568
-13.3483
-15.7911
-18.1232
-20.3041
-22.3306
-24.2237
-25.9802
-27.6109
-29.1244
-30.5217
-31.8035
-32.9667
-34.0049
-34.9099
-35.6716
-36.2798
-36.7293
-37.0239
-37.1775
-37.2108
-37.1253
-36.9103
-36.5532
-36.0419
-35.3645
-34.5079
-33.4581
-32.2002
-30.7172
-28.9901
-26.9955
-24.713
-22.2709
4.37803
6.50764
8.87318
11.3806
13.7714
16.103
18.2873
20.1619
21.6868
22.9149
23.8729
24.5954
25.142
25.5563
25.8692
26.109
26.2949
26.4401
26.5545
26.6447
26.714
26.7631
26.7902
26.7886
26.7513
26.6758
26.5622
26.4102
26.2192
25.988
25.7156
25.4009
25.0418
24.6358
24.1782
23.6621
23.0764
22.4049
21.6712
1.97119
-0.233344
-2.72004
-5.3002
-7.75438
-10.2661
-12.7091
-15.0078
-17.1984
-19.2428
-21.1386
-22.906
-24.5423
-26.058
-27.4612
-28.7534
-29.9355
-31.005
-31.9564
-32.7824
-33.4744
-34.0236
-34.4261
-34.6866
-34.8188
-34.8425
-34.7598
-34.5616
-34.2373
-33.7769
-33.1704
-32.4069
-31.4742
-30.359
-29.0456
-27.5155
-25.7447
-23.71
-21.5241
4.07488
6.1012
8.3546
10.7464
13.0296
15.2597
17.3524
19.1521
20.6193
21.8039
22.731
23.4325
23.9653
24.3709
24.6789
24.9163
25.102
25.2484
25.3656
25.4601
25.5354
25.5928
25.6311
25.6445
25.6259
25.5723
25.4836
25.3594
25.199
25.0011
24.7646
24.488
24.1691
23.8048
23.3904
22.9186
22.3784
21.7536
21.0676
1.79898
-0.293524
-2.65146
-5.09426
-7.41425
-9.78514
-12.0871
-14.2492
-16.306
-18.2217
-19.9946
-21.6441
-23.1678
-24.5759
-25.8766
-27.0713
-28.1612
-29.1443
-30.016
-30.7699
-31.3985
-31.8943
-32.2547
-32.4849
-32.5985
-32.6142
-32.5346
-32.3519
-32.0575
-31.6429
-31.0999
-30.4193
-29.5907
-28.6024
-27.4398
-26.0853
-24.5146
-22.7031
-20.75
3.79818
5.72549
7.87121
10.1519
12.3313
14.4633
16.4673
18.1943
19.605
20.7468
21.643
22.3233
22.8418
23.2382
23.5405
23.7747
23.9591
24.1057
24.2245
24.3219
24.4017
24.4655
24.5127
24.5384
24.5353
24.5001
24.4324
24.332
24.1978
24.0289
23.8238
23.5809
23.2979
22.9716
22.5971
22.1671
21.6707
21.0918
20.4534
1.64672
-0.338619
-2.57353
-4.88522
-7.07737
-9.31435
-11.4824
-13.5151
-15.4453
-17.2396
-18.8968
-20.4355
-21.8538
-23.1617
-24.3668
-25.4711
-26.4757
-27.3793
-28.1777
-28.8658
-29.4367
-29.8844
-30.2071
-30.4105
-30.5079
-30.5171
-30.4408
-30.2727
-30.0053
-29.632
-29.1459
-28.5393
-27.8033
-26.9276
-25.8989
-24.7005
-23.3086
-21.6977
-19.9554
3.54585
5.3782
7.42055
9.59428
11.6737
13.711
15.629
17.2851
18.6405
19.7402
20.6058
21.2649
21.7687
22.1552
22.4511
22.6814
22.8636
23.0096
23.1289
23.228
23.3109
23.3796
23.4338
23.4693
23.4791
23.4592
23.4093
23.329
23.2174
23.0734
22.8957
22.6826
22.4318
22.1399
21.8021
21.4113
20.9566
20.4224
19.8308
1.51264
-0.370223
-2.48758
-4.67419
-6.74458
-8.85413
-10.895
-12.8051
-14.6155
-16.2952
-17.8436
-19.2782
-20.5978
-21.812
-22.9283
-23.9486
-24.8745
-25.7047
-26.436
-27.0638
-27.5824
-27.9866
-28.2756
-28.4554
-28.5388
-28.5427
-28.47
-28.3154
-28.0728
-27.7367
-27.3015
-26.7609
-26.1072
-25.3315
-24.4216
-23.3619
-22.1294
-20.6985
-19.1466
3.31595
5.05724
7.00035
9.0712
11.0542
13
14.8346
16.4218
17.723
18.7813
19.6166
20.2543
20.7431
21.1193
21.4082
21.6339
21.8133
21.9578
22.0768
22.1767
22.2616
22.3336
22.3932
22.4366
22.4568
22.4497
22.4146
22.3513
22.2591
22.1367
21.983
21.7961
21.5739
21.3131
21.009
20.6546
20.2394
19.748
19.2018
1.39505
-0.389794
-2.39485
-4.46216
-6.41655
-8.40487
-10.325
-12.1188
-13.8159
-15.3874
-16.8332
-18.1701
-19.3973
-20.524
-21.5575
-22.4998
-23.3528
-24.1155
-24.7852
-25.358
-25.8291
-26.1942
-26.453
-26.6119
-26.6833
-26.6831
-26.6142
-26.4722
-26.2523
-25.9498
-25.5602
-25.0784
-24.498
-23.8109
-23.0064
-22.0697
-20.9792
-19.7095
-18.3291
3.10663
4.7606
6.60848
8.58037
10.4703
12.3278
14.0814
15.6016
16.8496
17.8671
18.6725
19.2889
19.7625
20.1279
20.4094
20.63
20.8059
20.9482
21.0661
21.166
21.2519
21.3263
21.3899
21.4394
21.468
21.4713
21.4487
21.3998
21.3241
21.2204
21.0875
20.9238
20.727
20.4943
20.2208
19.9
19.5218
19.0712
18.5687
1.2924
-0.398727
-2.29648
-4.25001
-6.09389
-7.96687
-9.77228
-11.4558
-13.0456
-14.5149
-15.864
-17.1091
-18.2495
-19.2945
-20.2509
-21.1209
-21.9063
-22.6068
-23.22
-23.7426
-24.1706
-24.5004
-24.7324
-24.873
-24.9341
-24.9306
-24.8657
-24.7356
-24.5363
-24.2641
-23.9156
-23.4864
-22.9709
-22.3625
-21.6514
-20.824
-19.8598
-18.7341
-17.508
2.91618
4.48647
6.24293
8.11962
9.91992
11.6918
13.3668
14.8217
16.0176
16.9952
17.7712
18.3662
18.8244
19.1787
19.4523
19.6674
19.8393
19.979
20.0953
20.1944
20.2806
20.3563
20.4227
20.4769
20.5122
20.524
20.5117
20.4751
20.4134
20.3258
20.211
20.0676
19.8936
19.6859
19.4404
19.1506
18.8068
18.3947
17.9337
1.20325
-0.398327
-2.19362
-4.03861
-5.7772
-7.54042
-9.23678
-10.8157
-12.3039
-13.6765
-14.9344
-16.093
-17.1523
-18.1208
-19.0052
-19.8079
-20.5309
-21.174
-21.7353
-22.212
-22.6009
-22.8989
-23.107
-23.2315
-23.2839
-23.2781
-23.2172
-23.0982
-22.9179
-22.6732
-22.3615
-21.9792
-21.5217
-20.9831
-20.3548
-19.6243
-18.7723
-17.7752
-16.6875
2.74298
4.23307
5.90188
7.68696
9.40079
11.0901
12.6887
14.0799
15.2243
16.1628
16.91
17.4838
17.9265
18.2695
18.535
18.7441
18.9117
19.0483
19.1624
19.2603
19.346
19.4223
19.4906
19.5482
19.5887
19.6075
19.6038
19.5773
19.5277
19.4539
19.3549
19.2294
19.0755
18.8904
18.6702
18.4087
18.0969
17.7208
17.299
1.12626
-0.389745
-2.0872
-3.82869
-5.46699
-7.12579
-8.71845
-10.1981
-11.5898
-12.8711
-14.0428
-15.1199
-16.1028
-16.9999
-17.8172
-18.5573
-19.2224
-19.8124
-20.326
-20.7609
-21.1142
-21.3837
-21.5705
-21.681
-21.726
-21.7186
-21.6619
-21.5534
-21.3904
-21.1707
-20.8921
-20.5518
-20.1458
-19.6693
-19.1144
-18.4698
-17.7175
-16.8352
-15.8715
2.58559
3.9988
5.58353
7.28042
8.91085
10.5202
12.0446
13.3739
14.4674
15.3677
16.0868
16.6397
17.0666
17.3982
17.6553
17.8582
18.0212
18.1543
18.266
18.3621
18.4469
18.5232
18.5924
18.6525
18.6971
18.7215
18.7247
18.7069
18.6675
18.6056
18.5204
18.4106
18.2746
18.1097
17.9123
17.6768
17.3944
17.0519
16.6667
1.06023
-0.374002
-1.97812
-3.62085
-5.16359
-6.72297
-8.21701
-9.60246
-10.9026
-12.0974
-13.1877
-14.1878
-15.0991
-15.9291
-16.6837
-17.3654
-17.9766
-18.5177
-18.9875
-19.3841
-19.7051
-19.9489
-20.1168
-20.215
-20.2539
-20.2457
-20.1931
-20.0945
-19.9475
-19.7505
-19.5017
-19.199
-18.8391
-18.4177
-17.9279
-17.3595
-16.6958
-15.9159
-15.0631
2.44265
3.78217
5.28622
6.89815
8.4481
9.98006
11.4321
12.7011
13.7444
14.608
15.2998
15.8316
16.2428
16.5628
16.8114
17.0079
17.1661
17.2955
17.4043
17.4985
17.582
17.6577
17.7273
17.789
17.8366
17.8654
17.8745
17.8638
17.8331
17.7816
17.7084
17.6124
17.4922
17.3455
17.1688
16.9567
16.7013
16.3899
16.039
1.00387
-0.352232
-1.86733
-3.41587
-4.86759
-6.33216
-7.7323
-9.02819
-10.2412
-11.3541
-12.3671
-13.2947
-14.1388
-14.9062
-15.6018
-16.2288
-16.79
-17.2857
-17.7151
-18.0765
-18.3682
-18.5889
-18.74
-18.8277
-18.8615
-18.8529
-18.8047
-18.7153
-18.5831
-18.4068
-18.1851
-17.9161
-17.5973
-17.225
-16.7931
-16.2923
-15.7073
-15.0186
-14.2651
2.31279
3.58184
5.00871
6.53875
8.01106
9.46793
10.8491
12.0593
13.0525
13.8814
14.5472
15.0579
15.453
15.7614
16.0015
16.1915
16.3447
16.4703
16.5761
16.6679
16.7498
16.8245
16.894
16.9567
17.0065
17.0388
17.0527
17.0481
17.0248
16.9822
16.9195
16.8358
16.7297
16.5992
16.4411
16.2505
16.0198
15.737
15.4179
0.955932
-0.3259
-1.75625
-3.21517
-4.58004
-5.95445
-7.26495
-8.47539
-9.60505
-10.6405
-11.5792
-12.4376
-13.2193
-13.9281
-14.5683
-15.144
-15.6585
-16.1123
-16.5043
-16.8336
-17.0986
-17.2984
-17.4346
-17.513
-17.5428
-17.5343
-17.4905
-17.41
-17.2915
-17.1341
-16.9368
-16.6983
-16.4164
-16.0879
-15.7074
-15.2668
-14.7518
-14.1445
-13.4797
2.19474
3.39661
4.74984
6.2014
7.59921
8.98347
10.2956
11.4475
12.3879
13.1845
13.8261
14.3159
14.695
14.9921
15.2239
15.4074
15.5555
15.6771
15.7798
15.8692
15.9492
16.0226
16.0916
16.1548
16.2062
16.2413
16.2591
16.2597
16.2428
16.2079
16.1544
16.0815
15.988
15.872
15.7306
15.5594
15.3514
15.095
14.8052
0.915506
-0.295715
-1.64553
-3.01929
-4.30165
-5.59043
-6.81548
-7.94458
-8.99452
-9.95709
-10.8225
-11.6141
-12.3376
-12.9916
-13.5792
-14.1067
-14.5779
-14.9928
-15.3505
-15.6503
-15.8911
-16.0722
-16.1954
-16.2659
-16.2924
-16.2846
-16.2452
-16.1732
-16.0675
-15.9275
-15.7525
-15.5415
-15.2926
-15.0033
-14.6688
-14.2816
-13.8289
-13.2942
-12.7087
2.08744
3.2252
4.50831
5.88447
7.21095
8.52521
9.77095
10.8658
11.7494
12.5152
13.1343
13.6033
13.9665
14.2525
14.4761
14.6534
14.7965
14.9142
15.0138
15.1007
15.1787
15.2507
15.319
15.3823
15.4348
15.4722
15.4933
15.4983
15.487
15.459
15.4137
15.3504
15.2681
15.1651
15.0389
14.8853
14.6979
14.4656
14.2029
0.882704
-0.26085
-1.53351
-2.82603
-4.02985
-5.23713
-6.38136
-7.43362
-8.40824
-9.30123
-10.0965
-10.8265
-11.496
-12.0972
-12.6339
-13.1153
-13.5457
-13.924
-14.2494
-14.5219
-14.7405
-14.9048
-15.0165
-15.0803
-15.1044
-15.0977
-15.0628
-14.9989
-14.9052
-14.7813
-14.6268
-14.4406
-14.2217
-13.9675
-13.6741
-13.3347
-12.9377
-12.4678
-11.9533
1.99043
3.06656
4.28131
5.58397
6.84092
8.08631
9.26826
10.3083
11.1405
11.8797
12.4751
12.9212
13.2679
13.5429
13.7582
13.9287
14.0666
14.1803
14.2767
14.361
14.437
14.5075
14.5749
14.6381
14.6915
14.7307
14.7547
14.7635
14.7571
14.7352
14.6972
14.6425
14.5704
14.4792
14.3667
14.2292
14.0604
13.8502
13.6124
0.857104
-0.221505
-1.4196
-2.63417
-3.76237
-4.89123
-5.95778
-6.93736
-7.8406
-8.66692
-9.39447
-10.0753
-10.6989
-11.2466
-11.7316
-12.1691
-12.561
-12.9045
-13.1991
-13.4458
-13.6439
-13.7928
-13.8941
-13.9523
-13.9747
-13.9696
-13.9394
-13.8834
-13.801
-13.6923
-13.5564
-13.393
-13.201
-12.9786
-12.7218
-12.4251
-12.0778
-11.6661
-11.2153
1.90316
2.91967
4.06755
5.29734
6.48505
7.66038
8.77862
9.76147
10.5538
11.2814
11.8518
12.2696
12.5991
12.8635
13.0705
13.2342
13.3668
13.4764
13.5696
13.6512
13.725
13.7939
13.8602
13.923
13.977
14.0177
14.0441
14.0563
14.0543
14.0378
14.0063
13.9595
13.8964
13.8158
13.7158
13.5927
13.441
13.2511
13.0361
0.838141
-0.189641
-1.3299
-2.47861
-3.53939
-4.59273
-5.57432
-6.46612
-7.26986
-8.00636
-8.60859
-9.27595
-9.90685
-10.4333
-10.8945
-11.3173
-11.6983
-12.031
-12.3157
-12.5544
-12.7465
-12.8913
-12.9902
-13.0474
-13.0707
-13.0681
-13.0424
-12.9926
-12.9189
-12.8217
-12.6976
-12.5494
-12.3763
-12.1758
-11.9446
-11.6776
-11.3651
-10.9946
-10.5891
1.83649
2.80499
3.9004
5.06482
6.18511
7.28066
8.30715
9.17928
9.87922
10.6778
11.2644
11.6728
12.0016
12.2704
12.4799
12.6446
12.7779
12.8885
12.9825
13.0649
13.1396
13.2095
13.2771
13.3417
13.3979
13.4411
13.4702
13.4855
13.487
13.4745
13.4477
13.4061
13.3491
13.2757
13.184
13.0705
12.9303
12.7539
12.5543
0.823744
-0.162198
-1.25317
-2.34424
-3.34224
-4.32034
-5.21361
-6.00718
-6.6937
-7.32107
-7.75838
-8.44648
-9.12059
-9.64793
-10.1042
-10.5316
-10.9198
-11.2579
-11.5469
-11.7895
-11.9855
-12.1338
-12.2362
-12.2966
-12.3233
-12.3245
-12.3035
-12.2588
-12.192
-12.1039
-11.9863
-11.8482
-11.6881
-11.5028
-11.2891
-11.0427
-10.7548
-10.4131
-10.0395
1.78252
2.71093
3.75925
4.86234
5.91407
6.92062
7.8373
8.57756
9.16147
10.0707
10.7039
11.1179
11.4566
11.7389
11.9583
12.1295
12.268
12.3828
12.4805
12.5661
12.6437
12.7167
12.7874
12.8554
12.9151
12.9616
12.9938
13.0122
13.0167
13.0074
12.9839
12.946
12.8931
12.8244
12.7381
12.631
12.4983
12.3308
12.1414
0.811058
-0.132632
-1.17385
-2.2069
-3.14224
-4.04541
-4.8525
-5.55031
-6.12644
-6.64774
-6.93172
-7.62733
-8.33543
-8.86137
-9.30891
-9.73625
-10.1288
-10.4704
-10.7621
-11.0076
-11.2069
-11.3586
-11.4644
-11.528
-11.5582
-11.5634
-11.5476
-11.5087
-11.4494
-11.3712
-11.2611
-11.1337
-10.9875
-10.818
-10.6222
-10.3965
-10.1331
-9.82047
-9.48097
1.72963
2.61775
3.61834
4.65988
5.64408
6.56144
7.37243
7.98894
8.45885
9.4559
10.1375
10.5576
10.9024
11.196
11.4251
11.6026
11.7458
11.8646
11.9657
12.0544
12.1348
12.2106
12.2845
12.3558
12.4191
12.4689
12.5044
12.5259
12.5337
12.5277
12.5077
12.4736
12.425
12.3611
12.2802
12.1797
12.0546
11.896
11.7169
0.799856
-0.101574
-1.09293
-2.06827
-2.94153
-3.77066
-4.4943
-5.09868
-5.57194
-5.98612
-6.13423
-6.82213
-7.55071
-8.07369
-8.51058
-8.93355
-9.32688
-9.66998
-9.96295
-10.2102
-10.4121
-10.5668
-10.6759
-10.7429
-10.7766
-10.7857
-10.7748
-10.7411
-10.6889
-10.6199
-10.5165
-10.399
-10.2657
-10.1111
-9.9324
-9.72693
-9.48736
-9.20208
-8.88996
1.67799
2.52605
3.47868
4.45914
5.37721
6.20529
6.9159
7.41319
7.7759
8.83416
9.56322
9.99287
10.3415
10.6438
10.8815
11.0652
11.213
11.3356
11.44
11.5316
11.6147
11.6932
11.77
11.8448
11.9116
11.9648
12.0036
12.0284
12.0395
12.037
12.0208
11.9907
11.9467
11.8879
11.8129
11.719
11.6017
11.4522
11.2833
0.790228
-0.0693425
-1.01118
-1.92965
-2.74201
-3.49863
-4.14191
-4.6554
-5.0333
-5.3379
-5.36925
-6.03457
-6.76776
-7.28446
-7.70926
-8.1241
-8.51457
-8.857
-9.14985
-9.39786
-9.60146
-9.75908
-9.87153
-9.94271
-9.98147
-9.99651
-9.99285
-9.96707
-9.92484
-9.86793
-9.77469
-9.66994
-9.55196
-9.41412
-9.25378
-9.06886
-8.85334
-8.59792
-8.327
1.62811
2.4366
3.34145
4.26183
5.11551
5.85414
6.46998
6.84824
7.11162
8.20639
8.97895
9.42223
9.77488
10.0842
10.3292
10.5181
10.6697
10.7959
10.9037
10.9985
11.0846
11.166
11.2458
11.3241
11.3947
11.4517
11.494
11.5224
11.5372
11.5383
11.5259
11.5
11.4605
11.4068
11.3377
11.2507
11.1414
11.0014
10.8432
0.782097
-0.0365382
-0.929984
-1.79291
-2.5462
-3.23245
-3.79905
-4.2247
-4.51435
-4.70607
-4.63869
-5.26694
-5.98779
-6.49339
-6.90471
-7.30817
-7.69206
-8.03143
-8.32287
-8.57085
-8.77583
-8.93586
-9.05092
-9.12453
-9.16523
-9.18241
-9.18166
-9.15917
-9.12168
-9.07111
-8.9829
-8.88618
-8.7793
-8.65498
-8.51092
-8.34542
-8.15184
-7.9176
-7.65326
1.5806
2.35061
3.20822
4.07033
4.86102
5.51002
6.03653
6.29207
6.46182
7.57327
8.38326
8.84236
9.20027
9.51756
9.77114
9.96562
10.12
10.2481
10.358
10.4552
10.544
10.6283
10.7115
10.7934
10.868
10.9292
10.9759
11.0088
11.0283
11.0344
11.0271
11.0066
10.9725
10.9246
10.8617
10.7814
10.6798
10.5484
10.3984
0.775334
-0.00448085
-0.851752
-1.66148
-2.35775
-2.97619
-3.46942
-3.81012
-4.01737
-4.09266
-3.94347
-4.52062
-5.21223
-5.70063
-6.09628
-6.48514
-6.85888
-7.1924
-7.48069
-7.72779
-7.93456
-8.09911
-8.22177
-8.30609
-8.35967
-8.39064
-8.40492
-8.39849
-8.37909
-8.34842
-8.27804
-8.20021
-8.11331
-8.00902
-7.88502
-7.74087
-7.57399
-7.38109
-7.19634
1.53659
2.27012
3.08191
3.88815
4.61564
5.17291
5.61328
5.7381
5.81673
6.93395
7.77828
8.25312
8.61343
8.93616
9.20016
9.40517
9.56724
9.69971
9.81186
9.91034
10.0004
10.0864
10.1721
10.2573
10.3354
10.4001
10.4502
10.4866
10.5099
10.5202
10.5178
10.5031
10.4758
10.4357
10.3817
10.3114
10.2211
10.1038
9.97383
0.769564
0.0251665
-0.779653
-1.53974
-2.1817
-2.73496
-3.15656
-3.41322
-3.54193
-3.49862
-3.28291
-3.79596
-4.44231
-4.90608
-5.2825
-5.6534
-6.01368
-6.33901
-6.62234
-6.86601
-7.06987
-7.23083
-7.34752
-7.42191
-7.4636
-7.48425
-7.48989
-7.47594
-7.45036
-7.41422
-7.33997
-7.26285
-7.18127
-7.08691
-6.9774
-6.85123
-6.69949
-6.50249
-6.2474
1.49685
2.19672
2.96534
3.71908
4.38138
4.84383
5.19911
5.17893
5.16004
6.2791
7.16477
7.66528
8.02961
8.34818
8.60906
8.81623
8.98614
9.12948
9.25223
9.35919
9.4555
9.54633
9.63641
9.72672
9.81137
9.88331
9.94054
9.9835
10.0124
10.0272
10.0283
10.0159
9.99049
9.95208
9.90029
9.83325
9.74665
9.6288
9.48357
0.764465
0.0524229
-0.713797
-1.42895
-2.021
-2.51395
-2.86646
-3.0413
-3.09576
-2.93166
-2.65653
-3.0923
-3.67928
-4.1099
-4.46198
-4.80985
-5.15163
-5.46649
-5.74806
-5.998
-6.2161
-6.40051
-6.55152
-6.67145
-6.76169
-6.82625
-6.87354
-6.90059
-6.91897
-6.92889
-6.89412
-6.85222
-6.80287
-6.7368
-6.65257
-6.5528
-6.44394
-6.3388
-6.30252
1.4604
2.12903
2.85783
3.5643
4.16179
4.53569
4.81143
4.61751
4.47717
5.58649
6.51553
7.06332
7.46512
7.80512
8.06539
8.25441
8.40066
8.52602
8.64037
8.74694
8.84763
8.94496
9.04208
9.13901
9.22981
9.30911
9.3764
9.43255
9.4777
9.5118
9.53463
9.54581
9.54471
9.53039
9.50164
9.45716
9.3974
9.32537
9.27389
0.76044
0.0785043
-0.652284
-1.32725
-1.87578
-2.31761
-2.60968
-2.71535
-2.70444
-2.40867
-2.06504
-2.41191
-2.92497
-3.31144
-3.63509
-3.95659
-4.27034
-4.55669
-4.8096
-5.02952
-5.21389
-5.35578
-5.44879
-5.49306
-5.50852
-5.5159
-5.51694
-5.5029
-5.47868
-5.44425
-5.37816
-5.31694
-5.25811
-5.1934
-5.11958
-5.03195
-4.91085
-4.71475
-4.37559
1.42713
2.06685
2.75971
3.42478
3.96286
4.27065
4.4731
4.05355
3.76714
4.8537
5.78886
6.35283
6.79653
7.20847
7.55172
7.80679
7.98589
8.11118
8.20507
8.28448
8.36039
8.43989
8.52767
8.62191
8.71069
8.78323
8.83725
8.87402
8.8952
8.9022
8.89645
8.8798
8.85424
8.82129
8.78094
8.72904
8.65188
8.51474
8.27544
0.758056
0.0962963
-0.608515
-1.25062
-1.76154
-2.15734
-2.39218
-2.43853
-2.35785
-1.90948
-1.49857
-1.76317
-2.18612
-2.50673
-2.79138
-3.09422
-3.40876
-3.71668
-4.01099
-4.29167
-4.55964
-4.817
-5.06452
-5.29523
-5.48174
-5.61532
-5.72238
-5.80977
-5.9006
-5.99132
-6.01835
-6.02089
-6.01684
-5.99998
-5.96674
-5.92499
-5.90369
-5.95458
-6.21293
1.40584
2.02614
2.69159
3.31848
3.79556
4.04102
4.11997
3.40733
3.0161
4.1477
5.09257
5.60993
5.96466
6.28579
6.59256
6.88925
7.17311
7.43023
7.64902
7.82741
7.97108
8.08948
8.19631
8.31104
8.44721
8.59322
8.73262
8.86022
8.97459
9.07482
9.15891
9.22409
9.26819
9.29012
9.29181
9.281
9.28228
9.35022
9.59347
0.754934
0.0848344
-0.620932
-1.24797
-1.72588
-2.06361
-2.21222
-2.15959
-1.9414
-1.32319
-0.914312
-1.13954
-1.48474
-1.72086
-1.90563
-2.08552
-2.26303
-2.43022
-2.58197
-2.71309
-2.81152
-2.85799
-2.8385
-2.76164
-2.69047
-2.65833
-2.64234
-2.61081
-2.55561
-2.51577
-2.44835
-2.38994
-2.34781
-2.30937
-2.26778
-2.21457
-2.10471
-1.85698
-1.29001
1.41153
2.03626
2.69367
3.28486
3.68062
3.79966
3.58524
2.52695
2.12667
3.44339
4.61838
5.37621
5.85027
6.09767
6.14554
6.0702
5.95375
5.86248
5.82424
5.84152
5.90594
6.00886
6.13427
6.24229
6.28935
6.29337
6.28836
6.27947
6.26565
6.24662
6.22606
6.20893
6.19875
6.19657
6.1976
6.18385
6.10213
5.84446
5.235
0.746301
0.0447706
-0.686176
-1.31874
-1.77363
-2.04873
-2.09079
-1.89577
-1.4683
-0.685418
-0.291236
-0.470999
-0.787282
-1.08495
-1.38563
-1.70004
-2.03092
-2.37987
-2.75174
-3.15538
-3.60298
-4.10079
-4.62566
-5.11825
-5.47291
-5.68936
-5.90252
-6.07184
-6.35444
-6.76582
-6.64702
-6.66823
-6.79428
-6.88715
-6.93177
-6.97485
-7.09104
-7.38649
-8.06387
1.43226
2.0791
2.74615
3.31262
3.62625
3.57544
2.96713
1.60131
0.97027
2.14909
3.45654
4.7496
6.00729
7.19992
8.21245
8.98723
9.54255
9.89655
10.0969
10.1966
10.2422
10.2712
10.3384
10.5315
10.8842
11.268
11.5833
11.8425
12.0674
12.2619
12.4192
12.5359
12.6141
12.6605
12.6912
12.7389
12.8857
13.2567
14.0558
106.924
106.189
105.24
104.005
102.274
99.8581
96.5372
92.1317
86.6684
80.4995
74.1435
67.9749
62.1131
56.5372
51.2074
46.1075
41.2372
36.5984
32.1892
28.003
24.0302
20.2619
16.6888
13.3025
10.0955
7.06028
4.18997
1.47778
-1.08078
-3.48928
-5.74958
-7.86224
-9.82779
-11.6455
-13.3145
-14.8343
-16.2045
-17.4253
-18.4973
-19.4223
-20.2023
-20.8409
-21.3423
-21.7113
-21.9542
-22.0777
-22.0891
-21.9963
-21.8076
-21.5316
-21.1772
-20.7529
-20.2675
-19.7292
-19.1461
-18.5258
-17.8753
-17.2012
-16.5094
-15.8052
-15.0936
-14.3786
-13.664
-12.9527
-12.2478
-11.5508
-10.8653
-10.2788
-9.75558
-9.22757
-8.6554
-8.13264
-7.45215
-7.0771
-6.04509
-6.30129
-4.11209
-6.40265
-0.929298
-8.53893
106.565
103.441
99.9015
96.1829
92.376
88.566
84.8158
81.1735
77.6225
74.19
70.8768
67.6928
64.6448
61.7382
58.977
56.3638
53.8994
51.5836
49.4147
47.3891
45.5028
43.7503
42.1256
40.6221
39.2326
37.9499
36.7668
35.6758
34.6699
33.7421
32.8858
32.0946
31.3618
30.6816
30.048
29.455
28.8971
28.3685
27.8639
27.3781
26.906
26.443
25.9847
25.5271
25.0666
24.6003
24.1256
23.6405
23.1435
22.6336
22.1105
21.5742
21.0251
20.4641
19.8924
19.3115
18.723
18.1288
17.5309
16.9312
16.3318
15.7347
15.1417
14.5548
13.9761
13.4069
12.8504
12.3823
11.9786
11.5638
11.1398
10.7097
10.2713
9.86594
9.35463
9.23396
8.06579
9.76601
4.82029
14.3924
47.0003
46.4849
45.9984
45.5489
45.1101
44.721
44.4093
44.1469
43.8389
43.3555
42.6131
41.6066
40.3422
38.8186
37.0534
35.0789
32.9299
30.6382
28.2334
25.7435
23.1946
20.6119
18.0175
15.4313
12.871
10.3522
7.88988
5.49729
3.18609
0.965151
-1.15821
-3.17775
-5.08892
-6.88728
-8.56901
-10.1311
-11.5709
-12.8863
-14.0756
-15.1379
-16.0731
-16.8818
-17.5656
-18.1265
-18.568
-18.8942
-19.11
-19.2208
-19.233
-19.1534
-18.989
-18.7474
-18.436
-18.0625
-17.6343
-17.1586
-16.6426
-16.0927
-15.5152
-14.9157
-14.2995
-13.6712
-13.0351
-12.3949
-11.754
-11.1147
-10.4807
-9.93467
-9.44508
-8.95162
-8.40917
-7.91977
-7.26345
-6.92023
-5.91225
-6.18261
-4.05569
-6.27271
-1.02567
-8.35235
47.3217
47.5268
47.9112
48.2549
48.5276
48.7025
48.7692
48.7213
48.5562
48.2828
47.9013
47.4191
46.8428
46.1801
45.4402
44.6331
43.7692
42.8592
41.9146
40.9468
39.9664
38.9836
38.0078
37.0477
36.1103
35.2016
34.3263
33.4879
32.6885
31.9292
31.21
30.5301
29.8879
29.2814
28.708
28.1646
27.6479
27.1546
26.681
26.2235
25.7784
25.3422
24.9113
24.4825
24.0526
23.6189
23.1791
22.731
22.273
21.8039
21.3229
20.8297
20.3243
19.807
19.2788
18.7406
18.1938
17.64
17.0808
16.5179
15.9534
15.389
14.8268
14.2686
13.7165
13.1719
12.6382
12.1883
11.7997
11.3998
10.99
10.5742
10.1488
9.75833
9.25717
9.15081
8.00433
9.6543
4.90764
14.053
29.2661
28.9703
28.6457
28.312
27.9326
27.4865
26.9702
26.3833
25.7273
25.0073
24.2366
23.4475
22.6682
21.8984
21.1224
20.32
19.4728
18.5665
17.59
16.5354
15.3979
14.1764
12.8732
11.4935
10.0458
8.53996
6.98764
5.40074
3.79256
2.17664
0.566505
-1.02434
-2.58362
-4.09956
-5.56132
-6.95934
-8.28496
-9.53065
-10.6898
-11.757
-12.7277
-13.5988
-14.368
-15.0337
-15.596
-16.0558
-16.4147
-16.6756
-16.8421
-16.9186
-16.9101
-16.8222
-16.6608
-16.4322
-16.1429
-15.7993
-15.4078
-14.9747
-14.5059
-14.0072
-13.4839
-12.941
-12.383
-11.8138
-11.2376
-10.6568
-10.0754
-9.57145
-9.11682
-8.65834
-8.14824
-7.6905
-7.06653
-6.74352
-5.78501
-6.03068
-4.03057
-6.08408
-1.17349
-8.06102
29.4216
29.5108
29.5968
29.6731
29.7685
29.8844
30.0229
30.1794
30.3513
30.5333
30.7182
30.9006
31.0732
31.2298
31.3642
31.4702
31.5426
31.5769
31.5695
31.518
31.4212
31.2788
31.092
30.8631
30.5954
30.2928
29.96
29.6021
29.224
28.8309
28.4276
28.0182
27.6064
27.1952
26.7871
26.3834
25.9853
25.5928
25.2058
24.8234
24.4446
24.0678
23.6914
23.3135
22.9322
22.5458
22.1524
21.7506
21.3389
20.9162
20.4818
20.0353
19.5764
19.1054
18.6228
18.1294
17.6262
17.1146
16.5958
16.0717
15.5439
15.0143
14.4847
13.9571
13.4335
12.9153
12.4061
11.9759
11.6038
11.2203
10.8263
10.4263
10.0157
9.6397
9.15531
9.04855
7.96025
9.49149
5.04626
13.6629
27.8502
27.6608
27.4545
27.2397
27.0026
26.7251
26.3889
25.976
25.465
24.8351
24.0761
23.2023
22.2558
21.2718
20.263
19.2331
18.1847
17.1211
16.0451
14.9573
13.8568
12.7418
11.6101
10.4592
9.28741
8.09325
6.87648
5.63757
4.37889
3.10388
1.81753
0.5263
-0.762601
-2.04101
-3.30008
-4.53092
-5.7245
-6.87217
-7.96564
-8.99725
-9.96023
-10.8488
-11.6579
-12.3835
-13.0229
-13.5741
-14.0364
-14.41
-14.6963
-14.8972
-15.0159
-15.0559
-15.0217
-14.9179
-14.75
-14.5233
-14.2434
-13.9161
-13.5469
-13.1414
-12.7046
-12.2417
-11.7573
-11.2557
-10.741
-10.2164
-9.68561
-9.22203
-8.8002
-8.37422
-7.89449
-7.46674
-6.87255
-6.57158
-5.65287
-5.89205
-3.97839
-5.94144
-1.2347
-7.87213
27.9799
28.0717
28.1376
28.1811
28.2078
28.2176
28.2124
28.1923
28.16
28.1162
28.0631
28.0025
27.9358
27.8649
27.7906
27.714
27.6356
27.5552
27.4723
27.3861
27.2951
27.1978
27.0923
26.9767
26.8494
26.7086
26.5531
26.3821
26.1952
25.9925
25.7747
25.5427
25.2978
25.0416
24.7755
24.501
24.2196
23.9323
23.6399
23.3428
23.0413
22.7352
22.4238
22.1066
21.7826
21.4508
21.1101
20.7595
20.3981
20.0249
19.6393
19.2409
18.8295
18.4053
17.9684
17.5196
17.0598
16.5899
16.1114
15.6257
15.1343
14.6391
14.1419
13.6446
13.1492
12.6571
12.1721
11.7611
11.4049
11.037
10.6583
10.2735
9.8773
9.51527
9.04582
8.94335
7.89463
9.3624
5.08713
13.4132
23.601
23.3953
23.1849
22.983
22.7822
22.5759
22.3559
22.1139
21.842
21.5288
21.1592
20.7181
20.202
19.6208
18.9821
18.2879
17.5393
16.7375
15.885
14.9854
14.0425
13.0605
12.0435
10.9958
9.92172
8.82512
7.70982
6.57928
5.43709
4.28658
3.13114
1.97469
0.821179
-0.324906
-1.45846
-2.57401
-3.6656
-4.72697
-5.7516
-6.733
-7.66487
-8.54127
-9.35664
-10.106
-10.7852
-11.3909
-11.9205
-12.3724
-12.7461
-13.0417
-13.2604
-13.4041
-13.4755
-13.4779
-13.4151
-13.2916
-13.1119
-12.8809
-12.6036
-12.285
-11.9301
-11.5435
-11.1301
-10.694
-10.2396
-9.77032
-9.28982
-8.86628
-8.47706
-8.08344
-7.63415
-7.23673
-6.67156
-6.39551
-5.51063
-5.75645
-3.90489
-5.81942
-1.24944
-7.73224
23.7488
23.862
23.9761
24.086
24.1928
24.2959
24.3941
24.4856
24.5693
24.6434
24.7068
24.7582
24.7967
24.8216
24.8324
24.8288
24.8111
24.7796
24.7349
24.6779
24.6095
24.5308
24.4427
24.3462
24.2421
24.131
24.0131
23.8887
23.7577
23.6199
23.475
23.3228
23.1627
22.9947
22.8183
22.6337
22.4407
22.2394
22.0297
21.8117
21.5852
21.3503
21.1064
20.8533
20.5904
20.3171
20.0328
19.7368
19.4284
19.107
18.7721
18.4233
18.0605
17.6839
17.2935
16.8899
16.4739
16.0464
15.6085
15.1617
14.7074
14.2473
13.7832
13.3168
12.8503
12.3851
11.9251
11.5336
11.1936
10.8417
10.4787
10.1094
9.72808
9.38017
8.92564
8.83014
7.81182
9.24219
5.07631
13.2085
18.953
18.7749
18.5894
18.4101
18.2299
18.0459
17.8556
17.6531
17.4324
17.1885
16.9152
16.6047
16.2505
15.8535
15.4207
14.956
14.4603
13.9329
13.3716
12.7737
12.1378
11.4628
10.7482
9.9942
9.20172
8.37249
7.50898
6.61419
5.69185
4.74598
3.78094
2.80154
1.81256
0.819039
-0.173799
-1.16068
-2.13616
-3.09471
-4.0306
-4.93816
-5.81168
-6.64563
-7.43456
-8.17335
-8.85738
-9.48246
-10.045
-10.5423
-10.9722
-11.3334
-11.6255
-11.8488
-12.0043
-12.094
-12.1202
-12.0861
-11.995
-11.8509
-11.6579
-11.4204
-11.1428
-10.8294
-10.4848
-10.1129
-9.71817
-9.30416
-8.87428
-8.49135
-8.13568
-7.77544
-7.35798
-6.99193
-6.45744
-6.20707
-5.35817
-5.61028
-3.82425
-5.68608
-1.26188
-7.57536
19.0756
19.1685
19.2663
19.364
19.465
19.5692
19.6764
19.7864
19.8988
20.0131
20.1287
20.2448
20.3605
20.4748
20.5865
20.6945
20.7972
20.8935
20.982
21.0616
21.131
21.1894
21.236
21.2702
21.2919
21.3008
21.2971
21.281
21.2528
21.2131
21.1621
21.1003
21.028
20.9454
20.8527
20.75
20.6372
20.5142
20.3809
20.237
20.0825
19.9169
19.74
19.5514
19.3507
19.1374
18.9111
18.6713
18.4174
18.1492
17.8662
17.5681
17.255
16.9267
16.5836
16.226
15.8547
15.4704
15.0742
14.6673
14.2512
13.8274
13.3975
12.9635
12.5272
12.0903
11.6566
11.286
10.9632
10.6286
10.2824
9.92964
9.56436
9.2312
8.79355
8.70369
7.72043
9.10418
5.06219
12.9758
15.8212
15.6746
15.5189
15.3658
15.2098
15.0499
14.8864
14.7167
14.5356
14.3379
14.1188
13.8724
13.5919
13.2727
12.9168
12.5311
12.12
11.6858
11.2302
10.7525
10.2514
9.72599
9.1755
8.59905
7.99588
7.36544
6.70745
6.02206
5.30992
4.57216
3.81049
3.02734
2.22558
1.40867
0.580615
-0.254191
-1.09096
-1.92468
-2.75002
-3.56159
-4.35393
-5.12159
-5.85919
-6.56145
-7.22349
-7.84071
-8.40886
-8.92431
-9.38393
-9.78531
-10.1268
-10.4072
-10.6265
-10.7848
-10.8835
-10.9242
-10.9093
-10.8414
-10.7239
-10.5602
-10.354
-10.1093
-9.83003
-9.51999
-9.1832
-8.82345
-8.44375
-8.10151
-7.77972
-7.45321
-7.06841
-6.73413
-6.23184
-6.00689
-5.197
-5.45269
-3.73863
-5.53927
-1.27306
-7.39847
15.9268
16.0132
16.1043
16.196
16.291
16.3882
16.488
16.5901
16.6945
16.8011
16.9099
17.0206
17.1331
17.2472
17.3626
17.4792
17.5964
17.7136
17.8304
17.9461
18.0597
18.1704
18.277
18.3787
18.4742
18.5625
18.6425
18.7133
18.774
18.8238
18.8622
18.8888
18.9032
18.9052
18.8947
18.8717
18.8361
18.788
18.7271
18.6535
18.5669
18.4673
18.3544
18.2279
18.0874
17.9327
17.7634
17.579
17.3793
17.1639
16.9325
16.685
16.4213
16.1414
15.8455
15.534
15.2075
14.8667
14.5126
14.1462
13.7688
13.382
12.9873
12.5865
12.1816
11.774
11.3677
11.019
10.7145
10.3979
10.0696
9.73428
9.38612
9.06824
8.64936
8.5632
7.62095
8.94697
5.04582
12.7211
13.6172
13.4932
13.3598
13.2267
13.0904
12.9501
12.8075
12.6626
12.513
12.355
12.1845
11.9975
11.7889
11.5527
11.2842
10.9837
10.6557
10.3035
9.92892
9.53379
9.11815
8.68104
8.22203
7.74106
7.23815
6.71331
6.16662
5.59831
5.00878
4.39856
3.76839
3.1194
2.45291
1.77067
1.07493
0.368292
-0.346136
-1.06485
-1.78388
-2.49896
-3.20556
-3.89893
-4.57423
-5.2265
-5.85097
-6.44296
-6.99801
-7.51206
-7.9814
-8.40288
-8.77388
-9.09236
-9.35698
-9.56698
-9.72232
-9.82358
-9.87193
-9.86909
-9.81726
-9.71905
-9.57746
-9.39568
-9.17713
-8.92529
-8.64374
-8.33623
-8.00535
-7.70303
-7.41471
-7.12154
-6.76947
-6.46672
-5.99736
-5.79741
-5.02794
-5.28651
-3.64544
-5.38561
-1.27328
-7.21731
13.7104
13.7912
13.8771
13.9648
14.0559
14.1496
14.2462
14.3454
14.4472
14.5513
14.6578
14.7663
14.8767
14.9887
15.1022
15.2168
15.3322
15.4482
15.5646
15.6809
15.7969
15.9121
16.0261
16.1384
16.2484
16.3556
16.4592
16.5585
16.6527
16.7408
16.8221
16.8955
16.9603
17.0157
17.0608
17.095
17.1177
17.1283
17.1264
17.1114
17.0832
17.0411
16.985
16.9145
16.8291
16.7285
16.6124
16.4804
16.3321
16.1673
15.9857
15.7871
15.5714
15.3387
15.0891
14.8229
14.5405
14.2427
13.9303
13.6042
13.2656
12.9159
12.5567
12.1896
11.8165
11.4389
11.0608
10.7347
10.449
10.1511
9.84123
9.52395
9.19369
8.89137
8.49264
8.40891
7.51095
8.77573
5.01625
12.4633
11.8026
11.6974
11.5839
11.469
11.3498
11.226
11.0995
10.9711
10.8406
10.7067
10.5664
10.4164
10.2537
10.0742
9.87307
9.6462
9.39308
9.11658
8.81915
8.50229
8.16757
7.81496
7.44324
7.0516
6.63975
6.20751
5.75483
5.28179
4.78872
4.27607
3.74453
3.19505
2.6287
2.04682
1.45108
0.843353
0.225826
-0.398969
-1.02818
-1.65863
-2.28685
-2.90911
-3.52143
-4.11962
-4.69944
-5.25661
-5.7869
-6.28624
-6.75076
-7.17699
-7.56179
-7.90246
-8.1969
-8.4435
-8.64126
-8.7898
-8.88927
-8.94043
-8.94453
-8.9033
-8.81891
-8.69385
-8.53092
-8.3331
-8.10349
-7.84566
-7.5617
-7.29808
-7.04248
-6.78194
-6.46238
-6.1907
-5.75461
-5.5793
-4.85085
-5.1126
-3.54333
-5.22695
-1.26044
-7.03644
11.8834
11.9552
12.0322
12.1112
12.1937
12.2791
12.3678
12.4596
12.5546
12.6527
12.7538
12.8579
12.9648
13.0744
13.1865
13.3009
13.4174
13.5356
13.6552
13.7759
13.8973
14.019
14.1406
14.2615
14.3814
14.4997
14.616
14.7296
14.84
14.9467
15.0489
15.146
15.2373
15.3219
15.3992
15.4683
15.5285
15.5788
15.6186
15.6471
15.6635
15.6672
15.6576
15.6341
15.596
15.5429
15.4742
15.3895
15.2883
15.1704
15.0353
14.8827
14.7127
14.525
14.3198
14.0973
13.8578
13.6019
13.3303
13.0439
12.7437
12.4309
12.1071
11.7738
11.4328
11.0856
10.736
10.433
10.1665
9.88774
9.59691
9.29818
8.98646
8.69996
8.32251
8.24042
7.38875
8.59177
4.97101
12.2045
10.2869
10.1976
10.1014
10.0038
9.90126
9.79287
9.68063
9.56596
9.44932
9.33067
9.20908
9.08235
8.94775
8.8027
8.644
8.46754
8.26963
8.04943
7.80905
7.55065
7.27572
6.98582
6.68121
6.36081
6.02367
5.66935
5.29756
4.90806
4.50072
4.07554
3.63271
3.17269
2.69607
2.2037
1.69675
1.17657
0.644823
0.103455
-0.445314
-0.99898
-1.55478
-2.10972
-2.66053
-3.20371
-3.73566
-4.25263
-4.75078
-5.22634
-5.67556
-6.09492
-6.48113
-6.83114
-7.1424
-7.41269
-7.64032
-7.82414
-7.96347
-8.05822
-8.10879
-8.11609
-8.08151
-8.00677
-7.89402
-7.74569
-7.56433
-7.35326
-7.11396
-6.88753
-6.66369
-6.4349
-6.14745
-5.90626
-5.5036
-5.35251
-4.66552
-4.93053
-3.43233
-5.06209
-1.23678
-6.85329
10.3568
10.4203
10.4882
10.5582
10.6314
10.7076
10.7869
10.8693
10.9549
11.0437
11.1357
11.2309
11.3294
11.431
11.5357
11.6434
11.7541
11.8675
11.9835
12.1019
12.2223
12.3446
12.4683
12.593
12.7184
12.8439
12.9689
13.0931
13.2157
13.3361
13.4538
13.568
13.6781
13.7833
13.883
13.9763
14.0626
14.141
14.2107
14.271
14.3209
14.3597
14.3867
14.401
14.4018
14.3886
14.3605
14.317
14.2576
14.1816
14.0887
13.9785
13.8507
13.7051
13.5418
13.3607
13.1622
12.9466
12.7146
12.4667
12.2041
11.9277
11.639
11.3393
11.0304
10.7137
10.3931
10.1134
9.86643
9.60725
9.33587
9.05615
8.76356
8.49317
8.13801
8.05703
7.25351
8.39398
4.91216
11.9394
9.04453
8.96819
8.88609
8.80269
8.71537
8.6222
8.5239
8.42198
8.31748
8.21092
8.10249
7.99157
7.87649
7.755
7.6249
7.48348
7.32717
7.15258
6.95851
6.74641
6.5182
6.27531
6.01931
5.75077
5.4688
5.17253
4.86155
4.53565
4.19465
3.83839
3.46681
3.08004
2.67829
2.26193
1.83161
1.38813
0.932554
0.466188
-0.00936126
-0.49224
-0.980333
-1.47128
-1.96243
-2.45091
-2.93367
-3.40749
-3.86899
-4.31476
-4.74133
-5.14533
-5.5235
-5.87271
-6.19014
-6.47324
-6.71988
-6.92832
-7.09727
-7.22593
-7.31398
-7.36158
-7.36938
-7.33842
-7.27016
-7.16648
-7.02931
-6.86164
-6.66436
-6.47328
-6.27994
-6.08176
-5.82572
-5.61419
-5.24485
-5.11739
-4.47214
-4.74023
-3.31274
-4.89023
-1.20377
-6.66562
9.10542
9.16163
9.22163
9.28372
9.34877
9.41656
9.48728
9.56095
9.63764
9.71739
9.80026
9.88629
9.97548
10.0679
10.1634
10.2621
10.3639
10.4688
10.5767
10.6874
10.8008
10.9167
11.035
11.1554
11.2776
11.4012
11.5259
11.6513
11.7768
11.902
12.0261
12.1487
12.2691
12.3865
12.5001
12.6094
12.7134
12.8113
12.9024
12.9857
13.0605
13.1258
13.1809
13.2248
13.2568
13.276
13.2816
13.2729
13.2491
13.2097
13.154
13.0816
12.9921
12.885
12.7603
12.6179
12.4579
12.2804
12.0861
11.8753
11.649
11.408
11.1536
10.887
10.61
10.3238
10.032
9.77583
9.54865
9.3093
9.0577
8.79736
8.52438
8.27038
7.93834
7.85816
7.10452
8.18148
4.84091
11.6652
8.01281
7.94728
7.87685
7.80505
7.7299
7.65015
7.56574
7.47673
7.38383
7.28815
7.19045
7.09098
6.9894
6.8845
6.77446
6.65734
6.53086
6.39194
6.23744
6.06586
5.87806
5.67571
5.46012
5.23275
4.99437
4.74433
4.48174
4.20615
3.91743
3.61544
3.30006
2.9713
2.62922
2.27399
1.90599
1.52571
1.13379
0.731112
0.318759
-0.101957
-0.529506
-0.962116
-1.39776
-1.83414
-2.2688
-2.69905
-3.12202
-3.53473
-3.93407
-4.31695
-4.68026
-5.02098
-5.33622
-5.62331
-5.87984
-6.10371
-6.29318
-6.44692
-6.56404
-6.64408
-6.68701
-6.69327
-6.66366
-6.5995
-6.50212
-6.37414
-6.21582
-6.05792
-5.89352
-5.72449
-5.49882
-5.31583
-4.97938
-4.87471
-4.2712
-4.54205
-3.18488
-4.71142
-1.1618
-6.4734
8.06592
8.1156
8.16851
8.22343
8.28103
8.34116
8.40401
8.4696
8.53802
8.60933
8.68361
8.7609
8.84125
8.92469
9.01126
9.10097
9.19381
9.28976
9.3888
9.49086
9.59587
9.70371
9.81426
9.92736
10.0428
10.1604
10.2798
10.4008
10.5229
10.6459
10.7692
10.8924
11.0149
11.136
11.2553
11.3718
11.485
11.594
11.6981
11.7963
11.8878
11.9717
12.0471
12.1131
12.1689
12.2135
12.246
12.2656
12.2715
12.2629
12.2392
12.1997
12.1438
12.0711
11.9813
11.8741
11.7496
11.6077
11.4486
11.273
11.0812
10.8742
10.653
10.4187
10.1728
9.91659
9.6535
9.42079
9.2134
8.99395
8.76231
8.52154
8.26849
8.03111
7.72283
7.64332
6.94104
7.95392
4.75728
11.3804
7.13804
7.08158
7.02093
6.95901
6.89409
6.8251
6.7524
6.67598
6.59523
6.51038
6.42255
6.33265
6.24106
6.14764
6.05156
5.95132
5.84524
5.7314
5.60717
5.46964
5.31713
5.15001
4.96969
4.77738
4.57445
4.36184
4.1391
3.90533
3.66005
3.40309
3.13436
2.85378
2.5613
2.25695
1.94094
1.61354
1.27518
0.926436
0.568073
0.201026
-0.173586
-0.55445
-0.940018
-1.32852
-1.71799
-2.10627
-2.49097
-2.86956
-3.23938
-3.59766
-3.94159
-4.26832
-4.5751
-4.85924
-5.11825
-5.34984
-5.55199
-5.72302
-5.86158
-5.96672
-6.03789
-6.07497
-6.07819
-6.04834
-5.98615
-5.89387
-5.77115
-5.64393
-5.50662
-5.365
-5.16836
-5.01255
-4.70821
-4.6253
-4.06323
-4.3364
-3.04904
-4.52583
-1.1118
-6.27676
7.18437
7.22811
7.27463
7.32303
7.37383
7.42695
7.48254
7.54065
7.60137
7.66477
7.73093
7.79991
7.87177
7.94659
8.0244
8.10524
8.18915
8.27613
8.3662
8.45935
8.55553
8.65471
8.75679
8.86168
8.96925
9.07934
9.19176
9.30628
9.42264
9.54054
9.65961
9.77948
9.89969
10.0198
10.1392
10.2573
10.3736
10.4872
10.5976
10.7038
10.8051
10.9006
10.9894
11.0707
11.1435
11.2068
11.2598
11.3016
11.3312
11.3478
11.3506
11.3389
11.3119
11.2692
11.2102
11.1345
11.0419
10.9324
10.806
10.663
10.5037
10.3289
10.1393
9.93601
9.72034
9.49333
9.25835
9.04878
8.86099
8.66135
8.44964
8.22851
7.99551
7.77493
7.4908
7.41203
6.7623
7.71089
4.66131
11.0833
6.38743
6.33862
6.28623
6.23267
6.17654
6.11684
6.05371
5.98746
5.91797
5.84457
5.76705
5.68627
5.60328
5.51864
5.43238
5.34395
5.25215
5.15548
5.05235
4.94053
4.81736
4.68098
4.53138
4.3697
4.19711
4.01489
3.82411
3.62451
3.41525
3.19579
2.96596
2.72572
2.47495
2.21361
1.94175
1.65949
1.36706
1.06483
0.753316
0.433156
0.105159
-0.229702
-0.570257
-0.915139
-1.2628
-1.61151
-1.95932
-2.30414
-2.64369
-2.9756
-3.29736
-3.60641
-3.90018
-4.17612
-4.43176
-4.66479
-4.87303
-5.05459
-5.20783
-5.33144
-5.42444
-5.48627
-5.51667
-5.51594
-5.48428
-5.42355
-5.33283
-5.23358
-5.12131
-5.00512
-4.83589
-4.70564
-4.43239
-4.36998
-3.84878
-4.12359
-2.9056
-4.33325
-1.05474
-6.07453
6.42786
6.46632
6.50719
6.54977
6.5945
6.64133
6.69038
6.74171
6.79542
6.85158
6.91027
6.97155
7.0355
7.1022
7.1717
7.24405
7.31932
7.39753
7.47873
7.56292
7.65011
7.74029
7.83344
7.9295
8.0284
8.13005
8.2343
8.34102
8.45001
8.56105
8.67385
8.78812
8.90352
9.01963
9.13603
9.25221
9.36763
9.4817
9.59377
9.70318
9.80916
9.91093
10.0077
10.0985
10.1826
10.259
10.3267
10.3849
10.4326
10.469
10.4931
10.5041
10.5013
10.484
10.4514
10.4033
10.339
10.2585
10.1617
10.0485
9.91925
9.77441
9.6146
9.44073
9.25391
9.05506
8.84733
8.66035
8.49179
8.31166
8.11967
7.91806
7.70511
7.5014
7.24162
7.16383
6.56757
7.4516
4.55347
10.7707
5.73728
5.69499
5.64959
5.60315
5.5545
5.50278
5.44803
5.39034
5.32972
5.26618
5.1993
5.12856
5.0543
4.97757
4.89914
4.81926
4.73757
4.65313
4.56468
4.47085
4.36975
4.25892
4.13645
4.00195
3.85631
3.70065
3.53621
3.36411
3.1843
2.99601
2.79868
2.59216
2.37637
2.15123
1.91671
1.67282
1.41967
1.15747
0.886534
0.607293
0.320312
0.0262828
-0.273924
-0.579269
-0.888558
-1.20042
-1.51328
-1.82543
-2.13496
-2.43986
-2.73795
-3.02698
-3.30461
-3.5685
-3.81631
-4.04576
-4.25468
-4.44106
-4.60312
-4.73929
-4.8483
-4.92923
-4.98141
-5.00477
-4.99901
-4.96562
-4.90318
-4.82902
-4.73953
-4.64662
-4.50298
-4.39645
-4.15298
-4.10959
-3.62865
-3.90383
-2.75543
-4.13305
-0.992443
-5.86477
5.77261
5.8064
5.84229
5.87973
5.91908
5.96032
6.00355
6.04884
6.09627
6.14592
6.19786
6.25217
6.30892
6.36819
6.43004
6.49453
6.56174
6.6317
6.70448
6.7801
6.8586
6.93999
7.02427
7.11143
7.20144
7.29425
7.38978
7.48793
7.58859
7.6916
7.79674
7.9038
8.01252
8.12258
8.23363
8.34527
8.45704
8.56844
8.67893
8.78791
8.89473
8.99866
9.09899
9.19492
9.28561
9.3702
9.4478
9.51751
9.5784
9.62956
9.67008
9.6991
9.71577
9.71931
9.70902
9.68427
9.64456
9.58951
9.51884
9.43248
9.33051
9.21319
9.08099
8.93462
8.77501
8.60294
8.42132
8.25613
8.10621
7.94512
7.77247
7.5901
7.39696
7.21014
6.97469
6.89824
6.35634
7.17491
4.43506
10.4376
5.16915
5.13239
5.09294
5.05255
5.01025
4.96531
4.91774
4.86759
4.8147
4.75903
4.70069
4.63951
4.57486
4.50659
4.43552
4.36261
4.28827
4.21236
4.13418
4.05269
3.96669
3.8746
3.7743
3.66389
3.54272
3.4114
3.27093
3.12245
2.96712
2.80495
2.63518
2.45725
2.27103
2.0765
1.87365
1.66242
1.44281
1.21493
0.978971
0.735215
0.484048
0.225959
-0.0384158
-0.308292
-0.58276
-0.860752
-1.14102
-1.42217
-1.70264
-1.98074
-2.25463
-2.52234
-2.78183
-3.03097
-3.2676
-3.48959
-3.69483
-3.88132
-4.0472
-4.19076
-4.31057
-4.40541
-4.47434
-4.51698
-4.53259
-4.52232
-4.48438
-4.43231
-4.36322
-4.29125
-4.17118
-4.08633
-3.87115
-3.84494
-3.40375
-3.67711
-2.59984
-3.92412
-0.926874
-5.64399
5.20004
5.22974
5.26124
5.29416
5.32876
5.36505
5.40312
5.44303
5.48486
5.52868
5.57458
5.62261
5.67285
5.72538
5.78026
5.83756
5.89737
5.95971
6.02466
6.09227
6.16259
6.23563
6.31142
6.38999
6.47132
6.55539
6.64217
6.73161
6.82363
6.91812
7.01494
7.11392
7.2149
7.31761
7.42178
7.52711
7.63322
7.7397
7.8461
7.95192
8.0566
8.15952
8.26002
8.3574
8.45089
8.53972
8.62305
8.70001
8.76972
8.83129
8.88381
8.9264
8.95819
8.97835
8.98612
8.98078
8.96172
8.92844
8.88054
8.8178
8.74013
8.64761
8.54058
8.41952
8.28518
8.13824
7.9813
7.83686
7.7048
7.56207
7.40813
7.24454
7.07083
6.90079
6.68941
6.61462
6.12833
6.87851
4.30873
10.0774
4.66555
4.63354
4.5992
4.56401
4.52716
4.48804
4.44663
4.40299
4.35695
4.30838
4.2572
4.20351
4.14734
4.08821
4.02554
3.95972
3.89182
3.82252
3.75186
3.67933
3.60405
3.52496
3.44069
3.34928
3.24889
3.13899
3.02026
2.89351
2.75958
2.61952
2.47348
2.32059
2.16015
1.99206
1.81644
1.63331
1.44265
1.24445
1.03881
0.825925
0.606061
0.379572
0.14692
-0.0913038
-0.334407
-0.581556
-0.831772
-1.08394
-1.33678
-1.58892
-1.83879
-2.08472
-2.32495
-2.55757
-2.78067
-2.9923
-3.19047
-3.37324
-3.53876
-3.68533
-3.81136
-3.9155
-3.99659
-4.054
-4.08668
-4.09547
-4.07822
-4.04521
-3.99408
-3.94061
-3.84198
-3.7764
-3.58831
-3.57635
-3.17575
-3.44258
-2.44171
-3.70257
-0.862721
-5.40625
4.6926
4.71871
4.74641
4.77536
4.80581
4.83776
4.87129
4.90647
4.94336
4.98204
5.02257
5.06502
5.10946
5.15596
5.20459
5.25542
5.30852
5.36394
5.42175
5.48201
5.54476
5.61005
5.67792
5.74839
5.82148
5.8972
5.97554
6.05646
6.13994
6.2259
6.31425
6.40488
6.49766
6.5924
6.68889
6.78689
6.88612
6.98626
7.08691
7.18768
7.28809
7.38762
7.48571
7.58173
7.67502
7.76488
7.85053
7.93119
8.00603
8.0742
8.13483
8.18706
8.23
8.26284
8.28476
8.29496
8.29283
8.27772
8.24911
8.20671
8.15028
8.0797
7.99518
7.89704
7.78584
7.6621
7.52814
7.40325
7.28811
7.16282
7.02681
6.88133
6.72647
6.57299
6.38534
6.31194
5.88428
6.55814
4.1816
9.67798
4.22509
4.19731
4.16751
4.13697
4.105
4.07108
4.0352
3.99739
3.95752
3.91546
3.87113
3.82459
3.77597
3.72522
3.67145
3.61268
3.54727
3.47551
3.3991
3.31994
3.23951
3.15921
3.0807
3.00538
2.93271
2.85948
2.78073
2.69107
2.58599
2.46448
2.33103
2.19205
2.0501
1.90389
1.75139
1.59171
1.42495
1.25146
1.07147
0.885056
0.692294
0.493382
0.28865
0.0785416
-0.136443
-0.35565
-0.578336
-0.803623
-1.03047
-1.25777
-1.48424
-1.70843
-1.92885
-2.14389
-2.35184
-2.55093
-2.73936
-2.91532
-3.07702
-3.22281
-3.35107
-3.46038
-3.54944
-3.61738
-3.66301
-3.68688
-3.68662
-3.66952
-3.63394
-3.59624
-3.51713
-3.46765
-3.30624
-3.3037
-2.94711
-3.19803
-2.28508
-3.46452
-0.807072
-5.14533
4.24864
4.27143
4.29559
4.32087
4.34746
4.37538
4.40469
4.43546
4.46776
4.50163
4.53715
4.57438
4.61339
4.65424
4.69701
4.74175
4.78854
4.83743
4.88849
4.94178
4.99736
5.05526
5.11555
5.17826
5.24342
5.31106
5.38116
5.45372
5.52875
5.60624
5.68608
5.76821
5.85253
5.93895
6.02728
6.11731
6.20886
6.30168
6.39546
6.48984
6.58445
6.67883
6.77253
6.86503
6.95573
7.04402
7.12921
7.21058
7.28741
7.35888
7.4242
7.48255
7.53303
7.57484
7.60723
7.62932
7.64043
7.63994
7.62717
7.60177
7.56339
7.51175
7.4469
7.36906
7.27858
7.17585
7.0629
6.95609
6.85672
6.74777
6.62867
6.50049
6.36363
6.22622
6.06206
5.98844
5.62602
6.20748
4.06297
9.23037
3.69606
3.6729
3.64799
3.62239
3.59562
3.56725
3.53723
3.50558
3.47222
3.43706
3.39995
3.36073
3.31931
3.2756
3.22983
3.18245
3.13344
3.08202
3.0275
2.97035
2.91168
2.85204
2.79093
2.72739
2.66048
2.58909
2.5115
2.42631
2.33415
2.23632
2.13242
2.02148
1.90396
1.78109
1.65319
1.51992
1.38091
1.236
1.08517
0.928511
0.766125
0.598134
0.424712
0.246137
0.0627241
-0.125061
-0.3167
-0.511561
-0.708879
-0.907808
-1.10735
-1.30639
-1.50372
-1.698
-1.88781
-2.07158
-2.24777
-2.41472
-2.57079
-2.71434
-2.84378
-2.95764
-3.05451
-3.1333
-3.19267
-3.2327
-3.25123
-3.25137
-3.23379
-3.21262
-3.15754
-3.12292
-2.99735
-2.99704
-2.70327
-2.91876
-2.12904
-3.18983
-0.769736
-4.85346
3.71585
3.73506
3.7554
3.7767
3.79913
3.82268
3.84742
3.87343
3.90072
3.92938
3.95946
3.991
4.02408
4.05877
4.09512
4.13316
4.17301
4.2147
4.2583
4.30386
4.35143
4.40111
4.45292
4.50689
4.56308
4.62153
4.68226
4.74528
4.81062
4.87829
4.94824
5.02042
5.09481
5.17138
5.24996
5.33042
5.41265
5.4965
5.58172
5.66805
5.7552
5.8428
5.93056
6.01803
6.1047
6.19012
6.27369
6.35476
6.43274
6.50688
6.57649
6.64083
6.699
6.75027
6.79392
6.82908
6.85496
6.87093
6.87627
6.87045
6.85303
6.8236
6.78206
6.72839
6.66273
6.58543
6.49797
6.41325
6.3333
6.24454
6.14652
6.03999
5.92582
5.80879
5.67562
5.59988
5.32904
5.77784
3.95749
8.68207
3.14934
3.13104
3.11136
3.09111
3.06995
3.04752
3.0238
2.99879
2.97244
2.94466
2.91535
2.88435
2.85164
2.81727
2.78156
2.74513
2.70873
2.67287
2.63704
2.59963
2.5589
2.51398
2.46453
2.41018
2.35023
2.2846
2.21417
2.14012
2.0633
1.98423
1.90273
1.81719
1.72558
1.62755
1.52439
1.41707
1.30544
1.18901
1.06749
0.940837
0.809095
0.672365
0.530701
0.384238
0.233154
0.0776965
-0.0817823
-0.244889
-0.411109
-0.579832
-0.75036
-0.921902
-1.0935
-1.26413
-1.43268
-1.59786
-1.75836
-1.91277
-2.05961
-2.1974
-2.32461
-2.43979
-2.54148
-2.6285
-2.69933
-2.75375
-2.7895
-2.80657
-2.80586
-2.80254
-2.76912
-2.75464
-2.65734
-2.67521
-2.42163
-2.64297
-1.91925
-2.95237
-0.656898
-4.66822
3.1651
3.1805
3.19679
3.21387
3.23187
3.25077
3.27066
3.29157
3.31354
3.33664
3.3609
3.38637
3.41311
3.44119
3.47063
3.5015
3.53389
3.56781
3.60337
3.64057
3.67949
3.72022
3.76279
3.80721
3.85359
3.90194
3.95235
4.00481
4.05935
4.11601
4.17481
4.2357
4.29874
4.36389
4.43108
4.50024
4.57131
4.6442
4.71874
4.79479
4.87214
4.95056
5.02983
5.10957
5.18949
5.2692
5.34822
5.42604
5.50221
5.5761
5.64708
5.71455
5.77774
5.83594
5.88847
5.93453
5.97335
6.00424
6.02645
6.03937
6.04245
6.03523
6.01739
5.9887
5.94913
5.89885
5.83901
5.77851
5.71999
5.65386
5.57961
5.49784
5.40957
5.31791
5.21701
5.15427
4.95341
5.35228
3.70301
8.32924
2.68679
2.67214
2.6564
2.64019
2.62324
2.60528
2.58626
2.56621
2.5451
2.52284
2.49936
2.47457
2.44844
2.42089
2.3918
2.36116
2.32889
2.29504
2.25976
2.22315
2.18482
2.14387
2.09978
2.05307
2.00482
1.95584
1.90605
1.85484
1.80124
1.74367
1.68078
1.61246
1.5393
1.46143
1.37865
1.29135
1.20027
1.10557
1.00692
0.903997
0.796682
0.685015
0.569036
0.448835
0.324495
0.196145
0.063996
-0.0717055
-0.210606
-0.352304
-0.496295
-0.642019
-0.788768
-0.935771
-1.08216
-1.22694
-1.36904
-1.50732
-1.64052
-1.76735
-1.88646
-1.99653
-2.09618
-2.18423
-2.25917
-2.32064
-2.36633
-2.39428
-2.40516
-2.41459
-2.39746
-2.39873
-2.32402
-2.35805
-2.13705
-2.36844
-1.69707
-2.72111
-0.521929
-4.49424
2.69952
2.712
2.72519
2.73904
2.75362
2.76897
2.78511
2.80207
2.81993
2.83871
2.85842
2.87913
2.9009
2.92377
2.94776
2.97295
2.99938
3.02711
3.0562
3.08666
3.11854
3.15194
3.18689
3.22344
3.26165
3.30154
3.34318
3.38661
3.43185
3.47894
3.52792
3.57877
3.63155
3.68626
3.74285
3.80131
3.86161
3.92367
3.98743
4.0528
4.11962
4.18778
4.25707
4.32725
4.39814
4.46944
4.54075
4.61174
4.68201
4.75112
4.8185
4.88368
4.94605
5.00496
5.05983
5.10995
5.1546
5.19317
5.22491
5.24921
5.26554
5.27332
5.27214
5.26172
5.24184
5.21257
5.17478
5.13413
5.09349
5.04657
4.99286
4.93291
4.8678
4.79973
4.72817
4.68078
4.54231
4.91407
3.40614
7.98321
2.2652
2.25343
2.2408
2.22777
2.21414
2.1997
2.18442
2.1683
2.15133
2.13343
2.11454
2.09462
2.07362
2.05147
2.0281
2.00346
1.97749
1.95012
1.92133
1.89116
1.85977
1.82724
1.79318
1.7568
1.71761
1.67616
1.63352
1.59033
1.54646
1.50114
1.4532
1.40129
1.34468
1.28365
1.21856
1.14921
1.07562
0.998482
0.918308
0.834972
0.748111
0.657529
0.56319
0.465171
0.363548
0.258402
0.149851
0.0380421
-0.0767922
-0.194386
-0.314368
-0.436357
-0.559832
-0.684209
-0.80885
-0.932972
-1.05574
-1.17625
-1.29348
-1.40635
-1.51371
-1.61443
-1.70728
-1.79119
-1.86473
-1.92754
-1.97733
-2.01105
-2.02908
-2.04671
-2.04131
-2.05378
-1.99747
-2.04325
-1.85208
-2.0885
-1.47039
-2.47715
-0.383358
-4.28443
2.27548
2.28555
2.29623
2.30742
2.31922
2.33166
2.34473
2.35847
2.37294
2.38816
2.40416
2.42097
2.43866
2.45724
2.47675
2.49726
2.51879
2.54138
2.5651
2.58996
2.61602
2.64334
2.67195
2.70192
2.73327
2.76605
2.8003
2.83609
2.87341
2.91234
2.95289
2.99508
3.03896
3.08452
3.13175
3.18068
3.23127
3.2835
3.33732
3.39269
3.44951
3.50768
3.56708
3.62756
3.68896
3.75108
3.81363
3.87636
3.93894
4.00106
4.06228
4.1222
4.18035
4.2362
4.28925
4.33892
4.38458
4.42569
4.46161
4.49174
4.51559
4.53258
4.5423
4.54443
4.53868
4.52502
4.50412
4.47914
4.45293
4.42181
4.38534
4.34408
4.29909
4.25229
4.20693
4.17499
4.09463
4.44016
3.0848
7.54537
1.87164
1.86237
1.85242
1.84216
1.83141
1.82003
1.808
1.7953
1.78193
1.76783
1.75296
1.73727
1.72073
1.70328
1.68488
1.66548
1.64504
1.62347
1.60075
1.57683
1.55169
1.52538
1.49805
1.46972
1.43991
1.40787
1.37325
1.33669
1.29928
1.26156
1.22326
1.18357
1.14129
1.09537
1.04552
0.992021
0.934895
0.874037
0.809887
0.74312
0.673874
0.601854
0.526759
0.4485
0.367116
0.282686
0.195293
0.10502
0.0120023
-0.0835766
-0.181475
-0.281407
-0.383016
-0.485868
-0.589482
-0.693279
-0.796607
-0.898755
-0.998918
-1.09624
-1.18975
-1.27852
-1.36149
-1.43776
-1.50604
-1.56599
-1.61548
-1.65101
-1.67263
-1.69477
-1.69718
-1.71704
-1.6751
-1.72892
-1.56374
-1.80166
-1.23408
-2.21821
-0.233248
-4.04008
1.87976
1.88775
1.89621
1.90508
1.91444
1.92429
1.93467
1.94558
1.95705
1.96914
1.98186
1.99524
2.00931
2.0241
2.03964
2.05599
2.07316
2.09118
2.11011
2.12999
2.15086
2.17274
2.19568
2.21971
2.2449
2.27127
2.29885
2.3277
2.35785
2.38934
2.4222
2.45644
2.49212
2.52925
2.56782
2.60785
2.64937
2.69234
2.73676
2.78257
2.82974
2.87821
2.9279
2.9787
3.03049
3.08313
3.13646
3.19025
3.24425
3.29824
3.35188
3.40486
3.45684
3.50734
3.55601
3.60236
3.64587
3.68609
3.72247
3.7545
3.78171
3.80362
3.81981
3.82997
3.83384
3.83133
3.82291
3.80989
3.79498
3.77647
3.75404
3.72828
3.70017
3.67175
3.64861
3.63095
3.60152
3.92033
2.7158
7.02482
1.50993
1.50279
1.49511
1.48718
1.47888
1.4701
1.46081
1.451
1.44067
1.42977
1.41828
1.40615
1.39336
1.37987
1.36564
1.35065
1.33484
1.31815
1.30055
1.282
1.26245
1.24189
1.22032
1.19781
1.17447
1.15025
1.12463
1.09683
1.06675
1.03517
1.00312
0.970944
0.938197
0.904007
0.867288
0.827357
0.784208
0.737953
0.688517
0.636128
0.581441
0.524841
0.466159
0.405103
0.341528
0.275454
0.206958
0.136098
0.0629378
-0.0124203
-0.0898439
-0.16912
-0.250021
-0.332236
-0.415421
-0.499161
-0.582967
-0.666299
-0.748549
-0.829046
-0.907042
-0.981775
-1.05239
-1.11814
-1.17794
-1.23155
-1.27702
-1.31097
-1.33304
-1.3564
-1.36304
-1.38678
-1.35527
-1.4137
-1.27015
-1.50663
-0.983949
-1.94202
-0.0626669
-3.75734
1.51621
1.52237
1.52889
1.53574
1.54296
1.55056
1.55856
1.56697
1.57582
1.58515
1.59496
1.60528
1.61613
1.62754
1.63954
1.65216
1.66541
1.67933
1.69396
1.70932
1.72545
1.74237
1.76011
1.77872
1.79823
1.81867
1.84005
1.86244
1.88587
1.91036
1.93593
1.96262
1.99048
2.01951
2.0497
2.08111
2.11375
2.14759
2.18266
2.21894
2.25638
2.29498
2.33469
2.37542
2.41711
2.45966
2.50298
2.54688
2.59122
2.63581
2.68041
2.72479
2.7687
2.81177
2.85371
2.89418
2.93275
2.96903
3.00259
3.03306
3.05999
3.08299
3.10171
3.11586
3.12522
3.12969
3.12959
3.12504
3.11835
3.1092
3.0974
3.08363
3.06876
3.05516
3.04942
3.04335
3.05598
3.34723
2.28104
6.4204
1.132
1.12674
1.12108
1.11522
1.10909
1.10262
1.09577
1.08855
1.08095
1.07292
1.06447
1.05555
1.04614
1.03623
1.02579
1.01479
1.00318
0.990954
0.978064
0.964485
0.950165
0.935082
0.919218
0.902571
0.885178
0.867116
0.848476
0.829105
0.808379
0.785661
0.76111
0.735693
0.710277
0.685009
0.659379
0.632539
0.603699
0.572498
0.538879
0.502686
0.463926
0.423082
0.380605
0.336389
0.290073
0.24147
0.190634
0.137727
0.082898
0.0262493
-0.0321201
-0.0920693
-0.153417
-0.21594
-0.279381
-0.343438
-0.40776
-0.471952
-0.535576
-0.598148
-0.659114
-0.717908
-0.773883
-0.826502
-0.874874
-0.918881
-0.956856
-0.986038
-1.00559
-1.02708
-1.03456
-1.05876
-1.03382
-1.09335
-0.966922
-1.19833
-0.715436
-1.63899
0.130973
-3.39487
1.13666
1.14124
1.14609
1.15119
1.15656
1.16223
1.16821
1.17449
1.18112
1.18809
1.19544
1.20317
1.21131
1.21988
1.22891
1.23841
1.24839
1.25889
1.26994
1.28155
1.29373
1.30654
1.32
1.33412
1.34894
1.36447
1.38074
1.39779
1.41565
1.43433
1.45386
1.47425
1.49554
1.51774
1.54085
1.56492
1.58994
1.6159
1.64281
1.67068
1.69948
1.72918
1.75977
1.79118
1.82339
1.85631
1.88988
1.924
1.95855
1.9934
2.02838
2.06336
2.09812
2.13244
2.16609
2.19883
2.23034
2.26035
2.28854
2.31462
2.33825
2.35911
2.37699
2.39161
2.40277
2.41047
2.41488
2.41541
2.41406
2.41121
2.4068
2.40149
2.3959
2.39266
2.39803
2.39766
2.43986
2.701
1.74946
5.67245
0.828214
0.824619
0.820764
0.816781
0.812612
0.808191
0.803512
0.798583
0.793382
0.787875
0.782071
0.775948
0.769477
0.762654
0.755459
0.747853
0.739823
0.731358
0.722425
0.712992
0.70304
0.692541
0.681457
0.66977
0.657484
0.644608
0.631195
0.617341
0.603072
0.588055
0.571569
0.553197
0.533448
0.513337
0.493373
0.473207
0.452009
0.428943
0.403674
0.376398
0.347295
0.316384
0.284182
0.251431
0.218328
0.184519
0.149564
0.11326
0.0756219
0.0367355
-0.00331757
-0.0444703
-0.0866371
-0.129701
-0.173503
-0.217864
-0.26255
-0.307297
-0.351806
-0.395757
-0.438762
-0.480438
-0.520331
-0.558097
-0.593058
-0.625235
-0.653258
-0.675424
-0.690236
-0.707441
-0.712997
-0.734867
-0.713067
-0.77084
-0.65685
-0.879841
-0.43141
-1.30539
0.34045
-2.90393
0.83135
0.834384
0.83761
0.840987
0.844542
0.84828
0.852205
0.856337
0.86069
0.865261
0.870057
0.875095
0.880396
0.885969
0.891819
0.897953
0.904396
0.911173
0.91828
0.925731
0.933541
0.941739
0.950351
0.959365
0.968806
0.978701
0.989068
0.999919
1.01128
1.02316
1.03559
1.04858
1.06215
1.07631
1.09107
1.10648
1.12254
1.13924
1.15659
1.17463
1.19332
1.21266
1.23264
1.25326
1.27449
1.29627
1.31858
1.34136
1.36454
1.38803
1.41173
1.43555
1.45933
1.48296
1.50628
1.52909
1.5512
1.57245
1.5926
1.61146
1.6288
1.6444
1.65814
1.6698
1.67928
1.68659
1.69185
1.69455
1.69551
1.6955
1.69464
1.69358
1.69277
1.69537
1.70666
1.70723
1.7654
1.99434
1.13368
4.71578
0.341699
0.339318
0.336742
0.334069
0.331271
0.328309
0.325176
0.32187
0.318379
0.314686
0.310789
0.306673
0.302316
0.297706
0.29284
0.287685
0.282219
0.276431
0.270295
0.26378
0.256862
0.249511
0.241686
0.233346
0.224454
0.214979
0.204879
0.194086
0.18244
0.169755
0.155879
0.140699
0.124777
0.110522
0.102414
0.105182
0.121126
0.148614
0.182138
0.213659
0.235166
0.241383
0.231416
0.208832
0.179914
0.150187
0.122048
0.0953602
0.0692331
0.0431257
0.0169685
-0.00912152
-0.0350669
-0.0608476
-0.0864546
-0.111865
-0.137028
-0.16187
-0.186298
-0.210207
-0.233446
-0.255865
-0.277257
-0.297508
-0.316194
-0.333515
-0.348395
-0.360572
-0.368065
-0.378353
-0.379194
-0.395797
-0.374447
-0.425832
-0.324981
-0.523366
-0.135758
-0.874276
0.485218
-2.03262
0.343831
0.345959
0.348225
0.350605
0.353121
0.35577
0.358553
0.3615
0.364617
0.367897
0.371345
0.374977
0.378813
0.382853
0.3871
0.391566
0.396269
0.401226
0.406422
0.411878
0.417616
0.423638
0.429952
0.436563
0.443485
0.450724
0.458296
0.466197
0.474435
0.48303
0.491968
0.501266
0.510912
0.520907
0.531253
0.541954
0.553006
0.564385
0.576102
0.588143
0.600478
0.613102
0.626012
0.639182
0.65258
0.666195
0.679982
0.693911
0.707949
0.722039
0.736152
0.750217
0.764187
0.77799
0.791573
0.804847
0.817731
0.830175
0.842042
0.853238
0.863634
0.87313
0.881661
0.889064
0.895314
0.90043
0.904511
0.906927
0.908743
0.910507
0.912361
0.914497
0.916225
0.919278
0.926388
0.912454
0.950744
1.13791
0.36816
3.23058
0.302907
0.302873
0.302864
0.302858
0.302841
0.302819
0.302793
0.302761
0.302721
0.302681
0.302644
0.302609
0.302572
0.302538
0.302519
0.30252
0.302543
0.3026
0.3027
0.302863
0.303107
0.303457
0.303949
0.304605
0.305415
0.306316
0.307211
0.308159
0.309664
0.313067
0.320626
0.334746
0.35603
0.380859
0.40042
0.402862
0.377777
0.320691
0.235739
0.13597
0.0404405
-0.0320557
-0.070737
-0.0775438
-0.0647022
-0.046408
-0.0314823
-0.0220294
-0.0165651
-0.0133316
-0.0115733
-0.0112426
-0.0123858
-0.0149064
-0.0185978
-0.0232518
-0.0286757
-0.0346932
-0.0411281
-0.0478252
-0.0546301
-0.0614224
-0.068058
-0.0745081
-0.0805322
-0.0864246
-0.0915201
-0.0966808
-0.0989029
-0.103601
-0.101709
-0.112263
-0.0958671
-0.132104
-0.0639283
-0.193494
0.0461725
-0.37618
0.390558
-0.878379
0.302914
0.302879
0.302832
0.302763
0.30268
0.30258
0.30245
0.302298
0.302122
0.301916
0.301676
0.301398
0.301085
0.300731
0.300332
0.299883
0.299384
0.298837
0.298226
0.297556
0.296832
0.296041
0.295182
0.294258
0.293269
0.292211
0.291094
0.289911
0.288668
0.287376
0.286036
0.284659
0.283244
0.28181
0.280369
0.278929
0.277503
0.276105
0.274761
0.273476
0.272258
0.271127
0.270103
0.269191
0.268404
0.267759
0.267255
0.266903
0.266705
0.266671
0.266802
0.267073
0.267475
0.267965
0.268515
0.269067
0.269591
0.270073
0.27046
0.270743
0.270913
0.270977
0.270952
0.270832
0.27072
0.270575
0.270536
0.271868
0.27113
0.269068
0.265939
0.262484
0.259611
0.261175
0.271817
0.275222
0.309416
0.409823
0.00585873
1.35223
)
;

boundaryField
{
    inlet
    {
        type            freestreamPressure;
        freestreamValue uniform 0;
        value           nonuniform List<scalar> 
134
(
0.742667
0.0445526
-0.682835
-1.31232
-1.765
-2.03876
-2.08061
-1.88654
-1.46115
-0.682081
-0.125426
-0.202954
-0.33951
-0.468313
-0.598717
-0.735381
-0.879539
-1.03193
-1.1947
-1.37173
1.42528
-1.56836
-1.78733
-2.01849
-2.2358
-2.39288
-2.46918
-2.6039
-2.60732
-2.65882
-3.17464
-2.91866
-2.9296
-2.98656
-3.02891
-3.04998
-3.07038
-3.12303
-3.25494
-3.41481
2.06898
2.73278
3.29649
3.60859
3.55803
2.95268
1.59351
-3.76575
-3.68368
-3.55533
-3.47224
-3.41081
-3.3419
-3.26415
-3.18451
-3.10501
-3.02449
-2.94196
-2.85741
-2.77088
-2.68185
-2.58947
-2.49218
-2.38735
-2.27225
-2.14341
-2.06162
-1.98476
-1.89202
-1.78396
-1.65888
-1.49855
-1.28145
-0.896634
-0.387256
0.552189
1.2222
1.96429
2.69715
3.40918
4.08382
4.65609
5.09349
5.40652
5.60553
5.7175
5.77254
5.79688
5.81174
5.84812
5.9556
6.15323
6.36837
6.54484
6.68956
6.81492
6.92319
7.01052
7.07493
7.11765
7.14252
7.15856
7.18412
7.26566
7.47352
7.92326
8.11285
7.92179
7.70211
7.56148
7.44623
7.31513
7.17162
7.02638
6.88055
6.73121
6.57669
6.41624
6.24893
6.07289
5.8853
5.68249
5.45759
5.20554
4.89673
4.69826
4.50375
4.25755
3.96477
3.6247
3.20359
2.66448
1.82618
0.764986
)
;
    }
    outlet
    {
        type            freestreamPressure;
        freestreamValue uniform 0;
        value           nonuniform List<scalar> 
160
(
0.000904531
0.00090462
0.000904361
0.000904589
0.000904255
0.000904528
0.000904155
0.000904409
0.000904017
0.000904252
0.000903857
0.000904052
0.000903681
0.000903769
0.00090348
0.000903427
0.00090325
0.000903021
0.000903012
0.000902533
0.000902775
0.000901952
0.000902534
0.000901268
0.000902282
0.000900491
0.000902031
0.000899601
0.000901815
0.000898587
0.000901645
0.000897439
0.000901532
0.000896153
0.000901509
0.000894738
0.0009016
0.00089315
0.000901863
0.000891401
0.000902351
0.000889505
0.000903135
0.00088743
0.000904327
0.00088517
0.000906003
0.000882738
0.000908162
0.000880133
0.000910637
0.000877349
0.000913119
0.000874409
0.00091565
0.000871302
0.000919484
0.000868044
0.000928285
0.000864672
0.000948569
0.000861188
0.000987589
0.000857625
0.00104777
0.00085399
0.00111965
0.000850338
0.00117865
0.000846707
0.00119032
0.000843125
0.00112231
0.000839638
0.000958041
0.000836287
0.000706983
0.000833156
0.000408156
0.000830268
0.000121129
0.000827648
-9.55947e-05
0.000825365
-0.000209873
0.000823487
-0.000229052
0.000822036
-0.000190562
0.000821059
-0.000136499
0.00082062
-9.25767e-05
0.000820725
-6.47958e-05
0.00082142
-4.87381e-05
0.000822725
-3.92331e-05
0.000824679
-3.40645e-05
0.000827307
-3.3097e-05
0.000830548
-3.64715e-05
0.000834389
-4.39079e-05
0.000838721
-5.48041e-05
0.000843466
-6.85544e-05
0.000848476
-8.46019e-05
0.000853662
-0.000102439
0.000859012
-0.00012156
0.000864372
-0.000141524
0.000869729
-0.000161893
0.000875079
-0.000182328
0.000880458
-0.000202423
0.000885946
-0.000222107
0.000891548
-0.000240693
0.000897617
-0.000259053
0.000904066
-0.000275261
0.000911387
-0.000291669
0.000922706
-0.000299363
0.000926428
-0.000314488
0.000926342
-0.000310341
0.000923272
-0.000343264
0.000919792
-0.00029601
0.000919156
-0.000406544
0.000935207
-0.000201429
0.000985541
-0.000594686
0.00101321
0.000151675
0.00115607
-0.0011197
0.00155898
0.00141853
2.34827e-05
-0.00227726
0.00500606
)
;
    }
    walls
    {
        type            zeroGradient;
    }
    frontAndBack
    {
        type            empty;
    }
}


// ************************************************************************* //
