# Force and moment coefficients
# dragDir     : (1.000000e+00 0.000000e+00 0.000000e+00)
# sideDir     : (0.000000e+00 1.000000e+00 0.000000e+00)
# liftDir     : (0.000000e+00 0.000000e+00 1.000000e+00)
# rollAxis    : (1.000000e+00 0.000000e+00 0.000000e+00)
# pitchAxis   : (0.000000e+00 1.000000e+00 0.000000e+00)
# yawAxis     : (0.000000e+00 0.000000e+00 1.000000e+00)
# magUInf     : 2.600000e+01
# lRef        : 1.420000e+00
# Aref        : 7.500000e-01
# CofR        : (7.200000e-01 0.000000e+00 0.000000e+00)
#
# Time        	Cd            	Cd(f)         	Cd(r)         	Cl            	Cl(f)         	Cl(r)         	CmPitch       	CmRoll        	CmYaw         	Cs            	Cs(f)         	Cs(r)         
1             	2.909097e+00	1.345023e+00	1.564074e+00	2.345977e-16	5.121650e-02	-5.121650e-02	5.121650e-02	-1.095253e-01	-1.591629e+01	6.221035e+00	-1.280577e+01	1.902681e+01
2             	2.121414e+00	9.796931e-01	1.141721e+00	2.350857e-16	3.734884e-02	-3.734884e-02	3.734884e-02	-8.101388e-02	-9.133061e+00	4.601588e+00	-6.832267e+00	1.143385e+01
3             	7.350209e-03	1.706998e-03	5.643211e-03	7.764172e-17	1.294051e-04	-1.294051e-04	1.294051e-04	-1.968107e-03	1.840491e+00	1.117885e-01	1.896386e+00	-1.784597e+00
4             	-1.278549e+00	-6.051711e-01	-6.733776e-01	-1.525109e-16	-2.250966e-02	2.250966e-02	-2.250966e-02	3.410325e-02	6.557868e+00	-1.937064e+00	5.589336e+00	-7.526400e+00
5             	-1.016060e+00	-5.010984e-01	-5.149618e-01	-3.081939e-16	-1.788838e-02	1.788838e-02	-1.788838e-02	6.931714e-03	4.994495e+00	-3.937214e-01	4.797634e+00	-5.191356e+00
6             	4.124367e-02	-1.565693e-02	5.690060e-02	-2.994298e-16	7.261210e-04	-7.261210e-04	7.261210e-04	-3.627876e-02	-8.617738e-01	2.060634e+00	1.685430e-01	1.892091e+00
7             	7.694634e-01	3.320956e-01	4.373679e-01	-1.944341e-16	1.354689e-02	-1.354689e-02	1.354689e-02	-5.263616e-02	-7.074312e+00	2.989734e+00	-5.579445e+00	8.569179e+00
8             	8.283468e-01	3.768313e-01	4.515155e-01	-5.091050e-17	1.458357e-02	-1.458357e-02	1.458357e-02	-3.734211e-02	-1.065559e+01	2.121032e+00	-9.595072e+00	1.171610e+01
9             	3.559422e-01	1.643112e-01	1.916310e-01	4.110821e-18	6.266587e-03	-6.266587e-03	6.266587e-03	-1.365991e-02	-9.939395e+00	7.758827e-01	-9.551453e+00	1.032734e+01
10            	-1.172212e-01	-6.205179e-02	-5.516944e-02	-3.683683e-17	-2.063754e-03	2.063754e-03	-2.063754e-03	-3.441175e-03	-6.167439e+00	1.954587e-01	-6.069710e+00	6.265169e+00
11            	-3.177470e-01	-1.693141e-01	-1.484329e-01	-1.181547e-16	-5.594137e-03	5.594137e-03	-5.594137e-03	-1.044063e-02	-3.207184e+00	5.930279e-01	-2.910670e+00	3.503698e+00
12            	-1.730450e-01	-1.115228e-01	-6.152215e-02	-1.661021e-16	-3.046566e-03	3.046566e-03	-3.046566e-03	-2.500033e-02	-3.203155e+00	1.420019e+00	-2.493146e+00	3.913164e+00
13            	1.079469e-01	2.084833e-02	8.709858e-02	-1.590062e-16	1.900474e-03	-1.900474e-03	1.900474e-03	-3.312513e-02	-5.661203e+00	1.881507e+00	-4.720450e+00	6.601957e+00
14            	2.938823e-01	1.151266e-01	1.787557e-01	-1.179308e-16	5.173984e-03	-5.173984e-03	5.173984e-03	-3.181457e-02	-8.388542e+00	1.807068e+00	-7.485008e+00	9.292076e+00
15            	2.750653e-01	1.127835e-01	1.622818e-01	-7.374303e-17	4.842699e-03	-4.842699e-03	4.842699e-03	-2.474919e-02	-9.418221e+00	1.405754e+00	-8.715344e+00	1.012110e+01
16            	1.184923e-01	4.063887e-02	7.785346e-02	-6.757495e-17	2.086133e-03	-2.086133e-03	2.086133e-03	-1.860730e-02	-8.163356e+00	1.056895e+00	-7.634908e+00	8.691803e+00
17            	-2.920151e-02	-3.230231e-02	3.100799e-03	-9.114015e-17	-5.141110e-04	5.141110e-04	-5.141110e-04	-1.770155e-02	-6.131501e+00	1.005448e+00	-5.628777e+00	6.634225e+00
18            	-9.499530e-02	-6.822666e-02	-2.676864e-02	-1.225155e-16	-1.672452e-03	1.672452e-03	-1.672452e-03	-2.072901e-02	-4.630887e+00	1.177408e+00	-4.042183e+00	5.219590e+00
19            	-3.167881e-02	-4.090668e-02	9.227867e-03	-1.343508e-16	-5.577255e-04	5.577255e-04	-5.577255e-04	-2.506727e-02	-4.661777e+00	1.423821e+00	-3.949866e+00	5.373687e+00
20            	6.779497e-02	6.611816e-03	6.118315e-02	-1.205051e-16	1.193573e-03	-1.193573e-03	1.193573e-03	-2.728567e-02	-5.865105e+00	1.549826e+00	-5.090192e+00	6.640018e+00
21            	1.388199e-01	4.219386e-02	9.662603e-02	-9.668581e-17	2.444012e-03	-2.444012e-03	2.444012e-03	-2.721608e-02	-6.926835e+00	1.545874e+00	-6.153898e+00	7.699772e+00
22            	1.481486e-01	4.967179e-02	9.847684e-02	-6.439959e-17	2.608250e-03	-2.608250e-03	2.608250e-03	-2.440253e-02	-6.639583e+00	1.386063e+00	-5.946552e+00	7.332615e+00
23            	9.343917e-02	2.479363e-02	6.864555e-02	-3.910393e-17	1.645056e-03	-1.645056e-03	1.645056e-03	-2.192596e-02	-5.382120e+00	1.245395e+00	-4.759423e+00	6.004817e+00
24            	3.170416e-02	-6.379659e-03	3.808382e-02	-2.010984e-17	5.581718e-04	-5.581718e-04	5.581718e-04	-2.223174e-02	-4.214177e+00	1.262763e+00	-3.582795e+00	4.845558e+00
25            	4.797260e-03	-2.176698e-02	2.656424e-02	-2.910813e-18	8.445880e-05	-8.445880e-05	8.445880e-05	-2.416561e-02	-3.618512e+00	1.372607e+00	-2.932209e+00	4.304815e+00
26            	3.029104e-02	-1.079168e-02	4.108272e-02	1.338707e-17	5.332930e-04	-5.332930e-04	5.332930e-04	-2.593720e-02	-3.632313e+00	1.473233e+00	-2.895696e+00	4.368929e+00
27            	8.070235e-02	1.400809e-02	6.669426e-02	2.512834e-17	1.420816e-03	-1.420816e-03	1.420816e-03	-2.634308e-02	-4.080844e+00	1.496287e+00	-3.332701e+00	4.828988e+00
28            	1.169450e-01	3.378151e-02	8.316350e-02	3.512135e-17	2.058891e-03	-2.058891e-03	2.058891e-03	-2.469099e-02	-4.435116e+00	1.402448e+00	-3.733892e+00	5.136340e+00
29            	1.143215e-01	3.490470e-02	7.941679e-02	4.170131e-17	2.012702e-03	-2.012702e-03	2.012702e-03	-2.225605e-02	-4.506411e+00	1.264144e+00	-3.874340e+00	5.138483e+00
30            	8.058899e-02	2.040291e-02	6.018608e-02	5.244749e-17	1.418820e-03	-1.418820e-03	1.418820e-03	-1.989159e-02	-4.330439e+00	1.129842e+00	-3.765518e+00	4.895360e+00
31            	4.209959e-02	2.610184e-03	3.948941e-02	7.133483e-17	7.411900e-04	-7.411900e-04	7.411900e-04	-1.843961e-02	-4.144335e+00	1.047370e+00	-3.620650e+00	4.668020e+00
32            	2.253596e-02	-6.840926e-03	2.937688e-02	9.803207e-17	3.967598e-04	-3.967598e-04	3.967598e-04	-1.810891e-02	-4.271025e+00	1.028586e+00	-3.756733e+00	4.785318e+00
33            	2.007966e-02	-7.341891e-03	2.742155e-02	1.272554e-16	3.535152e-04	-3.535152e-04	3.535152e-04	-1.738172e-02	-5.068385e+00	9.872818e-01	-4.574744e+00	5.562026e+00
34            	2.591585e-02	-2.862229e-03	2.877808e-02	1.481782e-16	4.562649e-04	-4.562649e-04	4.562649e-04	-1.582015e-02	-6.390218e+00	8.985847e-01	-5.940926e+00	6.839511e+00
35            	2.582697e-02	-5.128062e-04	2.633978e-02	1.550785e-16	4.547002e-04	-4.547002e-04	4.547002e-04	-1.342629e-02	-7.712330e+00	7.626134e-01	-7.331024e+00	8.093637e+00
36            	8.104864e-03	-5.833043e-03	1.393791e-02	1.435100e-16	1.426913e-04	-1.426913e-04	1.426913e-04	-9.885475e-03	-8.777204e+00	5.614950e-01	-8.496457e+00	9.057952e+00
37            	-1.566996e-02	-1.541934e-02	-2.506164e-04	1.219126e-16	-2.758795e-04	2.758795e-04	-2.758795e-04	-7.584362e-03	-9.250145e+00	4.307918e-01	-9.034749e+00	9.465541e+00
38            	-3.898002e-02	-2.583929e-02	-1.314073e-02	9.386988e-17	-6.862679e-04	6.862679e-04	-6.862679e-04	-6.349282e-03	-9.435537e+00	3.606392e-01	-9.255217e+00	9.615856e+00
39            	-5.066161e-02	-3.212962e-02	-1.853200e-02	6.605763e-17	-8.919298e-04	8.919298e-04	-8.919298e-04	-6.798809e-03	-9.494454e+00	3.861724e-01	-9.301368e+00	9.687540e+00
40            	-4.988427e-02	-3.342472e-02	-1.645955e-02	4.156197e-17	-8.782443e-04	8.782443e-04	-8.782443e-04	-8.482583e-03	-9.557614e+00	4.818107e-01	-9.316708e+00	9.798519e+00
41            	-4.413071e-02	-3.256807e-02	-1.156264e-02	2.078640e-17	-7.769491e-04	7.769491e-04	-7.769491e-04	-1.050271e-02	-9.631702e+00	5.965541e-01	-9.333425e+00	9.929979e+00
42            	-4.056686e-02	-3.288602e-02	-7.680832e-03	2.531199e-18	-7.142052e-04	7.142052e-04	-7.142052e-04	-1.260260e-02	-9.645716e+00	7.158274e-01	-9.287803e+00	1.000363e+01
43            	-4.251840e-02	-3.575660e-02	-6.761800e-03	-1.468081e-17	-7.485633e-04	7.485633e-04	-7.485633e-04	-1.449740e-02	-9.518900e+00	8.234522e-01	-9.107174e+00	9.930626e+00
44            	-4.717454e-02	-4.003694e-02	-7.137604e-03	-3.124385e-17	-8.305377e-04	8.305377e-04	-8.305377e-04	-1.644967e-02	-9.213510e+00	9.343411e-01	-8.746339e+00	9.680680e+00
45            	-5.178443e-02	-4.406670e-02	-7.717732e-03	-4.370292e-17	-9.116977e-04	9.116977e-04	-9.116977e-04	-1.817448e-02	-8.871671e+00	1.032311e+00	-8.355516e+00	9.387826e+00
46            	-5.281004e-02	-4.621918e-02	-6.590863e-03	-5.073963e-17	-9.297542e-04	9.297542e-04	-9.297542e-04	-1.981416e-02	-8.566334e+00	1.125444e+00	-8.003612e+00	9.129056e+00
47            	-4.925764e-02	-4.651396e-02	-2.743685e-03	-5.272788e-17	-8.672120e-04	8.672120e-04	-8.672120e-04	-2.188514e-02	-8.279720e+00	1.243076e+00	-7.658182e+00	8.901258e+00
48            	-4.553508e-02	-4.630272e-02	7.676337e-04	-5.003532e-17	-8.016740e-04	8.016740e-04	-8.016740e-04	-2.353518e-02	-8.131254e+00	1.336798e+00	-7.462855e+00	8.799653e+00
49            	-4.532694e-02	-4.721189e-02	1.884949e-03	-4.571332e-17	-7.980096e-04	7.980096e-04	-7.980096e-04	-2.454842e-02	-8.124668e+00	1.394350e+00	-7.427493e+00	8.821843e+00
50            	-4.755194e-02	-4.869691e-02	1.144978e-03	-4.046907e-17	-8.371820e-04	8.371820e-04	-8.371820e-04	-2.492095e-02	-8.157440e+00	1.415510e+00	-7.449686e+00	8.865195e+00
51            	-5.100819e-02	-5.053223e-02	-4.759617e-04	-3.657400e-17	-8.980315e-04	8.980315e-04	-8.980315e-04	-2.502813e-02	-8.191168e+00	1.421598e+00	-7.480369e+00	8.901967e+00
52            	-5.254679e-02	-5.137334e-02	-1.173451e-03	-3.331106e-17	-9.251196e-04	9.251196e-04	-9.251196e-04	-2.509995e-02	-8.184308e+00	1.425677e+00	-7.471470e+00	8.897147e+00
53            	-5.188125e-02	-5.132770e-02	-5.535518e-04	-3.095282e-17	-9.134023e-04	9.134023e-04	-9.134023e-04	-2.538707e-02	-8.158892e+00	1.441986e+00	-7.437899e+00	8.879885e+00
54            	-5.108263e-02	-5.129552e-02	2.128974e-04	-2.862477e-17	-8.993420e-04	8.993420e-04	-8.993420e-04	-2.575421e-02	-8.183447e+00	1.462839e+00	-7.452027e+00	8.914867e+00
55            	-5.145682e-02	-5.167039e-02	2.135649e-04	-2.682273e-17	-9.059299e-04	9.059299e-04	-9.059299e-04	-2.594198e-02	-8.249081e+00	1.473504e+00	-7.512329e+00	8.985833e+00
56            	-5.337190e-02	-5.263407e-02	-7.378275e-04	-2.433819e-17	-9.396461e-04	9.396461e-04	-9.396461e-04	-2.594812e-02	-8.322665e+00	1.473853e+00	-7.585739e+00	9.059592e+00
57            	-5.629010e-02	-5.397532e-02	-2.314777e-03	-2.201395e-17	-9.910228e-04	9.910228e-04	-9.910228e-04	-2.583027e-02	-8.385426e+00	1.467159e+00	-7.651846e+00	9.119005e+00
58            	-5.922963e-02	-5.532006e-02	-3.909564e-03	-1.949212e-17	-1.042775e-03	1.042775e-03	-1.042775e-03	-2.570525e-02	-8.434242e+00	1.460058e+00	-7.704213e+00	9.164271e+00
59            	-6.228927e-02	-5.678940e-02	-5.499876e-03	-1.742941e-17	-1.096642e-03	1.096642e-03	-1.096642e-03	-2.564476e-02	-8.494175e+00	1.456622e+00	-7.765864e+00	9.222486e+00
60            	-6.436980e-02	-5.777125e-02	-6.598545e-03	-1.449180e-17	-1.133271e-03	1.133271e-03	-1.133271e-03	-2.558635e-02	-8.553973e+00	1.453305e+00	-7.827320e+00	9.280625e+00
61            	-6.624218e-02	-5.865809e-02	-7.584085e-03	-1.135654e-17	-1.166236e-03	1.166236e-03	-1.166236e-03	-2.553700e-02	-8.632249e+00	1.450502e+00	-7.906998e+00	9.357500e+00
62            	-6.826127e-02	-5.956991e-02	-8.691358e-03	-7.571787e-18	-1.201783e-03	1.201783e-03	-1.201783e-03	-2.543927e-02	-8.726109e+00	1.444951e+00	-8.003634e+00	9.448584e+00
63            	-7.031576e-02	-6.039301e-02	-9.922752e-03	-3.769323e-18	-1.237954e-03	1.237954e-03	-1.237954e-03	-2.523513e-02	-8.824142e+00	1.433355e+00	-8.107464e+00	9.540819e+00
64            	-7.319093e-02	-6.161666e-02	-1.157426e-02	-3.932780e-19	-1.288573e-03	1.288573e-03	-1.288573e-03	-2.502120e-02	-8.934541e+00	1.421204e+00	-8.223939e+00	9.645143e+00
65            	-7.632181e-02	-6.292318e-02	-1.339863e-02	2.001682e-18	-1.343694e-03	1.343694e-03	-1.343694e-03	-2.476228e-02	-9.056949e+00	1.406497e+00	-8.353701e+00	9.760198e+00
66            	-7.934311e-02	-6.423997e-02	-1.510314e-02	4.071328e-18	-1.396886e-03	1.396886e-03	-1.396886e-03	-2.456842e-02	-9.174540e+00	1.395486e+00	-8.476797e+00	9.872284e+00
67            	-8.236045e-02	-6.556444e-02	-1.679601e-02	5.388905e-18	-1.450008e-03	1.450008e-03	-1.450008e-03	-2.438422e-02	-9.302740e+00	1.385023e+00	-8.610228e+00	9.995252e+00
68            	-8.551739e-02	-6.693501e-02	-1.858238e-02	6.551983e-18	-1.505588e-03	1.505588e-03	-1.505588e-03	-2.417631e-02	-9.439182e+00	1.373215e+00	-8.752575e+00	1.012579e+01
69            	-8.851633e-02	-6.827111e-02	-2.024523e-02	7.177810e-18	-1.558386e-03	1.558386e-03	-1.558386e-03	-2.401294e-02	-9.571440e+00	1.363935e+00	-8.889473e+00	1.025341e+01
70            	-9.141483e-02	-6.958348e-02	-2.183135e-02	7.841899e-18	-1.609416e-03	1.609416e-03	-1.609416e-03	-2.387607e-02	-9.698366e+00	1.356161e+00	-9.020286e+00	1.037645e+01
71            	-9.415312e-02	-7.085010e-02	-2.330302e-02	8.301038e-18	-1.657625e-03	1.657625e-03	-1.657625e-03	-2.377354e-02	-9.820324e+00	1.350337e+00	-9.145155e+00	1.049549e+01
72            	-9.714460e-02	-7.222998e-02	-2.491462e-02	8.561784e-18	-1.710292e-03	1.710292e-03	-1.710292e-03	-2.365768e-02	-9.948355e+00	1.343756e+00	-9.276477e+00	1.062023e+01
73            	-1.002417e-01	-7.366715e-02	-2.657458e-02	8.320907e-18	-1.764819e-03	1.764819e-03	-1.764819e-03	-2.354629e-02	-1.008093e+01	1.337429e+00	-9.412217e+00	1.074965e+01
74            	-1.033859e-01	-7.512525e-02	-2.826067e-02	7.691991e-18	-1.820175e-03	1.820175e-03	-1.820175e-03	-2.343229e-02	-1.021877e+01	1.330954e+00	-9.553290e+00	1.088424e+01
75            	-1.062377e-01	-7.649400e-02	-2.974367e-02	6.559344e-18	-1.870382e-03	1.870382e-03	-1.870382e-03	-2.337517e-02	-1.035062e+01	1.327709e+00	-9.686764e+00	1.101447e+01
76            	-1.088408e-01	-7.780776e-02	-3.103301e-02	5.114254e-18	-1.916211e-03	1.916211e-03	-1.916211e-03	-2.338737e-02	-1.047230e+01	1.328403e+00	-9.808101e+00	1.113650e+01
77            	-1.117003e-01	-7.926114e-02	-3.243919e-02	2.961871e-18	-1.966555e-03	1.966555e-03	-1.966555e-03	-2.341098e-02	-1.060027e+01	1.329743e+00	-9.935399e+00	1.126514e+01
78            	-1.147628e-01	-8.082748e-02	-3.393537e-02	2.391371e-19	-2.020473e-03	2.020473e-03	-2.020473e-03	-2.344606e-02	-1.073185e+01	1.331736e+00	-1.006599e+01	1.139772e+01
79            	-1.180165e-01	-8.248330e-02	-3.553319e-02	-3.257352e-18	-2.077755e-03	2.077755e-03	-2.077755e-03	-2.347506e-02	-1.086652e+01	1.333383e+00	-1.019983e+01	1.153321e+01
80            	-1.208822e-01	-8.400347e-02	-3.687873e-02	-7.032013e-18	-2.128208e-03	2.128208e-03	-2.128208e-03	-2.356237e-02	-1.098686e+01	1.338343e+00	-1.031769e+01	1.165603e+01
81            	-1.234060e-01	-8.541332e-02	-3.799265e-02	-1.090696e-17	-2.172640e-03	2.172640e-03	-2.172640e-03	-2.371033e-02	-1.109136e+01	1.346747e+00	-1.041799e+01	1.176474e+01
82            	-1.255730e-01	-8.671165e-02	-3.886132e-02	-1.460055e-17	-2.210792e-03	2.210792e-03	-2.210792e-03	-2.392517e-02	-1.117640e+01	1.358949e+00	-1.049693e+01	1.185588e+01
83            	-1.278418e-01	-8.810760e-02	-3.973420e-02	-1.841992e-17	-2.250736e-03	2.250736e-03	-2.250736e-03	-2.418670e-02	-1.125418e+01	1.373805e+00	-1.056727e+01	1.194108e+01
84            	-1.303651e-01	-8.961439e-02	-4.075074e-02	-2.212129e-17	-2.295161e-03	2.295161e-03	-2.295161e-03	-2.443183e-02	-1.133011e+01	1.387728e+00	-1.063625e+01	1.202397e+01
85            	-1.324536e-01	-9.098733e-02	-4.146623e-02	-2.612846e-17	-2.331929e-03	2.331929e-03	-2.331929e-03	-2.476055e-02	-1.138568e+01	1.406399e+00	-1.068248e+01	1.208888e+01
86            	-1.344868e-01	-9.236142e-02	-4.212534e-02	-3.009234e-17	-2.367725e-03	2.367725e-03	-2.367725e-03	-2.511804e-02	-1.143336e+01	1.426705e+00	-1.072001e+01	1.214671e+01
87            	-1.355368e-01	-9.333141e-02	-4.220539e-02	-3.348439e-17	-2.386211e-03	2.386211e-03	-2.386211e-03	-2.556301e-02	-1.144755e+01	1.451979e+00	-1.072156e+01	1.217354e+01
88            	-1.367015e-01	-9.438411e-02	-4.231737e-02	-3.648093e-17	-2.406716e-03	2.406716e-03	-2.406716e-03	-2.603337e-02	-1.146077e+01	1.478696e+00	-1.072142e+01	1.220012e+01
89            	-1.375014e-01	-9.532133e-02	-4.218004e-02	-3.909234e-17	-2.420799e-03	2.420799e-03	-2.420799e-03	-2.657064e-02	-1.145713e+01	1.509212e+00	-1.070252e+01	1.221173e+01
90            	-1.383763e-01	-9.628769e-02	-4.208865e-02	-4.144831e-17	-2.436203e-03	2.436203e-03	-2.436203e-03	-2.709952e-02	-1.145466e+01	1.539253e+00	-1.068503e+01	1.222429e+01
91            	-1.395232e-01	-9.739142e-02	-4.213178e-02	-4.359375e-17	-2.456394e-03	2.456394e-03	-2.456394e-03	-2.762982e-02	-1.145955e+01	1.569374e+00	-1.067486e+01	1.224424e+01
92            	-1.409235e-01	-9.857949e-02	-4.234405e-02	-4.560517e-17	-2.481048e-03	2.481048e-03	-2.481048e-03	-2.811772e-02	-1.147686e+01	1.597087e+00	-1.067831e+01	1.227540e+01
93            	-1.423676e-01	-9.974381e-02	-4.262375e-02	-4.732507e-17	-2.506471e-03	2.506471e-03	-2.506471e-03	-2.856003e-02	-1.150179e+01	1.622210e+00	-1.069069e+01	1.231290e+01
94            	-1.437358e-01	-1.008295e-01	-4.290631e-02	-4.872470e-17	-2.530561e-03	2.530561e-03	-2.530561e-03	-2.896161e-02	-1.153126e+01	1.645020e+00	-1.070875e+01	1.235377e+01
95            	-1.450486e-01	-1.018571e-01	-4.319153e-02	-4.987366e-17	-2.553673e-03	2.553673e-03	-2.553673e-03	-2.933277e-02	-1.156456e+01	1.666102e+00	-1.073151e+01	1.239761e+01
96            	-1.463767e-01	-1.028533e-01	-4.352333e-02	-5.083924e-17	-2.577054e-03	2.577054e-03	-2.577054e-03	-2.966501e-02	-1.160270e+01	1.684972e+00	-1.076021e+01	1.244518e+01
97            	-1.478426e-01	-1.039235e-01	-4.391908e-02	-5.186186e-17	-2.602863e-03	2.602863e-03	-2.602863e-03	-3.000222e-02	-1.164612e+01	1.704126e+00	-1.079406e+01	1.249818e+01
98            	-1.493630e-01	-1.049755e-01	-4.438741e-02	-5.284153e-17	-2.629630e-03	2.629630e-03	-2.629630e-03	-3.029407e-02	-1.169305e+01	1.720703e+00	-1.083269e+01	1.255340e+01
99            	-1.509869e-01	-1.060693e-01	-4.491761e-02	-5.389428e-17	-2.658220e-03	2.658220e-03	-2.658220e-03	-3.057583e-02	-1.174286e+01	1.736707e+00	-1.087451e+01	1.261121e+01
100           	-1.526173e-01	-1.071500e-01	-4.546736e-02	-5.487394e-17	-2.686924e-03	2.686924e-03	-2.686924e-03	-3.084130e-02	-1.179327e+01	1.751786e+00	-1.091738e+01	1.266916e+01
101           	-1.541610e-01	-1.081511e-01	-4.600985e-02	-5.566778e-17	-2.714102e-03	2.714102e-03	-2.714102e-03	-3.107064e-02	-1.184175e+01	1.764812e+00	-1.095934e+01	1.272416e+01
102           	-1.557314e-01	-1.091731e-01	-4.655830e-02	-5.637647e-17	-2.741750e-03	2.741750e-03	-2.741750e-03	-3.130741e-02	-1.189055e+01	1.778261e+00	-1.100142e+01	1.277968e+01
103           	-1.573179e-01	-1.102006e-01	-4.711726e-02	-5.696624e-17	-2.769681e-03	2.769681e-03	-2.769681e-03	-3.154169e-02	-1.193894e+01	1.791568e+00	-1.104316e+01	1.283473e+01
104           	-1.589119e-01	-1.112206e-01	-4.769126e-02	-5.746166e-17	-2.797744e-03	2.797744e-03	-2.797744e-03	-3.176467e-02	-1.198641e+01	1.804233e+00	-1.108429e+01	1.288852e+01
105           	-1.605137e-01	-1.122301e-01	-4.828362e-02	-5.791825e-17	-2.825945e-03	2.825945e-03	-2.825945e-03	-3.197323e-02	-1.203337e+01	1.816079e+00	-1.112533e+01	1.294141e+01
106           	-1.621050e-01	-1.132253e-01	-4.887972e-02	-5.835334e-17	-2.853962e-03	2.853962e-03	-2.853962e-03	-3.217279e-02	-1.207941e+01	1.827415e+00	-1.116570e+01	1.299311e+01
107           	-1.636929e-01	-1.142141e-01	-4.947877e-02	-5.877794e-17	-2.881918e-03	2.881918e-03	-2.881918e-03	-3.236769e-02	-1.212478e+01	1.838485e+00	-1.120554e+01	1.304403e+01
108           	-1.652709e-01	-1.151972e-01	-5.007368e-02	-5.916504e-17	-2.909698e-03	2.909698e-03	-2.909698e-03	-3.256174e-02	-1.216897e+01	1.849507e+00	-1.124421e+01	1.309372e+01
109           	-1.668553e-01	-1.161808e-01	-5.067451e-02	-5.950912e-17	-2.937593e-03	2.937593e-03	-2.937593e-03	-3.275314e-02	-1.221262e+01	1.860378e+00	-1.128243e+01	1.314281e+01
110           	-1.684356e-01	-1.171579e-01	-5.127768e-02	-5.979639e-17	-2.965415e-03	2.965415e-03	-2.965415e-03	-3.294012e-02	-1.225556e+01	1.870999e+00	-1.132006e+01	1.319106e+01
111           	-1.700153e-01	-1.181264e-01	-5.188888e-02	-6.004533e-17	-2.993227e-03	2.993227e-03	-2.993227e-03	-3.311878e-02	-1.229842e+01	1.881147e+00	-1.135785e+01	1.323900e+01
112           	-1.715524e-01	-1.190559e-01	-5.249644e-02	-6.025550e-17	-3.020288e-03	3.020288e-03	-3.020288e-03	-3.327973e-02	-1.234028e+01	1.890289e+00	-1.139514e+01	1.328543e+01
113           	-1.731814e-01	-1.200575e-01	-5.312391e-02	-6.049382e-17	-3.048968e-03	3.048968e-03	-3.048968e-03	-3.346680e-02	-1.238898e+01	1.900914e+00	-1.143852e+01	1.333944e+01
114           	-1.747328e-01	-1.209993e-01	-5.373344e-02	-6.068541e-17	-3.076281e-03	3.076281e-03	-3.076281e-03	-3.363294e-02	-1.243517e+01	1.910351e+00	-1.148000e+01	1.339035e+01
115           	-1.762385e-01	-1.219002e-01	-5.433833e-02	-6.085181e-17	-3.102790e-03	3.102790e-03	-3.102790e-03	-3.378092e-02	-1.247731e+01	1.918756e+00	-1.151793e+01	1.343669e+01
116           	-1.777097e-01	-1.227709e-01	-5.493876e-02	-6.098660e-17	-3.128692e-03	3.128692e-03	-3.128692e-03	-3.391609e-02	-1.251632e+01	1.926434e+00	-1.155310e+01	1.347953e+01
117           	-1.791761e-01	-1.236360e-01	-5.554007e-02	-6.109860e-17	-3.154509e-03	3.154509e-03	-3.154509e-03	-3.404799e-02	-1.255484e+01	1.933926e+00	-1.158787e+01	1.352180e+01
118           	-1.806627e-01	-1.245197e-01	-5.614298e-02	-6.119340e-17	-3.180681e-03	3.180681e-03	-3.180681e-03	-3.418837e-02	-1.259443e+01	1.941899e+00	-1.162348e+01	1.356538e+01
119           	-1.821348e-01	-1.253912e-01	-5.674363e-02	-6.127253e-17	-3.206599e-03	3.206599e-03	-3.206599e-03	-3.432377e-02	-1.263464e+01	1.949590e+00	-1.165984e+01	1.360943e+01
120           	-1.835538e-01	-1.262233e-01	-5.733050e-02	-6.133535e-17	-3.231582e-03	3.231582e-03	-3.231582e-03	-3.444641e-02	-1.267420e+01	1.956556e+00	-1.169592e+01	1.365248e+01
121           	-1.849619e-01	-1.270478e-01	-5.791412e-02	-6.139228e-17	-3.256371e-03	3.256371e-03	-3.256371e-03	-3.456683e-02	-1.271346e+01	1.963396e+00	-1.173176e+01	1.369516e+01
122           	-1.863534e-01	-1.278621e-01	-5.849127e-02	-6.144134e-17	-3.280870e-03	3.280870e-03	-3.280870e-03	-3.468543e-02	-1.275161e+01	1.970132e+00	-1.176654e+01	1.373667e+01
123           	-1.877220e-01	-1.286609e-01	-5.906108e-02	-6.148396e-17	-3.304965e-03	3.304965e-03	-3.304965e-03	-3.479992e-02	-1.278820e+01	1.976635e+00	-1.179989e+01	1.377652e+01
124           	-1.890654e-01	-1.294429e-01	-5.962254e-02	-6.152245e-17	-3.328616e-03	3.328616e-03	-3.328616e-03	-3.491016e-02	-1.282341e+01	1.982897e+00	-1.183196e+01	1.381486e+01
125           	-1.903870e-01	-1.302104e-01	-6.017659e-02	-6.156129e-17	-3.351884e-03	3.351884e-03	-3.351884e-03	-3.501691e-02	-1.285794e+01	1.988961e+00	-1.186346e+01	1.385242e+01
126           	-1.916947e-01	-1.309723e-01	-6.072243e-02	-6.159457e-17	-3.374907e-03	3.374907e-03	-3.374907e-03	-3.512494e-02	-1.289240e+01	1.995096e+00	-1.189485e+01	1.388995e+01
127           	-1.929481e-01	-1.316969e-01	-6.125113e-02	-6.163264e-17	-3.396973e-03	3.396973e-03	-3.396973e-03	-3.522291e-02	-1.292595e+01	2.000661e+00	-1.192562e+01	1.392628e+01
128           	-1.941737e-01	-1.324050e-01	-6.176877e-02	-6.166455e-17	-3.418552e-03	3.418552e-03	-3.418552e-03	-3.531809e-02	-1.295884e+01	2.006068e+00	-1.195580e+01	1.396187e+01
129           	-1.953826e-01	-1.331027e-01	-6.227986e-02	-6.168966e-17	-3.439834e-03	3.439834e-03	-3.439834e-03	-3.541142e-02	-1.299081e+01	2.011369e+00	-1.198512e+01	1.399649e+01
130           	-1.965822e-01	-1.337967e-01	-6.278555e-02	-6.169877e-17	-3.460955e-03	3.460955e-03	-3.460955e-03	-3.550556e-02	-1.302175e+01	2.016716e+00	-1.201339e+01	1.403010e+01
131           	-1.977481e-01	-1.344685e-01	-6.327952e-02	-6.170547e-17	-3.481480e-03	3.481480e-03	-3.481480e-03	-3.559451e-02	-1.305131e+01	2.021768e+00	-1.204042e+01	1.406219e+01
132           	-1.988688e-01	-1.351129e-01	-6.375591e-02	-6.171250e-17	-3.501211e-03	3.501211e-03	-3.501211e-03	-3.567849e-02	-1.307977e+01	2.026538e+00	-1.206650e+01	1.409304e+01
133           	-1.999463e-01	-1.357321e-01	-6.421422e-02	-6.172350e-17	-3.520182e-03	3.520182e-03	-3.520182e-03	-3.575894e-02	-1.310763e+01	2.031108e+00	-1.209207e+01	1.412318e+01
134           	-2.009912e-01	-1.363334e-01	-6.465784e-02	-6.173736e-17	-3.538577e-03	3.538577e-03	-3.538577e-03	-3.583776e-02	-1.313500e+01	2.035585e+00	-1.211720e+01	1.415279e+01
135           	-2.020181e-01	-1.369243e-01	-6.509385e-02	-6.175496e-17	-3.556657e-03	3.556657e-03	-3.556657e-03	-3.591521e-02	-1.316179e+01	2.039984e+00	-1.214180e+01	1.418178e+01
136           	-2.030264e-01	-1.375034e-01	-6.552300e-02	-6.177039e-17	-3.574408e-03	3.574408e-03	-3.574408e-03	-3.599019e-02	-1.318760e+01	2.044243e+00	-1.216548e+01	1.420973e+01
137           	-2.040087e-01	-1.380660e-01	-6.594270e-02	-6.178175e-17	-3.591702e-03	3.591702e-03	-3.591702e-03	-3.606164e-02	-1.321225e+01	2.048301e+00	-1.218810e+01	1.423640e+01
138           	-2.049531e-01	-1.386065e-01	-6.634659e-02	-6.178660e-17	-3.608330e-03	3.608330e-03	-3.608330e-03	-3.612998e-02	-1.323571e+01	2.052183e+00	-1.220962e+01	1.426180e+01
139           	-2.058567e-01	-1.391244e-01	-6.673230e-02	-6.178828e-17	-3.624238e-03	3.624238e-03	-3.624238e-03	-3.619605e-02	-1.325826e+01	2.055936e+00	-1.223029e+01	1.428623e+01
140           	-2.067215e-01	-1.396213e-01	-6.710018e-02	-6.178780e-17	-3.639462e-03	3.639462e-03	-3.639462e-03	-3.626055e-02	-1.328011e+01	2.059599e+00	-1.225031e+01	1.430990e+01
141           	-2.075521e-01	-1.400976e-01	-6.745452e-02	-6.179293e-17	-3.654086e-03	3.654086e-03	-3.654086e-03	-3.632153e-02	-1.330136e+01	2.063063e+00	-1.226983e+01	1.433289e+01
142           	-2.083666e-01	-1.405658e-01	-6.780075e-02	-6.179247e-17	-3.668425e-03	3.668425e-03	-3.668425e-03	-3.638252e-02	-1.332209e+01	2.066527e+00	-1.228882e+01	1.435535e+01
143           	-2.091635e-01	-1.410232e-01	-6.814032e-02	-6.179586e-17	-3.682456e-03	3.682456e-03	-3.682456e-03	-3.644143e-02	-1.334215e+01	2.069873e+00	-1.230721e+01	1.437708e+01
144           	-2.099314e-01	-1.414630e-01	-6.846840e-02	-6.179975e-17	-3.695975e-03	3.695975e-03	-3.695975e-03	-3.649730e-02	-1.336121e+01	2.073046e+00	-1.232469e+01	1.439774e+01
145           	-2.106618e-01	-1.418806e-01	-6.878111e-02	-6.180382e-17	-3.708834e-03	3.708834e-03	-3.708834e-03	-3.654977e-02	-1.337926e+01	2.076027e+00	-1.234125e+01	1.441728e+01
146           	-2.113543e-01	-1.422775e-01	-6.907680e-02	-6.180538e-17	-3.721027e-03	3.721027e-03	-3.721027e-03	-3.660036e-02	-1.339641e+01	2.078900e+00	-1.235696e+01	1.443586e+01
147           	-2.120161e-01	-1.426567e-01	-6.935935e-02	-6.180995e-17	-3.732677e-03	3.732677e-03	-3.732677e-03	-3.664868e-02	-1.341294e+01	2.081645e+00	-1.237212e+01	1.445376e+01
148           	-2.126574e-01	-1.430264e-01	-6.963101e-02	-6.180634e-17	-3.743968e-03	3.743968e-03	-3.743968e-03	-3.669768e-02	-1.342897e+01	2.084428e+00	-1.238676e+01	1.447119e+01
149           	-2.132852e-01	-1.433883e-01	-6.989689e-02	-6.180365e-17	-3.755021e-03	3.755021e-03	-3.755021e-03	-3.674570e-02	-1.344463e+01	2.087156e+00	-1.240105e+01	1.448820e+01
150           	-2.138890e-01	-1.437354e-01	-7.015362e-02	-6.179919e-17	-3.765652e-03	3.765652e-03	-3.765652e-03	-3.679089e-02	-1.345961e+01	2.089723e+00	-1.241475e+01	1.450447e+01
151           	-2.144656e-01	-1.440655e-01	-7.040010e-02	-6.179759e-17	-3.775802e-03	3.775802e-03	-3.775802e-03	-3.683268e-02	-1.347393e+01	2.092096e+00	-1.242788e+01	1.451998e+01
152           	-2.150121e-01	-1.443786e-01	-7.063346e-02	-6.179639e-17	-3.785424e-03	3.785424e-03	-3.785424e-03	-3.687258e-02	-1.348748e+01	2.094362e+00	-1.244030e+01	1.453466e+01
153           	-2.155354e-01	-1.446791e-01	-7.085630e-02	-6.179886e-17	-3.794637e-03	3.794637e-03	-3.794637e-03	-3.691138e-02	-1.350050e+01	2.096566e+00	-1.245221e+01	1.454878e+01
154           	-2.160370e-01	-1.449683e-01	-7.106868e-02	-6.179893e-17	-3.803467e-03	3.803467e-03	-3.803467e-03	-3.694980e-02	-1.351291e+01	2.098749e+00	-1.246353e+01	1.456228e+01
155           	-2.165233e-01	-1.452485e-01	-7.127476e-02	-6.180034e-17	-3.812030e-03	3.812030e-03	-3.812030e-03	-3.698689e-02	-1.352496e+01	2.100855e+00	-1.247454e+01	1.457539e+01
156           	-2.169906e-01	-1.455180e-01	-7.147258e-02	-6.179745e-17	-3.820257e-03	3.820257e-03	-3.820257e-03	-3.702271e-02	-1.353648e+01	2.102890e+00	-1.248503e+01	1.458792e+01
157           	-2.174415e-01	-1.457772e-01	-7.166434e-02	-6.179752e-17	-3.828196e-03	3.828196e-03	-3.828196e-03	-3.705642e-02	-1.354765e+01	2.104805e+00	-1.249525e+01	1.460005e+01
158           	-2.178692e-01	-1.460236e-01	-7.184566e-02	-6.179409e-17	-3.835726e-03	3.835726e-03	-3.835726e-03	-3.708894e-02	-1.355820e+01	2.106652e+00	-1.250488e+01	1.461153e+01
159           	-2.182803e-01	-1.462600e-01	-7.202033e-02	-6.179597e-17	-3.842963e-03	3.842963e-03	-3.842963e-03	-3.711983e-02	-1.356844e+01	2.108407e+00	-1.251423e+01	1.462264e+01
160           	-2.186697e-01	-1.464850e-01	-7.218463e-02	-6.179345e-17	-3.849818e-03	3.849818e-03	-3.849818e-03	-3.715020e-02	-1.357805e+01	2.110132e+00	-1.252298e+01	1.463311e+01
161           	-2.190484e-01	-1.467032e-01	-7.234517e-02	-6.179735e-17	-3.856485e-03	3.856485e-03	-3.856485e-03	-3.717902e-02	-1.358748e+01	2.111768e+00	-1.253160e+01	1.464337e+01
162           	-2.194083e-01	-1.469116e-01	-7.249669e-02	-6.179439e-17	-3.862822e-03	3.862822e-03	-3.862822e-03	-3.720745e-02	-1.359631e+01	2.113383e+00	-1.253962e+01	1.465300e+01
163           	-2.197585e-01	-1.471125e-01	-7.264594e-02	-6.180031e-17	-3.868987e-03	3.868987e-03	-3.868987e-03	-3.723330e-02	-1.360505e+01	2.114851e+00	-1.254762e+01	1.466248e+01
164           	-2.200912e-01	-1.473057e-01	-7.278544e-02	-6.179544e-17	-3.874844e-03	3.874844e-03	-3.874844e-03	-3.726015e-02	-1.361316e+01	2.116376e+00	-1.255498e+01	1.467135e+01
165           	-2.204167e-01	-1.474933e-01	-7.292341e-02	-6.180150e-17	-3.880576e-03	3.880576e-03	-3.880576e-03	-3.728496e-02	-1.362128e+01	2.117786e+00	-1.256239e+01	1.468017e+01
166           	-2.207171e-01	-1.476681e-01	-7.304899e-02	-6.179534e-17	-3.885864e-03	3.885864e-03	-3.885864e-03	-3.730955e-02	-1.362861e+01	2.119182e+00	-1.256902e+01	1.468820e+01
167           	-2.210144e-01	-1.478389e-01	-7.317544e-02	-6.180410e-17	-3.891098e-03	3.891098e-03	-3.891098e-03	-3.733175e-02	-1.363609e+01	2.120443e+00	-1.257587e+01	1.469632e+01
168           	-2.212885e-01	-1.479989e-01	-7.328966e-02	-6.179754e-17	-3.895924e-03	3.895924e-03	-3.895924e-03	-3.735460e-02	-1.364275e+01	2.121741e+00	-1.258188e+01	1.470362e+01
169           	-2.215634e-01	-1.481564e-01	-7.340699e-02	-6.180853e-17	-3.900764e-03	3.900764e-03	-3.900764e-03	-3.737471e-02	-1.364968e+01	2.122884e+00	-1.258824e+01	1.471112e+01
170           	-2.218200e-01	-1.483070e-01	-7.351298e-02	-6.180087e-17	-3.905282e-03	3.905282e-03	-3.905282e-03	-3.739703e-02	-1.365583e+01	2.124151e+00	-1.259375e+01	1.471790e+01
171           	-2.220770e-01	-1.484544e-01	-7.362254e-02	-6.181246e-17	-3.909806e-03	3.909806e-03	-3.909806e-03	-3.741595e-02	-1.366228e+01	2.125226e+00	-1.259967e+01	1.472490e+01
172           	-2.223123e-01	-1.485928e-01	-7.371953e-02	-6.180298e-17	-3.913950e-03	3.913950e-03	-3.913950e-03	-3.743664e-02	-1.366790e+01	2.126401e+00	-1.260470e+01	1.473110e+01
173           	-2.225476e-01	-1.487275e-01	-7.382013e-02	-6.181420e-17	-3.918092e-03	3.918092e-03	-3.918092e-03	-3.745367e-02	-1.367385e+01	2.127368e+00	-1.261017e+01	1.473754e+01
174           	-2.227612e-01	-1.488533e-01	-7.390799e-02	-6.180447e-17	-3.921853e-03	3.921853e-03	-3.921853e-03	-3.747264e-02	-1.367899e+01	2.128446e+00	-1.261476e+01	1.474321e+01
175           	-2.229782e-01	-1.489774e-01	-7.400076e-02	-6.181571e-17	-3.925672e-03	3.925672e-03	-3.925672e-03	-3.748833e-02	-1.368451e+01	2.129337e+00	-1.261984e+01	1.474917e+01
176           	-2.231766e-01	-1.490945e-01	-7.408210e-02	-6.180568e-17	-3.929166e-03	3.929166e-03	-3.929166e-03	-3.750621e-02	-1.368923e+01	2.130353e+00	-1.262406e+01	1.475441e+01
177           	-2.233796e-01	-1.492106e-01	-7.416902e-02	-6.181594e-17	-3.932740e-03	3.932740e-03	-3.932740e-03	-3.752078e-02	-1.369436e+01	2.131180e+00	-1.262877e+01	1.475995e+01
178           	-2.235646e-01	-1.493197e-01	-7.424490e-02	-6.180430e-17	-3.935997e-03	3.935997e-03	-3.935997e-03	-3.753742e-02	-1.369872e+01	2.132125e+00	-1.263266e+01	1.476478e+01
179           	-2.237454e-01	-1.494226e-01	-7.432275e-02	-6.181155e-17	-3.939179e-03	3.939179e-03	-3.939179e-03	-3.754994e-02	-1.370333e+01	2.132836e+00	-1.263691e+01	1.476975e+01
180           	-2.239227e-01	-1.495276e-01	-7.439513e-02	-6.180045e-17	-3.942302e-03	3.942302e-03	-3.942302e-03	-3.756624e-02	-1.370750e+01	2.133762e+00	-1.264062e+01	1.477438e+01
181           	-2.241012e-01	-1.496295e-01	-7.447166e-02	-6.180986e-17	-3.945444e-03	3.945444e-03	-3.945444e-03	-3.757894e-02	-1.371203e+01	2.134484e+00	-1.264479e+01	1.477928e+01
182           	-2.242565e-01	-1.497212e-01	-7.453529e-02	-6.179609e-17	-3.948177e-03	3.948177e-03	-3.948177e-03	-3.759294e-02	-1.371572e+01	2.135279e+00	-1.264808e+01	1.478336e+01
183           	-2.244152e-01	-1.498112e-01	-7.460403e-02	-6.180330e-17	-3.950973e-03	3.950973e-03	-3.950973e-03	-3.760359e-02	-1.371982e+01	2.135884e+00	-1.265187e+01	1.478776e+01
184           	-2.245588e-01	-1.498952e-01	-7.466358e-02	-6.178942e-17	-3.953500e-03	3.953500e-03	-3.953500e-03	-3.761583e-02	-1.372328e+01	2.136579e+00	-1.265499e+01	1.479157e+01
185           	-2.247095e-01	-1.499810e-01	-7.472854e-02	-6.179574e-17	-3.956154e-03	3.956154e-03	-3.956154e-03	-3.762623e-02	-1.372710e+01	2.137170e+00	-1.265852e+01	1.479569e+01
186           	-2.248447e-01	-1.500613e-01	-7.478346e-02	-6.177926e-17	-3.958534e-03	3.958534e-03	-3.958534e-03	-3.763890e-02	-1.373021e+01	2.137890e+00	-1.266127e+01	1.479916e+01
187           	-2.249807e-01	-1.501383e-01	-7.484235e-02	-6.178348e-17	-3.960927e-03	3.960927e-03	-3.960927e-03	-3.764797e-02	-1.373369e+01	2.138405e+00	-1.266449e+01	1.480289e+01
188           	-2.251103e-01	-1.502144e-01	-7.489593e-02	-6.176890e-17	-3.963210e-03	3.963210e-03	-3.963210e-03	-3.765924e-02	-1.373678e+01	2.139045e+00	-1.266726e+01	1.480631e+01
189           	-2.252431e-01	-1.502897e-01	-7.495340e-02	-6.177454e-17	-3.965547e-03	3.965547e-03	-3.965547e-03	-3.766814e-02	-1.374019e+01	2.139550e+00	-1.267041e+01	1.480996e+01
190           	-2.253557e-01	-1.503563e-01	-7.499939e-02	-6.175705e-17	-3.967530e-03	3.967530e-03	-3.967530e-03	-3.767847e-02	-1.374281e+01	2.140137e+00	-1.267274e+01	1.481288e+01
191           	-2.254705e-01	-1.504208e-01	-7.504975e-02	-6.176020e-17	-3.969552e-03	3.969552e-03	-3.969552e-03	-3.768552e-02	-1.374580e+01	2.140538e+00	-1.267554e+01	1.481607e+01
192           	-2.255787e-01	-1.504839e-01	-7.509475e-02	-6.174371e-17	-3.971455e-03	3.971455e-03	-3.971455e-03	-3.769458e-02	-1.374839e+01	2.141052e+00	-1.267786e+01	1.481891e+01
193           	-2.256943e-01	-1.505490e-01	-7.514532e-02	-6.174814e-17	-3.973491e-03	3.973491e-03	-3.973491e-03	-3.770184e-02	-1.375135e+01	2.141464e+00	-1.268062e+01	1.482209e+01
194           	-2.257913e-01	-1.506067e-01	-7.518458e-02	-6.172746e-17	-3.975198e-03	3.975198e-03	-3.975198e-03	-3.771105e-02	-1.375353e+01	2.141988e+00	-1.268253e+01	1.482452e+01
195           	-2.258963e-01	-1.506653e-01	-7.523101e-02	-6.173073e-17	-3.977047e-03	3.977047e-03	-3.977047e-03	-3.771712e-02	-1.375629e+01	2.142333e+00	-1.268512e+01	1.482746e+01
196           	-2.259849e-01	-1.507168e-01	-7.526815e-02	-6.171199e-17	-3.978608e-03	3.978608e-03	-3.978608e-03	-3.772430e-02	-1.375842e+01	2.142740e+00	-1.268705e+01	1.482979e+01
197           	-2.260822e-01	-1.507711e-01	-7.531116e-02	-6.171525e-17	-3.980321e-03	3.980321e-03	-3.980321e-03	-3.772995e-02	-1.376098e+01	2.143061e+00	-1.268945e+01	1.483251e+01
198           	-2.261626e-01	-1.508189e-01	-7.534366e-02	-6.169400e-17	-3.981736e-03	3.981736e-03	-3.981736e-03	-3.773764e-02	-1.376278e+01	2.143498e+00	-1.269103e+01	1.483453e+01
199           	-2.262541e-01	-1.508697e-01	-7.538439e-02	-6.169767e-17	-3.983347e-03	3.983347e-03	-3.983347e-03	-3.774267e-02	-1.376520e+01	2.143784e+00	-1.269331e+01	1.483709e+01
200           	-2.263297e-01	-1.509137e-01	-7.541602e-02	-6.167898e-17	-3.984678e-03	3.984678e-03	-3.984678e-03	-3.774883e-02	-1.376696e+01	2.144133e+00	-1.269490e+01	1.483903e+01
201           	-2.264143e-01	-1.509606e-01	-7.545367e-02	-6.168219e-17	-3.986167e-03	3.986167e-03	-3.986167e-03	-3.775347e-02	-1.376920e+01	2.144397e+00	-1.269700e+01	1.484139e+01
202           	-2.264806e-01	-1.510002e-01	-7.548035e-02	-6.166005e-17	-3.987334e-03	3.987334e-03	-3.987334e-03	-3.775995e-02	-1.377065e+01	2.144765e+00	-1.269827e+01	1.484304e+01
203           	-2.265588e-01	-1.510433e-01	-7.551550e-02	-6.166325e-17	-3.988711e-03	3.988711e-03	-3.988711e-03	-3.776388e-02	-1.377278e+01	2.144988e+00	-1.270028e+01	1.484527e+01
204           	-2.266193e-01	-1.510791e-01	-7.554014e-02	-6.164173e-17	-3.989776e-03	3.989776e-03	-3.989776e-03	-3.776951e-02	-1.377413e+01	2.145308e+00	-1.270148e+01	1.484678e+01
205           	-2.266925e-01	-1.511191e-01	-7.557340e-02	-6.164574e-17	-3.991065e-03	3.991065e-03	-3.991065e-03	-3.777284e-02	-1.377613e+01	2.145498e+00	-1.270338e+01	1.484888e+01
206           	-2.267482e-01	-1.511521e-01	-7.559611e-02	-6.162451e-17	-3.992045e-03	3.992045e-03	-3.992045e-03	-3.777798e-02	-1.377734e+01	2.145789e+00	-1.270444e+01	1.485023e+01
207           	-2.268165e-01	-1.511892e-01	-7.562727e-02	-6.162833e-17	-3.993248e-03	3.993248e-03	-3.993248e-03	-3.778097e-02	-1.377920e+01	2.145959e+00	-1.270622e+01	1.485218e+01
208           	-2.268668e-01	-1.512191e-01	-7.564768e-02	-6.160633e-17	-3.994133e-03	3.994133e-03	-3.994133e-03	-3.778570e-02	-1.378027e+01	2.146228e+00	-1.270716e+01	1.485339e+01
209           	-2.269296e-01	-1.512531e-01	-7.567652e-02	-6.160977e-17	-3.995240e-03	3.995240e-03	-3.995240e-03	-3.778829e-02	-1.378202e+01	2.146375e+00	-1.270883e+01	1.485521e+01
210           	-2.269743e-01	-1.512797e-01	-7.569459e-02	-6.158763e-17	-3.996026e-03	3.996026e-03	-3.996026e-03	-3.779256e-02	-1.378298e+01	2.146617e+00	-1.270967e+01	1.485628e+01
211           	-2.270321e-01	-1.513108e-01	-7.572129e-02	-6.159150e-17	-3.997044e-03	3.997044e-03	-3.997044e-03	-3.779475e-02	-1.378461e+01	2.146742e+00	-1.271123e+01	1.485798e+01
212           	-2.270721e-01	-1.513347e-01	-7.573738e-02	-6.157006e-17	-3.997748e-03	3.997748e-03	-3.997748e-03	-3.779867e-02	-1.378544e+01	2.146964e+00	-1.271195e+01	1.485892e+01
213           	-2.271255e-01	-1.513633e-01	-7.576217e-02	-6.157469e-17	-3.998688e-03	3.998688e-03	-3.998688e-03	-3.780057e-02	-1.378694e+01	2.147072e+00	-1.271341e+01	1.486048e+01
214           	-2.271610e-01	-1.513847e-01	-7.577630e-02	-6.155361e-17	-3.999313e-03	3.999313e-03	-3.999313e-03	-3.780419e-02	-1.378765e+01	2.147278e+00	-1.271401e+01	1.486129e+01
215           	-2.272100e-01	-1.514108e-01	-7.579918e-02	-6.155851e-17	-4.000176e-03	4.000176e-03	-4.000176e-03	-3.780582e-02	-1.378905e+01	2.147371e+00	-1.271537e+01	1.486274e+01
216           	-2.272413e-01	-1.514298e-01	-7.581150e-02	-6.153714e-17	-4.000726e-03	4.000726e-03	-4.000726e-03	-3.780913e-02	-1.378967e+01	2.147559e+00	-1.271589e+01	1.486344e+01
217           	-2.272888e-01	-1.514546e-01	-7.583422e-02	-6.154300e-17	-4.001564e-03	4.001564e-03	-4.001564e-03	-3.781019e-02	-1.379108e+01	2.147619e+00	-1.271727e+01	1.486489e+01
218           	-2.273147e-01	-1.514706e-01	-7.584415e-02	-6.152002e-17	-4.002020e-03	4.002020e-03	-4.002020e-03	-3.781322e-02	-1.379153e+01	2.147791e+00	-1.271763e+01	1.486542e+01
219           	-2.273575e-01	-1.514928e-01	-7.586475e-02	-6.152469e-17	-4.002773e-03	4.002773e-03	-4.002773e-03	-3.781400e-02	-1.379281e+01	2.147835e+00	-1.271890e+01	1.486673e+01
220           	-2.273789e-01	-1.515065e-01	-7.587248e-02	-6.150093e-17	-4.003150e-03	4.003150e-03	-4.003150e-03	-3.781699e-02	-1.379314e+01	2.148005e+00	-1.271914e+01	1.486714e+01
221           	-2.274173e-01	-1.515263e-01	-7.589098e-02	-6.150505e-17	-4.003826e-03	4.003826e-03	-4.003826e-03	-3.781769e-02	-1.379431e+01	2.148045e+00	-1.272029e+01	1.486834e+01
222           	-2.274382e-01	-1.515392e-01	-7.589896e-02	-6.148335e-17	-4.004193e-03	4.004193e-03	-4.004193e-03	-3.782013e-02	-1.379467e+01	2.148184e+00	-1.272057e+01	1.486876e+01
223           	-2.274769e-01	-1.515587e-01	-7.591812e-02	-6.149064e-17	-4.004874e-03	4.004874e-03	-4.004874e-03	-3.782031e-02	-1.379588e+01	2.148194e+00	-1.272179e+01	1.486998e+01
224           	-2.274930e-01	-1.515693e-01	-7.592366e-02	-6.146881e-17	-4.005158e-03	4.005158e-03	-4.005158e-03	-3.782283e-02	-1.379609e+01	2.148336e+00	-1.272192e+01	1.487025e+01
225           	-2.275276e-01	-1.515866e-01	-7.594106e-02	-6.147601e-17	-4.005768e-03	4.005768e-03	-4.005768e-03	-3.782275e-02	-1.379720e+01	2.148332e+00	-1.272303e+01	1.487136e+01
226           	-2.275402e-01	-1.515951e-01	-7.594513e-02	-6.145434e-17	-4.005989e-03	4.005989e-03	-4.005989e-03	-3.782497e-02	-1.379730e+01	2.148458e+00	-1.272307e+01	1.487153e+01
227           	-2.275711e-01	-1.516105e-01	-7.596062e-02	-6.146198e-17	-4.006533e-03	4.006533e-03	-4.006533e-03	-3.782492e-02	-1.379831e+01	2.148455e+00	-1.272408e+01	1.487253e+01
228           	-2.275804e-01	-1.516175e-01	-7.596295e-02	-6.144113e-17	-4.006698e-03	4.006698e-03	-4.006698e-03	-3.782727e-02	-1.379833e+01	2.148589e+00	-1.272403e+01	1.487262e+01
229           	-2.276098e-01	-1.516319e-01	-7.597788e-02	-6.145017e-17	-4.007215e-03	4.007215e-03	-4.007215e-03	-3.782702e-02	-1.379930e+01	2.148575e+00	-1.272501e+01	1.487359e+01
230           	-2.276172e-01	-1.516378e-01	-7.597936e-02	-6.142977e-17	-4.007345e-03	4.007345e-03	-4.007345e-03	-3.782923e-02	-1.379926e+01	2.148700e+00	-1.272491e+01	1.487361e+01
231           	-2.276449e-01	-1.516511e-01	-7.599371e-02	-6.143914e-17	-4.007832e-03	4.007832e-03	-4.007832e-03	-3.782872e-02	-1.380018e+01	2.148671e+00	-1.272585e+01	1.487452e+01
232           	-2.276496e-01	-1.516556e-01	-7.599404e-02	-6.141813e-17	-4.007915e-03	4.007915e-03	-4.007915e-03	-3.783076e-02	-1.380007e+01	2.148787e+00	-1.272567e+01	1.487446e+01
233           	-2.276749e-01	-1.516676e-01	-7.600739e-02	-6.142663e-17	-4.008362e-03	4.008362e-03	-4.008362e-03	-3.783008e-02	-1.380093e+01	2.148749e+00	-1.272656e+01	1.487531e+01
234           	-2.276774e-01	-1.516707e-01	-7.600666e-02	-6.140474e-17	-4.008405e-03	4.008405e-03	-4.008405e-03	-3.783203e-02	-1.380077e+01	2.148859e+00	-1.272634e+01	1.487519e+01
235           	-2.277010e-01	-1.516817e-01	-7.601931e-02	-6.141311e-17	-4.008821e-03	4.008821e-03	-4.008821e-03	-3.783121e-02	-1.380160e+01	2.148812e+00	-1.272719e+01	1.487600e+01
236           	-2.277023e-01	-1.516841e-01	-7.601820e-02	-6.139157e-17	-4.008843e-03	4.008843e-03	-4.008843e-03	-3.783296e-02	-1.380141e+01	2.148912e+00	-1.272695e+01	1.487586e+01
237           	-2.277245e-01	-1.516942e-01	-7.603028e-02	-6.140050e-17	-4.009233e-03	4.009233e-03	-4.009233e-03	-3.783195e-02	-1.380221e+01	2.148855e+00	-1.272778e+01	1.487664e+01
238           	-2.277238e-01	-1.516955e-01	-7.602828e-02	-6.137924e-17	-4.009221e-03	4.009221e-03	-4.009221e-03	-3.783360e-02	-1.380198e+01	2.148949e+00	-1.272751e+01	1.487646e+01
239           	-2.277440e-01	-1.517045e-01	-7.603951e-02	-6.138873e-17	-4.009578e-03	4.009578e-03	-4.009578e-03	-3.783251e-02	-1.380276e+01	2.148886e+00	-1.272831e+01	1.487720e+01
240           	-2.277413e-01	-1.517048e-01	-7.603649e-02	-6.136779e-17	-4.009530e-03	4.009530e-03	-4.009530e-03	-3.783417e-02	-1.380247e+01	2.148981e+00	-1.272798e+01	1.487696e+01
241           	-2.277614e-01	-1.517135e-01	-7.604785e-02	-6.137835e-17	-4.009884e-03	4.009884e-03	-4.009884e-03	-3.783284e-02	-1.380323e+01	2.148905e+00	-1.272878e+01	1.487769e+01
242           	-2.277584e-01	-1.517137e-01	-7.604466e-02	-6.135837e-17	-4.009831e-03	4.009831e-03	-4.009831e-03	-3.783453e-02	-1.380292e+01	2.149001e+00	-1.272842e+01	1.487742e+01
243           	-2.277767e-01	-1.517216e-01	-7.605506e-02	-6.136913e-17	-4.010153e-03	4.010153e-03	-4.010153e-03	-3.783327e-02	-1.380361e+01	2.148930e+00	-1.272915e+01	1.487808e+01
244           	-2.277704e-01	-1.517200e-01	-7.605044e-02	-6.134915e-17	-4.010043e-03	4.010043e-03	-4.010043e-03	-3.783477e-02	-1.380321e+01	2.149015e+00	-1.272870e+01	1.487772e+01
245           	-2.277859e-01	-1.517262e-01	-7.605965e-02	-6.135989e-17	-4.010315e-03	4.010315e-03	-4.010315e-03	-3.783329e-02	-1.380384e+01	2.148931e+00	-1.272937e+01	1.487830e+01
246           	-2.277781e-01	-1.517238e-01	-7.605424e-02	-6.133996e-17	-4.010177e-03	4.010177e-03	-4.010177e-03	-3.783478e-02	-1.380342e+01	2.149016e+00	-1.272891e+01	1.487793e+01
247           	-2.277945e-01	-1.517304e-01	-7.606409e-02	-6.135117e-17	-4.010466e-03	4.010466e-03	-4.010466e-03	-3.783315e-02	-1.380411e+01	2.148923e+00	-1.272965e+01	1.487857e+01
248           	-2.277873e-01	-1.517282e-01	-7.605908e-02	-6.133131e-17	-4.010340e-03	4.010340e-03	-4.010340e-03	-3.783457e-02	-1.380373e+01	2.149004e+00	-1.272922e+01	1.487823e+01
249           	-2.278017e-01	-1.517341e-01	-7.606764e-02	-6.134146e-17	-4.010593e-03	4.010593e-03	-4.010593e-03	-3.783321e-02	-1.380434e+01	2.148926e+00	-1.272987e+01	1.487880e+01
250           	-2.277932e-01	-1.517312e-01	-7.606196e-02	-6.132129e-17	-4.010443e-03	4.010443e-03	-4.010443e-03	-3.783462e-02	-1.380388e+01	2.149006e+00	-1.272937e+01	1.487838e+01
251           	-2.278081e-01	-1.517368e-01	-7.607129e-02	-6.133285e-17	-4.010707e-03	4.010707e-03	-4.010707e-03	-3.783278e-02	-1.380448e+01	2.148902e+00	-1.273003e+01	1.487893e+01
252           	-2.277982e-01	-1.517333e-01	-7.606489e-02	-6.131386e-17	-4.010531e-03	4.010531e-03	-4.010531e-03	-3.783419e-02	-1.380398e+01	2.148982e+00	-1.272949e+01	1.487847e+01
253           	-2.278113e-01	-1.517382e-01	-7.607313e-02	-6.132590e-17	-4.010763e-03	4.010763e-03	-4.010763e-03	-3.783253e-02	-1.380457e+01	2.148888e+00	-1.273013e+01	1.487902e+01
254           	-2.278006e-01	-1.517343e-01	-7.606628e-02	-6.130663e-17	-4.010574e-03	4.010574e-03	-4.010574e-03	-3.783401e-02	-1.380410e+01	2.148972e+00	-1.272961e+01	1.487858e+01
255           	-2.278146e-01	-1.517395e-01	-7.607505e-02	-6.131904e-17	-4.010820e-03	4.010820e-03	-4.010820e-03	-3.783223e-02	-1.380472e+01	2.148871e+00	-1.273029e+01	1.487916e+01
256           	-2.278044e-01	-1.517358e-01	-7.606863e-02	-6.129978e-17	-4.010641e-03	4.010641e-03	-4.010641e-03	-3.783358e-02	-1.380424e+01	2.148948e+00	-1.272977e+01	1.487871e+01
257           	-2.278182e-01	-1.517408e-01	-7.607745e-02	-6.131173e-17	-4.010884e-03	4.010884e-03	-4.010884e-03	-3.783166e-02	-1.380483e+01	2.148838e+00	-1.273041e+01	1.487925e+01
258           	-2.278073e-01	-1.517365e-01	-7.607074e-02	-6.129265e-17	-4.010691e-03	4.010691e-03	-4.010691e-03	-3.783290e-02	-1.380431e+01	2.148909e+00	-1.272985e+01	1.487876e+01
259           	-2.278191e-01	-1.517407e-01	-7.607835e-02	-6.130453e-17	-4.010899e-03	4.010899e-03	-4.010899e-03	-3.783119e-02	-1.380484e+01	2.148812e+00	-1.273044e+01	1.487925e+01
260           	-2.278064e-01	-1.517358e-01	-7.607053e-02	-6.128529e-17	-4.010676e-03	4.010676e-03	-4.010676e-03	-3.783266e-02	-1.380428e+01	2.148895e+00	-1.272983e+01	1.487873e+01
261           	-2.278182e-01	-1.517399e-01	-7.607828e-02	-6.129832e-17	-4.010884e-03	4.010884e-03	-4.010884e-03	-3.783083e-02	-1.380484e+01	2.148791e+00	-1.273044e+01	1.487923e+01
262           	-2.278063e-01	-1.517352e-01	-7.607103e-02	-6.128021e-17	-4.010674e-03	4.010674e-03	-4.010674e-03	-3.783210e-02	-1.380432e+01	2.148863e+00	-1.272988e+01	1.487875e+01
263           	-2.278183e-01	-1.517394e-01	-7.607890e-02	-6.129329e-17	-4.010886e-03	4.010886e-03	-4.010886e-03	-3.783027e-02	-1.380488e+01	2.148759e+00	-1.273050e+01	1.487926e+01
264           	-2.278064e-01	-1.517347e-01	-7.607166e-02	-6.127505e-17	-4.010676e-03	4.010676e-03	-4.010676e-03	-3.783153e-02	-1.380435e+01	2.148831e+00	-1.272993e+01	1.487877e+01
265           	-2.278180e-01	-1.517387e-01	-7.607927e-02	-6.128764e-17	-4.010880e-03	4.010880e-03	-4.010880e-03	-3.782971e-02	-1.380488e+01	2.148727e+00	-1.273052e+01	1.487925e+01
266           	-2.278053e-01	-1.517337e-01	-7.607162e-02	-6.126873e-17	-4.010656e-03	4.010656e-03	-4.010656e-03	-3.783102e-02	-1.380431e+01	2.148802e+00	-1.272991e+01	1.487872e+01
267           	-2.278162e-01	-1.517372e-01	-7.607900e-02	-6.128194e-17	-4.010849e-03	4.010849e-03	-4.010849e-03	-3.782911e-02	-1.380482e+01	2.148693e+00	-1.273048e+01	1.487917e+01
268           	-2.278027e-01	-1.517318e-01	-7.607093e-02	-6.126384e-17	-4.010611e-03	4.010611e-03	-4.010611e-03	-3.783043e-02	-1.380424e+01	2.148768e+00	-1.272986e+01	1.487862e+01
269           	-2.278133e-01	-1.517352e-01	-7.607810e-02	-6.127736e-17	-4.010797e-03	4.010797e-03	-4.010797e-03	-3.782854e-02	-1.380477e+01	2.148661e+00	-1.273044e+01	1.487910e+01
270           	-2.277998e-01	-1.517298e-01	-7.606997e-02	-6.125941e-17	-4.010559e-03	4.010559e-03	-4.010559e-03	-3.782992e-02	-1.380421e+01	2.148739e+00	-1.272984e+01	1.487858e+01
271           	-2.278112e-01	-1.517336e-01	-7.607764e-02	-6.127291e-17	-4.010761e-03	4.010761e-03	-4.010761e-03	-3.782796e-02	-1.380476e+01	2.148628e+00	-1.273045e+01	1.487908e+01
272           	-2.277983e-01	-1.517283e-01	-7.606994e-02	-6.125466e-17	-4.010533e-03	4.010533e-03	-4.010533e-03	-3.782919e-02	-1.380420e+01	2.148698e+00	-1.272985e+01	1.487855e+01
273           	-2.278092e-01	-1.517318e-01	-7.607739e-02	-6.126804e-17	-4.010726e-03	4.010726e-03	-4.010726e-03	-3.782722e-02	-1.380471e+01	2.148586e+00	-1.273042e+01	1.487900e+01
274           	-2.277953e-01	-1.517262e-01	-7.606914e-02	-6.124975e-17	-4.010481e-03	4.010481e-03	-4.010481e-03	-3.782852e-02	-1.380411e+01	2.148660e+00	-1.272978e+01	1.487844e+01
275           	-2.278052e-01	-1.517293e-01	-7.607598e-02	-6.126345e-17	-4.010656e-03	4.010656e-03	-4.010656e-03	-3.782665e-02	-1.380461e+01	2.148553e+00	-1.273033e+01	1.487888e+01
276           	-2.277911e-01	-1.517235e-01	-7.606760e-02	-6.124629e-17	-4.010407e-03	4.010407e-03	-4.010407e-03	-3.782794e-02	-1.380401e+01	2.148627e+00	-1.272970e+01	1.487833e+01
277           	-2.278016e-01	-1.517269e-01	-7.607477e-02	-6.126081e-17	-4.010592e-03	4.010592e-03	-4.010592e-03	-3.782605e-02	-1.380455e+01	2.148519e+00	-1.273029e+01	1.487880e+01
278           	-2.277876e-01	-1.517212e-01	-7.606643e-02	-6.124336e-17	-4.010345e-03	4.010345e-03	-4.010345e-03	-3.782736e-02	-1.380397e+01	2.148594e+00	-1.272967e+01	1.487827e+01
279           	-2.277982e-01	-1.517245e-01	-7.607375e-02	-6.125769e-17	-4.010532e-03	4.010532e-03	-4.010532e-03	-3.782536e-02	-1.380449e+01	2.148480e+00	-1.273025e+01	1.487873e+01
280           	-2.277844e-01	-1.517188e-01	-7.606558e-02	-6.124008e-17	-4.010288e-03	4.010288e-03	-4.010288e-03	-3.782661e-02	-1.380390e+01	2.148551e+00	-1.272962e+01	1.487818e+01
281           	-2.277944e-01	-1.517220e-01	-7.607241e-02	-6.125397e-17	-4.010465e-03	4.010465e-03	-4.010465e-03	-3.782479e-02	-1.380438e+01	2.148448e+00	-1.273016e+01	1.487861e+01
282           	-2.277797e-01	-1.517160e-01	-7.606371e-02	-6.123667e-17	-4.010205e-03	4.010205e-03	-4.010205e-03	-3.782612e-02	-1.380376e+01	2.148524e+00	-1.272950e+01	1.487802e+01
283           	-2.277894e-01	-1.517189e-01	-7.607047e-02	-6.125135e-17	-4.010377e-03	4.010377e-03	-4.010377e-03	-3.782423e-02	-1.380425e+01	2.148417e+00	-1.273004e+01	1.487846e+01
284           	-2.277746e-01	-1.517129e-01	-7.606179e-02	-6.123455e-17	-4.010117e-03	4.010117e-03	-4.010117e-03	-3.782554e-02	-1.380365e+01	2.148491e+00	-1.272940e+01	1.487789e+01
285           	-2.277847e-01	-1.517160e-01	-7.606870e-02	-6.124944e-17	-4.010294e-03	4.010294e-03	-4.010294e-03	-3.782365e-02	-1.380416e+01	2.148383e+00	-1.272997e+01	1.487835e+01
286           	-2.277705e-01	-1.517102e-01	-7.606025e-02	-6.123209e-17	-4.010043e-03	4.010043e-03	-4.010043e-03	-3.782498e-02	-1.380357e+01	2.148459e+00	-1.272934e+01	1.487780e+01
287           	-2.277812e-01	-1.517136e-01	-7.606760e-02	-6.124654e-17	-4.010232e-03	4.010232e-03	-4.010232e-03	-3.782300e-02	-1.380409e+01	2.148346e+00	-1.272992e+01	1.487827e+01
288           	-2.277663e-01	-1.517075e-01	-7.605878e-02	-6.122900e-17	-4.009971e-03	4.009971e-03	-4.009971e-03	-3.782438e-02	-1.380347e+01	2.148425e+00	-1.272926e+01	1.487768e+01
289           	-2.277767e-01	-1.517108e-01	-7.606593e-02	-6.124360e-17	-4.010153e-03	4.010153e-03	-4.010153e-03	-3.782242e-02	-1.380396e+01	2.148313e+00	-1.272981e+01	1.487812e+01
290           	-2.277614e-01	-1.517045e-01	-7.605692e-02	-6.122648e-17	-4.009884e-03	4.009884e-03	-4.009884e-03	-3.782380e-02	-1.380333e+01	2.148392e+00	-1.272913e+01	1.487752e+01
291           	-2.277709e-01	-1.517074e-01	-7.606347e-02	-6.124168e-17	-4.010051e-03	4.010051e-03	-4.010051e-03	-3.782198e-02	-1.380381e+01	2.148288e+00	-1.272967e+01	1.487796e+01
292           	-2.277564e-01	-1.517015e-01	-7.605489e-02	-6.122537e-17	-4.009795e-03	4.009795e-03	-4.009795e-03	-3.782331e-02	-1.380322e+01	2.148364e+00	-1.272904e+01	1.487741e+01
293           	-2.277666e-01	-1.517047e-01	-7.606184e-02	-6.124056e-17	-4.009975e-03	4.009975e-03	-4.009975e-03	-3.782145e-02	-1.380374e+01	2.148258e+00	-1.272961e+01	1.487787e+01
294           	-2.277524e-01	-1.516990e-01	-7.605343e-02	-6.122385e-17	-4.009726e-03	4.009726e-03	-4.009726e-03	-3.782278e-02	-1.380316e+01	2.148334e+00	-1.272899e+01	1.487732e+01
295           	-2.277631e-01	-1.517024e-01	-7.606072e-02	-6.123884e-17	-4.009914e-03	4.009914e-03	-4.009914e-03	-3.782084e-02	-1.380367e+01	2.148224e+00	-1.272955e+01	1.487778e+01
296           	-2.277481e-01	-1.516963e-01	-7.605177e-02	-6.122171e-17	-4.009649e-03	4.009649e-03	-4.009649e-03	-3.782227e-02	-1.380303e+01	2.148305e+00	-1.272888e+01	1.487718e+01
297           	-2.277577e-01	-1.516993e-01	-7.605836e-02	-6.123677e-17	-4.009818e-03	4.009818e-03	-4.009818e-03	-3.782047e-02	-1.380350e+01	2.148203e+00	-1.272940e+01	1.487760e+01
298           	-2.277430e-01	-1.516933e-01	-7.604966e-02	-6.122050e-17	-4.009560e-03	4.009560e-03	-4.009560e-03	-3.782183e-02	-1.380289e+01	2.148280e+00	-1.272875e+01	1.487703e+01
299           	-2.277528e-01	-1.516964e-01	-7.605638e-02	-6.123595e-17	-4.009733e-03	4.009733e-03	-4.009733e-03	-3.782003e-02	-1.380339e+01	2.148178e+00	-1.272930e+01	1.487748e+01
300           	-2.277385e-01	-1.516907e-01	-7.604781e-02	-6.121964e-17	-4.009480e-03	4.009480e-03	-4.009480e-03	-3.782143e-02	-1.380280e+01	2.148257e+00	-1.272867e+01	1.487693e+01
301           	-2.277495e-01	-1.516942e-01	-7.605521e-02	-6.123498e-17	-4.009673e-03	4.009673e-03	-4.009673e-03	-3.781952e-02	-1.380334e+01	2.148148e+00	-1.272926e+01	1.487741e+01
302           	-2.277350e-01	-1.516884e-01	-7.604656e-02	-6.121789e-17	-4.009419e-03	4.009419e-03	-4.009419e-03	-3.782094e-02	-1.380273e+01	2.148230e+00	-1.272862e+01	1.487685e+01
303           	-2.277453e-01	-1.516918e-01	-7.605356e-02	-6.123285e-17	-4.009601e-03	4.009601e-03	-4.009601e-03	-3.781911e-02	-1.380323e+01	2.148126e+00	-1.272916e+01	1.487729e+01
304           	-2.277312e-01	-1.516861e-01	-7.604514e-02	-6.121639e-17	-4.009352e-03	4.009352e-03	-4.009352e-03	-3.782047e-02	-1.380261e+01	2.148203e+00	-1.272851e+01	1.487672e+01
305           	-2.277412e-01	-1.516893e-01	-7.605190e-02	-6.123187e-17	-4.009528e-03	4.009528e-03	-4.009528e-03	-3.781869e-02	-1.380310e+01	2.148101e+00	-1.272905e+01	1.487715e+01
306           	-2.277266e-01	-1.516834e-01	-7.604316e-02	-6.121594e-17	-4.009270e-03	4.009270e-03	-4.009270e-03	-3.782012e-02	-1.380250e+01	2.148183e+00	-1.272841e+01	1.487659e+01
307           	-2.277372e-01	-1.516869e-01	-7.605031e-02	-6.123196e-17	-4.009458e-03	4.009458e-03	-4.009458e-03	-3.781829e-02	-1.380303e+01	2.148079e+00	-1.272899e+01	1.487707e+01
308           	-2.277227e-01	-1.516812e-01	-7.604156e-02	-6.121565e-17	-4.009203e-03	4.009203e-03	-4.009203e-03	-3.781980e-02	-1.380244e+01	2.148165e+00	-1.272836e+01	1.487652e+01
309           	-2.277338e-01	-1.516849e-01	-7.604894e-02	-6.123134e-17	-4.009398e-03	4.009398e-03	-4.009398e-03	-3.781796e-02	-1.380297e+01	2.148060e+00	-1.272894e+01	1.487700e+01
310           	-2.277198e-01	-1.516793e-01	-7.604050e-02	-6.121478e-17	-4.009152e-03	4.009152e-03	-4.009152e-03	-3.781941e-02	-1.380237e+01	2.148143e+00	-1.272830e+01	1.487644e+01
311           	-2.277308e-01	-1.516830e-01	-7.604786e-02	-6.123033e-17	-4.009345e-03	4.009345e-03	-4.009345e-03	-3.781755e-02	-1.380287e+01	2.148037e+00	-1.272886e+01	1.487689e+01
312           	-2.277161e-01	-1.516771e-01	-7.603894e-02	-6.121413e-17	-4.009086e-03	4.009086e-03	-4.009086e-03	-3.781909e-02	-1.380224e+01	2.148124e+00	-1.272818e+01	1.487630e+01
313           	-2.277262e-01	-1.516804e-01	-7.604581e-02	-6.122989e-17	-4.009264e-03	4.009264e-03	-4.009264e-03	-3.781728e-02	-1.380274e+01	2.148022e+00	-1.272873e+01	1.487675e+01
314           	-2.277116e-01	-1.516747e-01	-7.603697e-02	-6.121375e-17	-4.009008e-03	4.009008e-03	-4.009008e-03	-3.781885e-02	-1.380214e+01	2.148111e+00	-1.272809e+01	1.487620e+01
315           	-2.277231e-01	-1.516786e-01	-7.604447e-02	-6.122998e-17	-4.009210e-03	4.009210e-03	-4.009210e-03	-3.781708e-02	-1.380269e+01	2.148010e+00	-1.272869e+01	1.487670e+01
316           	-2.277096e-01	-1.516734e-01	-7.603624e-02	-6.121378e-17	-4.008973e-03	4.008973e-03	-4.008973e-03	-3.781858e-02	-1.380212e+01	2.148096e+00	-1.272807e+01	1.487617e+01
317           	-2.277208e-01	-1.516771e-01	-7.604369e-02	-6.122908e-17	-4.009169e-03	4.009169e-03	-4.009169e-03	-3.781672e-02	-1.380264e+01	2.147990e+00	-1.272865e+01	1.487664e+01
318           	-2.277068e-01	-1.516716e-01	-7.603517e-02	-6.121247e-17	-4.008922e-03	4.008922e-03	-4.008922e-03	-3.781823e-02	-1.380203e+01	2.148075e+00	-1.272799e+01	1.487607e+01
319           	-2.277182e-01	-1.516755e-01	-7.604266e-02	-6.122811e-17	-4.009123e-03	4.009123e-03	-4.009123e-03	-3.781642e-02	-1.380255e+01	2.147973e+00	-1.272856e+01	1.487654e+01
320           	-2.277040e-01	-1.516700e-01	-7.603401e-02	-6.121193e-17	-4.008873e-03	4.008873e-03	-4.008873e-03	-3.781798e-02	-1.380194e+01	2.148061e+00	-1.272791e+01	1.487597e+01
321           	-2.277145e-01	-1.516735e-01	-7.604105e-02	-6.122798e-17	-4.009059e-03	4.009059e-03	-4.009059e-03	-3.781621e-02	-1.380246e+01	2.147961e+00	-1.272848e+01	1.487644e+01
322           	-2.277009e-01	-1.516681e-01	-7.603275e-02	-6.121226e-17	-4.008819e-03	4.008819e-03	-4.008819e-03	-3.781770e-02	-1.380189e+01	2.148045e+00	-1.272786e+01	1.487591e+01
323           	-2.277118e-01	-1.516719e-01	-7.603994e-02	-6.122784e-17	-4.009011e-03	4.009011e-03	-4.009011e-03	-3.781598e-02	-1.380242e+01	2.147948e+00	-1.272845e+01	1.487640e+01
324           	-2.276986e-01	-1.516669e-01	-7.603173e-02	-6.121194e-17	-4.008778e-03	4.008778e-03	-4.008778e-03	-3.781756e-02	-1.380185e+01	2.148037e+00	-1.272783e+01	1.487587e+01
325           	-2.277103e-01	-1.516709e-01	-7.603941e-02	-6.122749e-17	-4.008984e-03	4.008984e-03	-4.008984e-03	-3.781574e-02	-1.380239e+01	2.147934e+00	-1.272842e+01	1.487635e+01
326           	-2.276968e-01	-1.516657e-01	-7.603112e-02	-6.121145e-17	-4.008747e-03	4.008747e-03	-4.008747e-03	-3.781730e-02	-1.380178e+01	2.148023e+00	-1.272777e+01	1.487580e+01
327           	-2.277075e-01	-1.516694e-01	-7.603812e-02	-6.122723e-17	-4.008934e-03	4.008934e-03	-4.008934e-03	-3.781562e-02	-1.380228e+01	2.147927e+00	-1.272832e+01	1.487624e+01
328           	-2.276939e-01	-1.516641e-01	-7.602979e-02	-6.121137e-17	-4.008695e-03	4.008695e-03	-4.008695e-03	-3.781714e-02	-1.380169e+01	2.148013e+00	-1.272768e+01	1.487570e+01
329           	-2.277050e-01	-1.516679e-01	-7.603709e-02	-6.122749e-17	-4.008890e-03	4.008890e-03	-4.008890e-03	-3.781539e-02	-1.380223e+01	2.147914e+00	-1.272827e+01	1.487618e+01
330           	-2.276914e-01	-1.516627e-01	-7.602866e-02	-6.121164e-17	-4.008651e-03	4.008651e-03	-4.008651e-03	-3.781703e-02	-1.380165e+01	2.148007e+00	-1.272765e+01	1.487566e+01
331           	-2.277033e-01	-1.516669e-01	-7.603642e-02	-6.122739e-17	-4.008861e-03	4.008861e-03	-4.008861e-03	-3.781524e-02	-1.380221e+01	2.147906e+00	-1.272826e+01	1.487616e+01
332           	-2.276903e-01	-1.516620e-01	-7.602836e-02	-6.121094e-17	-4.008632e-03	4.008632e-03	-4.008632e-03	-3.781679e-02	-1.380164e+01	2.147994e+00	-1.272764e+01	1.487564e+01
333           	-2.277022e-01	-1.516661e-01	-7.603610e-02	-6.122665e-17	-4.008841e-03	4.008841e-03	-4.008841e-03	-3.781498e-02	-1.380217e+01	2.147891e+00	-1.272823e+01	1.487612e+01
334           	-2.276887e-01	-1.516609e-01	-7.602778e-02	-6.121038e-17	-4.008604e-03	4.008604e-03	-4.008604e-03	-3.781656e-02	-1.380158e+01	2.147981e+00	-1.272758e+01	1.487557e+01
335           	-2.276999e-01	-1.516648e-01	-7.603510e-02	-6.122629e-17	-4.008800e-03	4.008800e-03	-4.008800e-03	-3.781483e-02	-1.380209e+01	2.147882e+00	-1.272815e+01	1.487604e+01
336           	-2.276861e-01	-1.516595e-01	-7.602657e-02	-6.121065e-17	-4.008558e-03	4.008558e-03	-4.008558e-03	-3.781647e-02	-1.380151e+01	2.147975e+00	-1.272752e+01	1.487550e+01
337           	-2.276977e-01	-1.516636e-01	-7.603412e-02	-6.122695e-17	-4.008762e-03	4.008762e-03	-4.008762e-03	-3.781474e-02	-1.380206e+01	2.147877e+00	-1.272812e+01	1.487600e+01
338           	-2.276846e-01	-1.516587e-01	-7.602596e-02	-6.121116e-17	-4.008532e-03	4.008532e-03	-4.008532e-03	-3.781635e-02	-1.380150e+01	2.147968e+00	-1.272752e+01	1.487549e+01
339           	-2.276966e-01	-1.516629e-01	-7.603370e-02	-6.122725e-17	-4.008743e-03	4.008743e-03	-4.008743e-03	-3.781461e-02	-1.380205e+01	2.147870e+00	-1.272812e+01	1.487599e+01
340           	-2.276838e-01	-1.516581e-01	-7.602569e-02	-6.121116e-17	-4.008517e-03	4.008517e-03	-4.008517e-03	-3.781619e-02	-1.380148e+01	2.147960e+00	-1.272750e+01	1.487546e+01
341           	-2.276956e-01	-1.516622e-01	-7.603335e-02	-6.122696e-17	-4.008725e-03	4.008725e-03	-4.008725e-03	-3.781444e-02	-1.380200e+01	2.147860e+00	-1.272807e+01	1.487593e+01
342           	-2.276819e-01	-1.516571e-01	-7.602487e-02	-6.121111e-17	-4.008485e-03	4.008485e-03	-4.008485e-03	-3.781609e-02	-1.380140e+01	2.147954e+00	-1.272742e+01	1.487538e+01
343           	-2.276932e-01	-1.516610e-01	-7.603220e-02	-6.122728e-17	-4.008683e-03	4.008683e-03	-4.008683e-03	-3.781440e-02	-1.380193e+01	2.147858e+00	-1.272800e+01	1.487586e+01
344           	-2.276796e-01	-1.516559e-01	-7.602375e-02	-6.121152e-17	-4.008444e-03	4.008444e-03	-4.008444e-03	-3.781607e-02	-1.380135e+01	2.147953e+00	-1.272737e+01	1.487533e+01
345           	-2.276916e-01	-1.516602e-01	-7.603146e-02	-6.122784e-17	-4.008656e-03	4.008656e-03	-4.008656e-03	-3.781436e-02	-1.380191e+01	2.147856e+00	-1.272798e+01	1.487584e+01
346           	-2.276791e-01	-1.516555e-01	-7.602358e-02	-6.121186e-17	-4.008435e-03	4.008435e-03	-4.008435e-03	-3.781596e-02	-1.380136e+01	2.147946e+00	-1.272739e+01	1.487533e+01
347           	-2.276914e-01	-1.516599e-01	-7.603147e-02	-6.122749e-17	-4.008651e-03	4.008651e-03	-4.008651e-03	-3.781420e-02	-1.380191e+01	2.147847e+00	-1.272799e+01	1.487584e+01
348           	-2.276783e-01	-1.516550e-01	-7.602335e-02	-6.121121e-17	-4.008422e-03	4.008422e-03	-4.008422e-03	-3.781583e-02	-1.380133e+01	2.147939e+00	-1.272736e+01	1.487530e+01
349           	-2.276903e-01	-1.516592e-01	-7.603106e-02	-6.122690e-17	-4.008632e-03	4.008632e-03	-4.008632e-03	-3.781409e-02	-1.380186e+01	2.147840e+00	-1.272794e+01	1.487578e+01
350           	-2.276770e-01	-1.516542e-01	-7.602275e-02	-6.121089e-17	-4.008397e-03	4.008397e-03	-4.008397e-03	-3.781572e-02	-1.380127e+01	2.147933e+00	-1.272730e+01	1.487524e+01
351           	-2.276885e-01	-1.516583e-01	-7.603020e-02	-6.122721e-17	-4.008600e-03	4.008600e-03	-4.008600e-03	-3.781405e-02	-1.380181e+01	2.147838e+00	-1.272789e+01	1.487573e+01
352           	-2.276753e-01	-1.516534e-01	-7.602194e-02	-6.121155e-17	-4.008368e-03	4.008368e-03	-4.008368e-03	-3.781571e-02	-1.380125e+01	2.147932e+00	-1.272728e+01	1.487521e+01
353           	-2.276875e-01	-1.516578e-01	-7.602978e-02	-6.122772e-17	-4.008584e-03	4.008584e-03	-4.008584e-03	-3.781399e-02	-1.380182e+01	2.147835e+00	-1.272790e+01	1.487573e+01
354           	-2.276750e-01	-1.516531e-01	-7.602188e-02	-6.121192e-17	-4.008363e-03	4.008363e-03	-4.008363e-03	-3.781562e-02	-1.380126e+01	2.147927e+00	-1.272730e+01	1.487522e+01
355           	-2.276874e-01	-1.516576e-01	-7.602980e-02	-6.122776e-17	-4.008580e-03	4.008580e-03	-4.008580e-03	-3.781389e-02	-1.380181e+01	2.147829e+00	-1.272790e+01	1.487572e+01
356           	-2.276744e-01	-1.516527e-01	-7.602168e-02	-6.121158e-17	-4.008352e-03	4.008352e-03	-4.008352e-03	-3.781553e-02	-1.380122e+01	2.147922e+00	-1.272726e+01	1.487518e+01
357           	-2.276862e-01	-1.516569e-01	-7.602924e-02	-6.122764e-17	-4.008559e-03	4.008559e-03	-4.008559e-03	-3.781384e-02	-1.380175e+01	2.147826e+00	-1.272784e+01	1.487566e+01
358           	-2.276729e-01	-1.516520e-01	-7.602093e-02	-6.121181e-17	-4.008325e-03	4.008325e-03	-4.008325e-03	-3.781551e-02	-1.380117e+01	2.147921e+00	-1.272721e+01	1.487513e+01
359           	-2.276847e-01	-1.516562e-01	-7.602851e-02	-6.122796e-17	-4.008533e-03	4.008533e-03	-4.008533e-03	-3.781384e-02	-1.380172e+01	2.147826e+00	-1.272781e+01	1.487563e+01
360           	-2.276718e-01	-1.516514e-01	-7.602041e-02	-6.121221e-17	-4.008307e-03	4.008307e-03	-4.008307e-03	-3.781551e-02	-1.380116e+01	2.147921e+00	-1.272720e+01	1.487513e+01
361           	-2.276845e-01	-1.516560e-01	-7.602846e-02	-6.122810e-17	-4.008530e-03	4.008530e-03	-4.008530e-03	-3.781378e-02	-1.380174e+01	2.147823e+00	-1.272783e+01	1.487565e+01
362           	-2.276721e-01	-1.516514e-01	-7.602065e-02	-6.121176e-17	-4.008311e-03	4.008311e-03	-4.008311e-03	-3.781539e-02	-1.380118e+01	2.147914e+00	-1.272722e+01	1.487514e+01
363           	-2.276845e-01	-1.516559e-01	-7.602860e-02	-6.122756e-17	-4.008530e-03	4.008530e-03	-4.008530e-03	-3.781365e-02	-1.380173e+01	2.147815e+00	-1.272782e+01	1.487564e+01
364           	-2.276716e-01	-1.516511e-01	-7.602051e-02	-6.121137e-17	-4.008303e-03	4.008303e-03	-4.008303e-03	-3.781529e-02	-1.380114e+01	2.147909e+00	-1.272719e+01	1.487510e+01
365           	-2.276834e-01	-1.516553e-01	-7.602807e-02	-6.122736e-17	-4.008510e-03	4.008510e-03	-4.008510e-03	-3.781362e-02	-1.380168e+01	2.147814e+00	-1.272777e+01	1.487559e+01
366           	-2.276702e-01	-1.516504e-01	-7.601980e-02	-6.121182e-17	-4.008279e-03	4.008279e-03	-4.008279e-03	-3.781531e-02	-1.380111e+01	2.147910e+00	-1.272715e+01	1.487506e+01
367           	-2.276825e-01	-1.516549e-01	-7.602760e-02	-6.122820e-17	-4.008494e-03	4.008494e-03	-4.008494e-03	-3.781363e-02	-1.380168e+01	2.147814e+00	-1.272777e+01	1.487558e+01
368           	-2.276699e-01	-1.516502e-01	-7.601968e-02	-6.121246e-17	-4.008273e-03	4.008273e-03	-4.008273e-03	-3.781528e-02	-1.380113e+01	2.147908e+00	-1.272718e+01	1.487509e+01
369           	-2.276825e-01	-1.516548e-01	-7.602764e-02	-6.122858e-17	-4.008494e-03	4.008494e-03	-4.008494e-03	-3.781360e-02	-1.380170e+01	2.147812e+00	-1.272779e+01	1.487560e+01
370           	-2.276701e-01	-1.516503e-01	-7.601984e-02	-6.121252e-17	-4.008277e-03	4.008277e-03	-4.008277e-03	-3.781523e-02	-1.380113e+01	2.147905e+00	-1.272718e+01	1.487509e+01
371           	-2.276825e-01	-1.516548e-01	-7.602771e-02	-6.122834e-17	-4.008494e-03	4.008494e-03	-4.008494e-03	-3.781352e-02	-1.380167e+01	2.147808e+00	-1.272777e+01	1.487558e+01
372           	-2.276693e-01	-1.516499e-01	-7.601944e-02	-6.121253e-17	-4.008263e-03	4.008263e-03	-4.008263e-03	-3.781522e-02	-1.380108e+01	2.147905e+00	-1.272713e+01	1.487503e+01
373           	-2.276811e-01	-1.516541e-01	-7.602699e-02	-6.122874e-17	-4.008470e-03	4.008470e-03	-4.008470e-03	-3.781357e-02	-1.380162e+01	2.147811e+00	-1.272771e+01	1.487552e+01
374           	-2.276680e-01	-1.516493e-01	-7.601874e-02	-6.121301e-17	-4.008240e-03	4.008240e-03	-4.008240e-03	-3.781528e-02	-1.380105e+01	2.147908e+00	-1.272710e+01	1.487501e+01
375           	-2.276805e-01	-1.516539e-01	-7.602664e-02	-6.122936e-17	-4.008460e-03	4.008460e-03	-4.008460e-03	-3.781361e-02	-1.380163e+01	2.147813e+00	-1.272772e+01	1.487553e+01
376           	-2.276684e-01	-1.516495e-01	-7.601896e-02	-6.121340e-17	-4.008247e-03	4.008247e-03	-4.008247e-03	-3.781525e-02	-1.380109e+01	2.147906e+00	-1.272713e+01	1.487504e+01
377           	-2.276811e-01	-1.516541e-01	-7.602704e-02	-6.122904e-17	-4.008471e-03	4.008471e-03	-4.008471e-03	-3.781353e-02	-1.380165e+01	2.147808e+00	-1.272775e+01	1.487556e+01
378           	-2.276686e-01	-1.516495e-01	-7.601909e-02	-6.121276e-17	-4.008249e-03	4.008249e-03	-4.008249e-03	-3.781519e-02	-1.380108e+01	2.147903e+00	-1.272713e+01	1.487503e+01
379           	-2.276809e-01	-1.516540e-01	-7.602698e-02	-6.122845e-17	-4.008467e-03	4.008467e-03	-4.008467e-03	-3.781349e-02	-1.380162e+01	2.147806e+00	-1.272772e+01	1.487552e+01
380           	-2.276680e-01	-1.516492e-01	-7.601885e-02	-6.121245e-17	-4.008240e-03	4.008240e-03	-4.008240e-03	-3.781515e-02	-1.380104e+01	2.147901e+00	-1.272709e+01	1.487499e+01
381           	-2.276799e-01	-1.516535e-01	-7.602646e-02	-6.122878e-17	-4.008450e-03	4.008450e-03	-4.008450e-03	-3.781351e-02	-1.380159e+01	2.147807e+00	-1.272768e+01	1.487549e+01
382           	-2.276671e-01	-1.516488e-01	-7.601837e-02	-6.121312e-17	-4.008224e-03	4.008224e-03	-4.008224e-03	-3.781520e-02	-1.380104e+01	2.147903e+00	-1.272708e+01	1.487499e+01
383           	-2.276798e-01	-1.516534e-01	-7.602637e-02	-6.122928e-17	-4.008447e-03	4.008447e-03	-4.008447e-03	-3.781351e-02	-1.380161e+01	2.147808e+00	-1.272771e+01	1.487552e+01
384           	-2.276676e-01	-1.516490e-01	-7.601862e-02	-6.121347e-17	-4.008232e-03	4.008232e-03	-4.008232e-03	-3.781517e-02	-1.380107e+01	2.147901e+00	-1.272712e+01	1.487502e+01
385           	-2.276803e-01	-1.516536e-01	-7.602669e-02	-6.122930e-17	-4.008456e-03	4.008456e-03	-4.008456e-03	-3.781346e-02	-1.380163e+01	2.147805e+00	-1.272773e+01	1.487553e+01
386           	-2.276677e-01	-1.516490e-01	-7.601872e-02	-6.121310e-17	-4.008234e-03	4.008234e-03	-4.008234e-03	-3.781513e-02	-1.380105e+01	2.147899e+00	-1.272710e+01	1.487500e+01
387           	-2.276798e-01	-1.516534e-01	-7.602642e-02	-6.122914e-17	-4.008447e-03	4.008447e-03	-4.008447e-03	-3.781347e-02	-1.380158e+01	2.147805e+00	-1.272768e+01	1.487549e+01
388           	-2.276668e-01	-1.516486e-01	-7.601825e-02	-6.121331e-17	-4.008219e-03	4.008219e-03	-4.008219e-03	-3.781516e-02	-1.380101e+01	2.147901e+00	-1.272706e+01	1.487496e+01
389           	-2.276789e-01	-1.516530e-01	-7.602595e-02	-6.122943e-17	-4.008432e-03	4.008432e-03	-4.008432e-03	-3.781351e-02	-1.380157e+01	2.147807e+00	-1.272767e+01	1.487547e+01
390           	-2.276664e-01	-1.516484e-01	-7.601798e-02	-6.121368e-17	-4.008211e-03	4.008211e-03	-4.008211e-03	-3.781520e-02	-1.380102e+01	2.147904e+00	-1.272707e+01	1.487497e+01
391           	-2.276793e-01	-1.516531e-01	-7.602616e-02	-6.122954e-17	-4.008438e-03	4.008438e-03	-4.008438e-03	-3.781349e-02	-1.380160e+01	2.147806e+00	-1.272770e+01	1.487551e+01
392           	-2.276672e-01	-1.516487e-01	-7.601846e-02	-6.121319e-17	-4.008225e-03	4.008225e-03	-4.008225e-03	-3.781513e-02	-1.380105e+01	2.147899e+00	-1.272710e+01	1.487500e+01
393           	-2.276799e-01	-1.516533e-01	-7.602654e-02	-6.122897e-17	-4.008448e-03	4.008448e-03	-4.008448e-03	-3.781340e-02	-1.380161e+01	2.147801e+00	-1.272771e+01	1.487551e+01
394           	-2.276672e-01	-1.516487e-01	-7.601855e-02	-6.121275e-17	-4.008226e-03	4.008226e-03	-4.008226e-03	-3.781506e-02	-1.380103e+01	2.147896e+00	-1.272708e+01	1.487498e+01
395           	-2.276792e-01	-1.516530e-01	-7.602622e-02	-6.122871e-17	-4.008437e-03	4.008437e-03	-4.008437e-03	-3.781341e-02	-1.380157e+01	2.147801e+00	-1.272767e+01	1.487547e+01
396           	-2.276663e-01	-1.516483e-01	-7.601805e-02	-6.121315e-17	-4.008210e-03	4.008210e-03	-4.008210e-03	-3.781512e-02	-1.380101e+01	2.147899e+00	-1.272706e+01	1.487495e+01
397           	-2.276788e-01	-1.516528e-01	-7.602594e-02	-6.122950e-17	-4.008429e-03	4.008429e-03	-4.008429e-03	-3.781345e-02	-1.380158e+01	2.147804e+00	-1.272768e+01	1.487548e+01
398           	-2.276665e-01	-1.516484e-01	-7.601812e-02	-6.121375e-17	-4.008212e-03	4.008212e-03	-4.008212e-03	-3.781512e-02	-1.380104e+01	2.147899e+00	-1.272709e+01	1.487499e+01
399           	-2.276792e-01	-1.516531e-01	-7.602617e-02	-6.122985e-17	-4.008437e-03	4.008437e-03	-4.008437e-03	-3.781345e-02	-1.380161e+01	2.147804e+00	-1.272771e+01	1.487551e+01
400           	-2.276671e-01	-1.516486e-01	-7.601845e-02	-6.121376e-17	-4.008223e-03	4.008223e-03	-4.008223e-03	-3.781509e-02	-1.380105e+01	2.147897e+00	-1.272710e+01	1.487500e+01
401           	-2.276796e-01	-1.516532e-01	-7.602641e-02	-6.122956e-17	-4.008444e-03	4.008444e-03	-4.008444e-03	-3.781340e-02	-1.380160e+01	2.147801e+00	-1.272770e+01	1.487550e+01
402           	-2.276667e-01	-1.516484e-01	-7.601822e-02	-6.121372e-17	-4.008216e-03	4.008216e-03	-4.008216e-03	-3.781511e-02	-1.380101e+01	2.147898e+00	-1.272706e+01	1.487496e+01
403           	-2.276786e-01	-1.516528e-01	-7.602584e-02	-6.122990e-17	-4.008426e-03	4.008426e-03	-4.008426e-03	-3.781347e-02	-1.380155e+01	2.147805e+00	-1.272765e+01	1.487545e+01
404           	-2.276657e-01	-1.516480e-01	-7.601767e-02	-6.121415e-17	-4.008199e-03	4.008199e-03	-4.008199e-03	-3.781519e-02	-1.380099e+01	2.147903e+00	-1.272704e+01	1.487494e+01
405           	-2.276783e-01	-1.516527e-01	-7.602564e-02	-6.123047e-17	-4.008422e-03	4.008422e-03	-4.008422e-03	-3.781353e-02	-1.380157e+01	2.147809e+00	-1.272766e+01	1.487547e+01
406           	-2.276664e-01	-1.516484e-01	-7.601802e-02	-6.121448e-17	-4.008211e-03	4.008211e-03	-4.008211e-03	-3.781518e-02	-1.380103e+01	2.147902e+00	-1.272708e+01	1.487498e+01
407           	-2.276793e-01	-1.516531e-01	-7.602617e-02	-6.123010e-17	-4.008438e-03	4.008438e-03	-4.008438e-03	-3.781347e-02	-1.380160e+01	2.147805e+00	-1.272770e+01	1.487550e+01
408           	-2.276668e-01	-1.516485e-01	-7.601828e-02	-6.121380e-17	-4.008219e-03	4.008219e-03	-4.008219e-03	-3.781514e-02	-1.380103e+01	2.147900e+00	-1.272708e+01	1.487498e+01
409           	-2.276793e-01	-1.516531e-01	-7.602622e-02	-6.122946e-17	-4.008439e-03	4.008439e-03	-4.008439e-03	-3.781344e-02	-1.380158e+01	2.147804e+00	-1.272767e+01	1.487548e+01
410           	-2.276665e-01	-1.516484e-01	-7.601815e-02	-6.121343e-17	-4.008214e-03	4.008214e-03	-4.008214e-03	-3.781512e-02	-1.380100e+01	2.147899e+00	-1.272705e+01	1.487495e+01
411           	-2.276786e-01	-1.516528e-01	-7.602582e-02	-6.122973e-17	-4.008426e-03	4.008426e-03	-4.008426e-03	-3.781348e-02	-1.380155e+01	2.147805e+00	-1.272765e+01	1.487545e+01
412           	-2.276659e-01	-1.516481e-01	-7.601778e-02	-6.121405e-17	-4.008203e-03	4.008203e-03	-4.008203e-03	-3.781518e-02	-1.380100e+01	2.147902e+00	-1.272705e+01	1.487495e+01
413           	-2.276786e-01	-1.516528e-01	-7.602582e-02	-6.123019e-17	-4.008427e-03	4.008427e-03	-4.008427e-03	-3.781350e-02	-1.380158e+01	2.147807e+00	-1.272768e+01	1.487549e+01
414           	-2.276665e-01	-1.516484e-01	-7.601812e-02	-6.121436e-17	-4.008214e-03	4.008214e-03	-4.008214e-03	-3.781516e-02	-1.380104e+01	2.147901e+00	-1.272709e+01	1.487499e+01
415           	-2.276794e-01	-1.516531e-01	-7.602623e-02	-6.123016e-17	-4.008440e-03	4.008440e-03	-4.008440e-03	-3.781346e-02	-1.380160e+01	2.147805e+00	-1.272770e+01	1.487550e+01
416           	-2.276669e-01	-1.516486e-01	-7.601830e-02	-6.121394e-17	-4.008219e-03	4.008219e-03	-4.008219e-03	-3.781513e-02	-1.380102e+01	2.147899e+00	-1.272708e+01	1.487497e+01
417           	-2.276790e-01	-1.516530e-01	-7.602604e-02	-6.122996e-17	-4.008433e-03	4.008433e-03	-4.008433e-03	-3.781347e-02	-1.380156e+01	2.147805e+00	-1.272766e+01	1.487546e+01
418           	-2.276661e-01	-1.516482e-01	-7.601790e-02	-6.121410e-17	-4.008207e-03	4.008207e-03	-4.008207e-03	-3.781517e-02	-1.380099e+01	2.147902e+00	-1.272704e+01	1.487494e+01
419           	-2.276783e-01	-1.516527e-01	-7.602564e-02	-6.123020e-17	-4.008421e-03	4.008421e-03	-4.008421e-03	-3.781352e-02	-1.380155e+01	2.147808e+00	-1.272765e+01	1.487546e+01
420           	-2.276659e-01	-1.516482e-01	-7.601771e-02	-6.121442e-17	-4.008202e-03	4.008202e-03	-4.008202e-03	-3.781522e-02	-1.380101e+01	2.147905e+00	-1.272705e+01	1.487496e+01
421           	-2.276789e-01	-1.516529e-01	-7.602591e-02	-6.123026e-17	-4.008431e-03	4.008431e-03	-4.008431e-03	-3.781352e-02	-1.380159e+01	2.147808e+00	-1.272769e+01	1.487549e+01
422           	-2.276668e-01	-1.516485e-01	-7.601824e-02	-6.121389e-17	-4.008218e-03	4.008218e-03	-4.008218e-03	-3.781515e-02	-1.380104e+01	2.147901e+00	-1.272709e+01	1.487499e+01
423           	-2.276796e-01	-1.516532e-01	-7.602635e-02	-6.122964e-17	-4.008443e-03	4.008443e-03	-4.008443e-03	-3.781343e-02	-1.380160e+01	2.147803e+00	-1.272769e+01	1.487550e+01
424           	-2.276670e-01	-1.516486e-01	-7.601839e-02	-6.121341e-17	-4.008221e-03	4.008221e-03	-4.008221e-03	-3.781510e-02	-1.380102e+01	2.147898e+00	-1.272707e+01	1.487497e+01
425           	-2.276790e-01	-1.516530e-01	-7.602608e-02	-6.122935e-17	-4.008434e-03	4.008434e-03	-4.008434e-03	-3.781344e-02	-1.380156e+01	2.147803e+00	-1.272766e+01	1.487546e+01
426           	-2.276662e-01	-1.516482e-01	-7.601793e-02	-6.121376e-17	-4.008207e-03	4.008207e-03	-4.008207e-03	-3.781515e-02	-1.380100e+01	2.147901e+00	-1.272705e+01	1.487495e+01
427           	-2.276787e-01	-1.516528e-01	-7.602585e-02	-6.123010e-17	-4.008427e-03	4.008427e-03	-4.008427e-03	-3.781349e-02	-1.380158e+01	2.147806e+00	-1.272767e+01	1.487548e+01
428           	-2.276664e-01	-1.516484e-01	-7.601804e-02	-6.121432e-17	-4.008211e-03	4.008211e-03	-4.008211e-03	-3.781516e-02	-1.380104e+01	2.147901e+00	-1.272709e+01	1.487499e+01
429           	-2.276792e-01	-1.516531e-01	-7.602612e-02	-6.123040e-17	-4.008437e-03	4.008437e-03	-4.008437e-03	-3.781349e-02	-1.380161e+01	2.147806e+00	-1.272770e+01	1.487551e+01
430           	-2.276671e-01	-1.516487e-01	-7.601842e-02	-6.121429e-17	-4.008224e-03	4.008224e-03	-4.008224e-03	-3.781514e-02	-1.380105e+01	2.147900e+00	-1.272710e+01	1.487500e+01
431           	-2.276797e-01	-1.516533e-01	-7.602639e-02	-6.123008e-17	-4.008445e-03	4.008445e-03	-4.008445e-03	-3.781345e-02	-1.380160e+01	2.147804e+00	-1.272769e+01	1.487550e+01
432           	-2.276667e-01	-1.516485e-01	-7.601822e-02	-6.121422e-17	-4.008217e-03	4.008217e-03	-4.008217e-03	-3.781516e-02	-1.380101e+01	2.147901e+00	-1.272706e+01	1.487496e+01
433           	-2.276787e-01	-1.516529e-01	-7.602585e-02	-6.123038e-17	-4.008429e-03	4.008429e-03	-4.008429e-03	-3.781352e-02	-1.380155e+01	2.147808e+00	-1.272765e+01	1.487546e+01
434           	-2.276659e-01	-1.516482e-01	-7.601769e-02	-6.121462e-17	-4.008202e-03	4.008202e-03	-4.008202e-03	-3.781524e-02	-1.380099e+01	2.147906e+00	-1.272704e+01	1.487495e+01
435           	-2.276785e-01	-1.516528e-01	-7.602568e-02	-6.123092e-17	-4.008425e-03	4.008425e-03	-4.008425e-03	-3.781358e-02	-1.380157e+01	2.147812e+00	-1.272767e+01	1.487548e+01
436           	-2.276666e-01	-1.516485e-01	-7.601807e-02	-6.121491e-17	-4.008215e-03	4.008215e-03	-4.008215e-03	-3.781523e-02	-1.380104e+01	2.147905e+00	-1.272708e+01	1.487499e+01
437           	-2.276795e-01	-1.516533e-01	-7.602623e-02	-6.123051e-17	-4.008442e-03	4.008442e-03	-4.008442e-03	-3.781352e-02	-1.380160e+01	2.147808e+00	-1.272770e+01	1.487551e+01
438           	-2.276671e-01	-1.516487e-01	-7.601835e-02	-6.121420e-17	-4.008223e-03	4.008223e-03	-4.008223e-03	-3.781519e-02	-1.380103e+01	2.147903e+00	-1.272708e+01	1.487499e+01
439           	-2.276796e-01	-1.516533e-01	-7.602630e-02	-6.122984e-17	-4.008444e-03	4.008444e-03	-4.008444e-03	-3.781350e-02	-1.380158e+01	2.147807e+00	-1.272768e+01	1.487549e+01
440           	-2.276668e-01	-1.516486e-01	-7.601824e-02	-6.121381e-17	-4.008219e-03	4.008219e-03	-4.008219e-03	-3.781517e-02	-1.380101e+01	2.147902e+00	-1.272706e+01	1.487496e+01
441           	-2.276789e-01	-1.516530e-01	-7.602591e-02	-6.123009e-17	-4.008431e-03	4.008431e-03	-4.008431e-03	-3.781353e-02	-1.380156e+01	2.147809e+00	-1.272765e+01	1.487546e+01
442           	-2.276662e-01	-1.516483e-01	-7.601788e-02	-6.121440e-17	-4.008208e-03	4.008208e-03	-4.008208e-03	-3.781523e-02	-1.380101e+01	2.147905e+00	-1.272706e+01	1.487496e+01
443           	-2.276790e-01	-1.516530e-01	-7.602593e-02	-6.123052e-17	-4.008433e-03	4.008433e-03	-4.008433e-03	-3.781355e-02	-1.380159e+01	2.147810e+00	-1.272769e+01	1.487550e+01
444           	-2.276669e-01	-1.516487e-01	-7.601823e-02	-6.121467e-17	-4.008220e-03	4.008220e-03	-4.008220e-03	-3.781521e-02	-1.380105e+01	2.147904e+00	-1.272709e+01	1.487500e+01
445           	-2.276797e-01	-1.516534e-01	-7.602635e-02	-6.123046e-17	-4.008446e-03	4.008446e-03	-4.008446e-03	-3.781351e-02	-1.380161e+01	2.147808e+00	-1.272771e+01	1.487551e+01
446           	-2.276672e-01	-1.516488e-01	-7.601843e-02	-6.121423e-17	-4.008226e-03	4.008226e-03	-4.008226e-03	-3.781518e-02	-1.380103e+01	2.147902e+00	-1.272708e+01	1.487498e+01
447           	-2.276794e-01	-1.516532e-01	-7.602617e-02	-6.123024e-17	-4.008440e-03	4.008440e-03	-4.008440e-03	-3.781353e-02	-1.380157e+01	2.147808e+00	-1.272767e+01	1.487547e+01
448           	-2.276665e-01	-1.516485e-01	-7.601804e-02	-6.121436e-17	-4.008213e-03	4.008213e-03	-4.008213e-03	-3.781522e-02	-1.380100e+01	2.147905e+00	-1.272705e+01	1.487495e+01
449           	-2.276787e-01	-1.516529e-01	-7.602578e-02	-6.123045e-17	-4.008428e-03	4.008428e-03	-4.008428e-03	-3.781357e-02	-1.380156e+01	2.147811e+00	-1.272765e+01	1.487547e+01
450           	-2.276662e-01	-1.516484e-01	-7.601785e-02	-6.121466e-17	-4.008209e-03	4.008209e-03	-4.008209e-03	-3.781528e-02	-1.380102e+01	2.147908e+00	-1.272706e+01	1.487497e+01
451           	-2.276792e-01	-1.516532e-01	-7.602605e-02	-6.123050e-17	-4.008437e-03	4.008437e-03	-4.008437e-03	-3.781357e-02	-1.380160e+01	2.147811e+00	-1.272769e+01	1.487550e+01
452           	-2.276672e-01	-1.516488e-01	-7.601839e-02	-6.121411e-17	-4.008225e-03	4.008225e-03	-4.008225e-03	-3.781520e-02	-1.380105e+01	2.147904e+00	-1.272710e+01	1.487500e+01
453           	-2.276800e-01	-1.516535e-01	-7.602650e-02	-6.122986e-17	-4.008450e-03	4.008450e-03	-4.008450e-03	-3.781348e-02	-1.380161e+01	2.147806e+00	-1.272770e+01	1.487551e+01
454           	-2.276674e-01	-1.516488e-01	-7.601853e-02	-6.121361e-17	-4.008228e-03	4.008228e-03	-4.008228e-03	-3.781515e-02	-1.380103e+01	2.147900e+00	-1.272708e+01	1.487498e+01
455           	-2.276794e-01	-1.516532e-01	-7.602623e-02	-6.122954e-17	-4.008441e-03	4.008441e-03	-4.008441e-03	-3.781349e-02	-1.380157e+01	2.147806e+00	-1.272767e+01	1.487548e+01
456           	-2.276666e-01	-1.516485e-01	-7.601808e-02	-6.121395e-17	-4.008214e-03	4.008214e-03	-4.008214e-03	-3.781520e-02	-1.380101e+01	2.147903e+00	-1.272706e+01	1.487496e+01
457           	-2.276791e-01	-1.516531e-01	-7.602600e-02	-6.123028e-17	-4.008434e-03	4.008434e-03	-4.008434e-03	-3.781354e-02	-1.380158e+01	2.147809e+00	-1.272768e+01	1.487549e+01
458           	-2.276668e-01	-1.516486e-01	-7.601819e-02	-6.121449e-17	-4.008218e-03	4.008218e-03	-4.008218e-03	-3.781521e-02	-1.380105e+01	2.147904e+00	-1.272709e+01	1.487500e+01
459           	-2.276796e-01	-1.516533e-01	-7.602627e-02	-6.123056e-17	-4.008444e-03	4.008444e-03	-4.008444e-03	-3.781354e-02	-1.380162e+01	2.147809e+00	-1.272771e+01	1.487552e+01
460           	-2.276675e-01	-1.516489e-01	-7.601857e-02	-6.121445e-17	-4.008231e-03	4.008231e-03	-4.008231e-03	-3.781518e-02	-1.380106e+01	2.147902e+00	-1.272711e+01	1.487501e+01
461           	-2.276801e-01	-1.516535e-01	-7.602654e-02	-6.123022e-17	-4.008452e-03	4.008452e-03	-4.008452e-03	-3.781349e-02	-1.380160e+01	2.147806e+00	-1.272770e+01	1.487551e+01
462           	-2.276671e-01	-1.516488e-01	-7.601837e-02	-6.121436e-17	-4.008224e-03	4.008224e-03	-4.008224e-03	-3.781520e-02	-1.380102e+01	2.147903e+00	-1.272707e+01	1.487497e+01
463           	-2.276791e-01	-1.516531e-01	-7.602600e-02	-6.123051e-17	-4.008435e-03	4.008435e-03	-4.008435e-03	-3.781356e-02	-1.380156e+01	2.147810e+00	-1.272766e+01	1.487547e+01
464           	-2.276662e-01	-1.516484e-01	-7.601784e-02	-6.121474e-17	-4.008209e-03	4.008209e-03	-4.008209e-03	-3.781528e-02	-1.380100e+01	2.147908e+00	-1.272705e+01	1.487496e+01
465           	-2.276789e-01	-1.516531e-01	-7.602583e-02	-6.123104e-17	-4.008431e-03	4.008431e-03	-4.008431e-03	-3.781362e-02	-1.380158e+01	2.147814e+00	-1.272767e+01	1.487549e+01
466           	-2.276670e-01	-1.516488e-01	-7.601822e-02	-6.121503e-17	-4.008221e-03	4.008221e-03	-4.008221e-03	-3.781527e-02	-1.380105e+01	2.147907e+00	-1.272709e+01	1.487500e+01
467           	-2.276799e-01	-1.516535e-01	-7.602637e-02	-6.123062e-17	-4.008448e-03	4.008448e-03	-4.008448e-03	-3.781356e-02	-1.380161e+01	2.147810e+00	-1.272771e+01	1.487552e+01
468           	-2.276674e-01	-1.516489e-01	-7.601849e-02	-6.121430e-17	-4.008230e-03	4.008230e-03	-4.008230e-03	-3.781523e-02	-1.380104e+01	2.147905e+00	-1.272709e+01	1.487500e+01
469           	-2.276800e-01	-1.516535e-01	-7.602645e-02	-6.122994e-17	-4.008450e-03	4.008450e-03	-4.008450e-03	-3.781353e-02	-1.380159e+01	2.147809e+00	-1.272769e+01	1.487549e+01
470           	-2.276672e-01	-1.516488e-01	-7.601838e-02	-6.121390e-17	-4.008225e-03	4.008225e-03	-4.008225e-03	-3.781521e-02	-1.380101e+01	2.147904e+00	-1.272706e+01	1.487497e+01
471           	-2.276792e-01	-1.516532e-01	-7.602605e-02	-6.123018e-17	-4.008437e-03	4.008437e-03	-4.008437e-03	-3.781356e-02	-1.380157e+01	2.147810e+00	-1.272766e+01	1.487547e+01
472           	-2.276666e-01	-1.516486e-01	-7.601802e-02	-6.121447e-17	-4.008214e-03	4.008214e-03	-4.008214e-03	-3.781527e-02	-1.380102e+01	2.147907e+00	-1.272706e+01	1.487497e+01
473           	-2.276793e-01	-1.516532e-01	-7.602607e-02	-6.123060e-17	-4.008438e-03	4.008438e-03	-4.008438e-03	-3.781358e-02	-1.380160e+01	2.147812e+00	-1.272769e+01	1.487550e+01
474           	-2.276672e-01	-1.516489e-01	-7.601837e-02	-6.121474e-17	-4.008226e-03	4.008226e-03	-4.008226e-03	-3.781524e-02	-1.380105e+01	2.147906e+00	-1.272710e+01	1.487501e+01
475           	-2.276801e-01	-1.516536e-01	-7.602648e-02	-6.123052e-17	-4.008452e-03	4.008452e-03	-4.008452e-03	-3.781354e-02	-1.380162e+01	2.147809e+00	-1.272771e+01	1.487552e+01
476           	-2.276675e-01	-1.516490e-01	-7.601856e-02	-6.121429e-17	-4.008231e-03	4.008231e-03	-4.008231e-03	-3.781521e-02	-1.380104e+01	2.147904e+00	-1.272709e+01	1.487499e+01
477           	-2.276797e-01	-1.516534e-01	-7.602630e-02	-6.123029e-17	-4.008445e-03	4.008445e-03	-4.008445e-03	-3.781355e-02	-1.380158e+01	2.147810e+00	-1.272767e+01	1.487548e+01
478           	-2.276668e-01	-1.516487e-01	-7.601816e-02	-6.121442e-17	-4.008219e-03	4.008219e-03	-4.008219e-03	-3.781525e-02	-1.380101e+01	2.147906e+00	-1.272705e+01	1.487496e+01
479           	-2.276790e-01	-1.516531e-01	-7.602590e-02	-6.123050e-17	-4.008433e-03	4.008433e-03	-4.008433e-03	-3.781360e-02	-1.380157e+01	2.147813e+00	-1.272766e+01	1.487547e+01
480           	-2.276665e-01	-1.516486e-01	-7.601797e-02	-6.121471e-17	-4.008214e-03	4.008214e-03	-4.008214e-03	-3.781530e-02	-1.380102e+01	2.147909e+00	-1.272707e+01	1.487498e+01
481           	-2.276795e-01	-1.516534e-01	-7.602617e-02	-6.123054e-17	-4.008442e-03	4.008442e-03	-4.008442e-03	-3.781359e-02	-1.380161e+01	2.147812e+00	-1.272770e+01	1.487551e+01
482           	-2.276675e-01	-1.516490e-01	-7.601850e-02	-6.121415e-17	-4.008230e-03	4.008230e-03	-4.008230e-03	-3.781523e-02	-1.380106e+01	2.147905e+00	-1.272710e+01	1.487501e+01
483           	-2.276802e-01	-1.516536e-01	-7.602661e-02	-6.122989e-17	-4.008455e-03	4.008455e-03	-4.008455e-03	-3.781350e-02	-1.380161e+01	2.147807e+00	-1.272771e+01	1.487552e+01
484           	-2.276676e-01	-1.516490e-01	-7.601864e-02	-6.121364e-17	-4.008233e-03	4.008233e-03	-4.008233e-03	-3.781517e-02	-1.380104e+01	2.147902e+00	-1.272709e+01	1.487499e+01
485           	-2.276797e-01	-1.516534e-01	-7.602634e-02	-6.122958e-17	-4.008445e-03	4.008445e-03	-4.008445e-03	-3.781351e-02	-1.380158e+01	2.147808e+00	-1.272767e+01	1.487548e+01
486           	-2.276668e-01	-1.516486e-01	-7.601819e-02	-6.121398e-17	-4.008219e-03	4.008219e-03	-4.008219e-03	-3.781522e-02	-1.380101e+01	2.147905e+00	-1.272706e+01	1.487497e+01
487           	-2.276793e-01	-1.516532e-01	-7.602610e-02	-6.123030e-17	-4.008439e-03	4.008439e-03	-4.008439e-03	-3.781356e-02	-1.380159e+01	2.147810e+00	-1.272769e+01	1.487550e+01
488           	-2.276670e-01	-1.516488e-01	-7.601829e-02	-6.121451e-17	-4.008223e-03	4.008223e-03	-4.008223e-03	-3.781523e-02	-1.380105e+01	2.147905e+00	-1.272710e+01	1.487500e+01
489           	-2.276799e-01	-1.516535e-01	-7.602637e-02	-6.123059e-17	-4.008448e-03	4.008448e-03	-4.008448e-03	-3.781356e-02	-1.380162e+01	2.147810e+00	-1.272772e+01	1.487553e+01
490           	-2.276677e-01	-1.516491e-01	-7.601866e-02	-6.121447e-17	-4.008235e-03	4.008235e-03	-4.008235e-03	-3.781520e-02	-1.380107e+01	2.147903e+00	-1.272712e+01	1.487502e+01
491           	-2.276803e-01	-1.516537e-01	-7.602664e-02	-6.123024e-17	-4.008456e-03	4.008456e-03	-4.008456e-03	-3.781351e-02	-1.380161e+01	2.147807e+00	-1.272771e+01	1.487551e+01
492           	-2.276674e-01	-1.516489e-01	-7.601846e-02	-6.121437e-17	-4.008228e-03	4.008228e-03	-4.008228e-03	-3.781522e-02	-1.380102e+01	2.147904e+00	-1.272707e+01	1.487498e+01
493           	-2.276793e-01	-1.516532e-01	-7.602609e-02	-6.123053e-17	-4.008439e-03	4.008439e-03	-4.008439e-03	-3.781358e-02	-1.380157e+01	2.147811e+00	-1.272766e+01	1.487547e+01
494           	-2.276665e-01	-1.516485e-01	-7.601793e-02	-6.121475e-17	-4.008212e-03	4.008212e-03	-4.008212e-03	-3.781530e-02	-1.380101e+01	2.147909e+00	-1.272705e+01	1.487496e+01
495           	-2.276791e-01	-1.516532e-01	-7.602591e-02	-6.123105e-17	-4.008435e-03	4.008435e-03	-4.008435e-03	-3.781364e-02	-1.380159e+01	2.147815e+00	-1.272768e+01	1.487549e+01
496           	-2.276672e-01	-1.516489e-01	-7.601830e-02	-6.121504e-17	-4.008225e-03	4.008225e-03	-4.008225e-03	-3.781528e-02	-1.380105e+01	2.147908e+00	-1.272710e+01	1.487500e+01
497           	-2.276800e-01	-1.516536e-01	-7.602645e-02	-6.123063e-17	-4.008452e-03	4.008452e-03	-4.008452e-03	-3.781357e-02	-1.380162e+01	2.147811e+00	-1.272771e+01	1.487552e+01
498           	-2.276676e-01	-1.516491e-01	-7.601857e-02	-6.121430e-17	-4.008233e-03	4.008233e-03	-4.008233e-03	-3.781524e-02	-1.380105e+01	2.147906e+00	-1.272710e+01	1.487500e+01
499           	-2.276801e-01	-1.516536e-01	-7.602652e-02	-6.122994e-17	-4.008453e-03	4.008453e-03	-4.008453e-03	-3.781355e-02	-1.380159e+01	2.147810e+00	-1.272769e+01	1.487550e+01
500           	-2.276673e-01	-1.516489e-01	-7.601845e-02	-6.121390e-17	-4.008228e-03	4.008228e-03	-4.008228e-03	-3.781522e-02	-1.380102e+01	2.147904e+00	-1.272707e+01	1.487497e+01
