/*--------------------------------*- C++ -*----------------------------------*\
| =========                 |                                                 |
| \\      /  F ield         | OpenFOAM: The Open Source CFD Toolbox           |
|  \\    /   O peration     | Version:  2206                                  |
|   \\  /    A nd           | Website:  www.openfoam.com                      |
|    \\/     M anipulation  |                                                 |
\*---------------------------------------------------------------------------*/
FoamFile
{
    version     2.0;
    format      ascii;
    arch        "LSB;label=32;scalar=64";
    note        "nPoints:6200  nCells:5028  nFaces:16195  nInternalFaces:13930";
    class       labelList;
    location    "constant/polyMesh";
    object      neighbour;
}
// * * * * * * * * * * * * * * * * * * * * * * * * * * * * * * * * * * * * * //


13930
(
1
4
878
4503
3
4508
4801
3
879
4525
4529
4802
5
880
4694
4699
4803
4809
17
19
81
89
924
925
928
929
931
932
935
936
5021
5022
5023
21
24
26
100
978
979
982
983
985
986
989
990
28
31
33
111
1032
1033
1036
1037
1039
1040
1043
1044
35
38
40
122
1086
1087
1090
1091
1093
1094
1097
1098
42
45
47
133
1140
1141
1144
1145
1147
1148
1151
1152
49
52
54
144
1194
1195
1198
1199
1201
1202
1205
1206
56
59
61
155
1248
1249
1252
1253
1255
1256
1259
1260
63
66
68
166
1302
1303
1306
1307
1309
1310
1313
1314
70
73
75
177
1356
1357
1360
1361
1363
1364
1367
1368
17
19
78
191
1417
1418
1421
1423
1424
1425
1428
1430
5000
5001
5002
18
20
22
200
1471
1472
1476
1477
1478
1479
1483
1484
79
209
1513
1514
1517
1519
1520
1521
1524
1525
5007
5008
5009
21
24
218
1567
1568
1571
1573
1574
1575
1579
1580
80
229
1615
1616
1619
1621
1622
1623
1626
1627
5014
5015
5016
21
26
238
1669
1670
1673
1675
1676
1677
1681
1682
251
1729
1730
1733
1734
1736
1737
1740
1741
24
26
268
1795
1796
1799
1801
1802
1803
1806
1808
25
27
29
277
1849
1850
1854
1855
1856
1857
1861
1862
286
1891
1892
1896
1897
1898
1899
1902
1903
28
31
295
1945
1946
1949
1951
1952
1953
1957
1958
306
1993
1994
1998
1999
2000
2001
2004
2005
28
33
315
2047
2048
2051
2053
2054
2055
2059
2060
328
2107
2108
2111
2112
2114
2115
2118
2119
31
33
345
2173
2174
2177
2179
2180
2181
2184
2186
32
34
36
354
2227
2228
2232
2233
2234
2235
2239
2240
363
2269
2270
2274
2275
2276
2277
2280
2281
35
38
372
2323
2324
2327
2329
2330
2331
2335
2336
383
2371
2372
2376
2377
2378
2379
2382
2383
35
40
392
2425
2426
2429
2431
2432
2433
2437
2438
405
2485
2486
2489
2490
2492
2493
2496
2497
38
40
422
2551
2552
2555
2557
2558
2559
2562
2564
39
41
43
431
2605
2606
2610
2611
2612
2613
2617
2618
440
2647
2648
2652
2653
2654
2655
2658
2659
42
45
449
2701
2702
2705
2707
2708
2709
2713
2714
460
2749
2750
2754
2755
2756
2757
2760
2761
42
47
469
2803
2804
2807
2809
2810
2811
2815
2816
482
2863
2864
2867
2868
2870
2871
2874
2875
45
47
499
2929
2930
2933
2935
2936
2937
2940
2942
46
48
50
508
2983
2984
2988
2989
2990
2991
2995
2996
517
3025
3026
3030
3031
3032
3033
3036
3037
49
52
526
3079
3080
3083
3085
3086
3087
3091
3092
537
3127
3128
3132
3133
3134
3135
3138
3139
49
54
546
3181
3182
3185
3187
3188
3189
3193
3194
559
3241
3242
3245
3246
3248
3249
3252
3253
52
54
576
3307
3308
3311
3313
3314
3315
3318
3320
53
55
57
585
3361
3362
3366
3367
3368
3369
3373
3374
594
3403
3404
3408
3409
3410
3411
3414
3415
56
59
603
3457
3458
3461
3463
3464
3465
3469
3470
614
3505
3506
3510
3511
3512
3513
3516
3517
56
61
623
3559
3560
3563
3565
3566
3567
3571
3572
636
3619
3620
3623
3624
3626
3627
3630
3631
59
61
653
3685
3686
3689
3691
3692
3693
3696
3698
60
62
64
662
3739
3740
3744
3745
3746
3747
3751
3752
671
3781
3782
3786
3787
3788
3789
3792
3793
63
66
680
3835
3836
3839
3841
3842
3843
3847
3848
691
3883
3884
3888
3889
3890
3891
3894
3895
63
68
700
3937
3938
3941
3943
3944
3945
3949
3950
713
3997
3998
4001
4002
4004
4005
4008
4009
66
68
730
4063
4064
4067
4069
4070
4071
4074
4076
67
69
71
739
4117
4118
4122
4123
4124
4125
4129
4130
748
4159
4160
4164
4165
4166
4167
4170
4171
70
73
757
4213
4214
4217
4219
4220
4221
4225
4226
768
4261
4262
4266
4267
4268
4269
4272
4273
70
75
777
4315
4316
4319
4321
4322
4323
4327
4328
790
4375
4376
4379
4380
4382
4383
4386
4387
73
75
807
4441
4442
4445
4447
4448
4449
4452
4454
74
76
816
4495
4496
4500
4501
4502
4503
4507
4508
825
4537
4538
4542
4543
4544
4545
4548
4549
77
834
4591
4592
4595
4597
4598
4599
4603
4604
845
4639
4640
4644
4645
4646
4647
4650
4651
77
854
4693
4694
4697
4699
4700
4701
4705
4706
867
4753
4754
4757
4758
4760
4761
4764
4765
79
80
5000
5001
5004
81
5007
5008
5011
81
5014
5015
5018
5021
5022
5025
184
207
890
905
906
185
211
216
908
909
186
227
895
911
912
187
231
236
914
915
250
918
919
920
208
246
900
925
926
927
228
248
901
932
933
934
209
229
251
945
948
949
951
952
955
956
958
902
939
940
941
212
247
254
946
947
948
232
249
255
953
954
955
215
261
284
959
960
262
288
293
962
963
235
263
304
965
966
264
308
313
968
969
327
972
973
974
252
285
323
979
980
981
253
305
325
986
987
988
286
306
328
999
1002
1003
1005
1006
1009
1010
1012
256
993
994
995
289
324
331
1000
1001
1002
309
326
332
1007
1008
1009
292
338
361
1013
1014
339
365
370
1016
1017
312
340
381
1019
1020
341
385
390
1022
1023
404
1026
1027
1028
329
362
400
1033
1034
1035
330
382
402
1040
1041
1042
363
383
405
1053
1056
1057
1059
1060
1063
1064
1066
333
1047
1048
1049
366
401
408
1054
1055
1056
386
403
409
1061
1062
1063
369
415
438
1067
1068
416
442
447
1070
1071
389
417
458
1073
1074
418
462
467
1076
1077
481
1080
1081
1082
406
439
477
1087
1088
1089
407
459
479
1094
1095
1096
440
460
482
1107
1110
1111
1113
1114
1117
1118
1120
410
1101
1102
1103
443
478
485
1108
1109
1110
463
480
486
1115
1116
1117
446
492
515
1121
1122
493
519
524
1124
1125
466
494
535
1127
1128
495
539
544
1130
1131
558
1134
1135
1136
483
516
554
1141
1142
1143
484
536
556
1148
1149
1150
517
537
559
1161
1164
1165
1167
1168
1171
1172
1174
487
1155
1156
1157
520
555
562
1162
1163
1164
540
557
563
1169
1170
1171
523
569
592
1175
1176
570
596
601
1178
1179
543
571
612
1181
1182
572
616
621
1184
1185
635
1188
1189
1190
560
593
631
1195
1196
1197
561
613
633
1202
1203
1204
594
614
636
1215
1218
1219
1221
1222
1225
1226
1228
564
1209
1210
1211
597
632
639
1216
1217
1218
617
634
640
1223
1224
1225
600
646
669
1229
1230
647
673
678
1232
1233
620
648
689
1235
1236
649
693
698
1238
1239
712
1242
1243
1244
637
670
708
1249
1250
1251
638
690
710
1256
1257
1258
671
691
713
1269
1272
1273
1275
1276
1279
1280
1282
641
1263
1264
1265
674
709
716
1270
1271
1272
694
711
717
1277
1278
1279
677
723
746
1283
1284
724
750
755
1286
1287
697
725
766
1289
1290
726
770
775
1292
1293
789
1296
1297
1298
714
747
785
1303
1304
1305
715
767
787
1310
1311
1312
748
768
790
1323
1326
1327
1329
1330
1333
1334
1336
718
1317
1318
1319
751
786
793
1324
1325
1326
771
788
794
1331
1332
1333
754
800
823
1337
1338
801
827
832
1340
1341
774
802
843
1343
1344
803
847
852
1346
1347
866
1350
1351
1352
791
824
862
1357
1358
1359
792
844
864
1364
1365
1366
825
845
867
1377
1380
1381
1383
1384
1387
1388
1390
795
1371
1372
1373
828
863
870
1378
1379
1380
848
865
871
1385
1386
1387
851
877
880
1391
869
881
884
1392
1393
872
1395
1396
189
885
1398
1399
193
196
1401
1402
190
886
1404
1405
194
198
1407
1408
199
1411
1412
1413
207
887
1418
1419
1420
227
888
1425
1426
1427
200
209
229
1438
1441
1443
1444
1445
1448
1450
1451
889
1432
1433
1434
203
211
1439
1440
1441
204
231
1446
1447
1448
201
215
261
1452
1453
203
216
1455
1456
202
235
263
1458
1459
204
236
1461
1462
1465
1466
1467
218
238
1485
1487
1489
1491
1492
1494
1496
1498
219
266
1472
1473
1474
239
267
1479
1480
1481
221
1486
1487
1488
241
1493
1494
1495
269
1500
1501
1502
217
1507
1508
1509
891
1514
1515
1516
213
892
1521
1522
1523
218
1534
1537
1539
1540
1541
1544
1545
1547
893
1528
1529
1530
221
1535
1536
1537
214
222
1542
1543
1544
246
894
1548
1549
225
247
1551
1552
219
1554
1555
221
1557
1558
1561
1562
1563
251
1581
1583
1585
1586
1588
1590
1592
1594
284
1568
1569
1570
224
252
285
1575
1576
1577
1582
1583
1584
225
254
1589
1590
1591
287
1596
1597
1598
257
290
1602
1603
258
1605
1606
237
1609
1610
1611
896
1616
1617
1618
233
897
1623
1624
1625
238
1636
1639
1641
1642
1643
1646
1647
1649
898
1630
1631
1632
241
1637
1638
1639
234
242
1644
1645
1646
248
899
1650
1651
245
249
1653
1654
239
1656
1657
241
1659
1660
1663
1664
1665
251
1683
1685
1687
1688
1690
1692
1694
1696
304
1670
1671
1672
244
253
305
1677
1678
1679
1684
1685
1686
245
255
1691
1692
1693
307
1698
1699
1700
259
310
1704
1705
260
1707
1708
903
1710
1711
258
1713
1714
904
1716
1717
260
1719
1720
1723
1724
1725
1743
1745
1747
1748
1750
1752
1754
1755
257
1730
1731
1732
259
1737
1738
1739
258
1744
1745
1746
260
1751
1752
1753
1758
1759
1760
323
1764
1765
1767
1768
325
1770
1771
1773
1774
266
1776
1777
270
273
1779
1780
267
1782
1783
271
275
1785
1786
276
1789
1790
1791
284
1796
1797
1798
304
1803
1804
1805
277
286
306
1816
1819
1821
1822
1823
1826
1828
1829
1810
1811
1812
280
288
1817
1818
1819
281
308
1824
1825
1826
278
292
338
1830
1831
280
293
1833
1834
279
312
340
1836
1837
281
313
1839
1840
1843
1844
1845
295
315
1863
1865
1867
1869
1870
1872
1874
1876
296
343
1850
1851
1852
316
344
1857
1858
1859
298
1864
1865
1866
318
1871
1872
1873
346
1878
1879
1880
294
1885
1886
1887
1892
1893
1894
290
1899
1900
1901
295
1912
1915
1917
1918
1919
1922
1923
1925
1906
1907
1908
298
1913
1914
1915
291
299
1920
1921
1922
323
1926
1927
302
324
1929
1930
296
1932
1933
298
1935
1936
1939
1940
1941
328
1959
1961
1963
1964
1966
1968
1970
1972
361
1946
1947
1948
301
329
362
1953
1954
1955
1960
1961
1962
302
331
1967
1968
1969
364
1974
1975
1976
334
367
1980
1981
335
1983
1984
314
1987
1988
1989
1994
1995
1996
310
2001
2002
2003
315
2014
2017
2019
2020
2021
2024
2025
2027
2008
2009
2010
318
2015
2016
2017
311
319
2022
2023
2024
325
2028
2029
322
326
2031
2032
316
2034
2035
318
2037
2038
2041
2042
2043
328
2061
2063
2065
2066
2068
2070
2072
2074
381
2048
2049
2050
321
330
382
2055
2056
2057
2062
2063
2064
322
332
2069
2070
2071
384
2076
2077
2078
336
387
2082
2083
337
2085
2086
2088
2089
335
2091
2092
2094
2095
337
2097
2098
2101
2102
2103
2121
2123
2125
2126
2128
2130
2132
2133
334
2108
2109
2110
336
2115
2116
2117
335
2122
2123
2124
337
2129
2130
2131
2136
2137
2138
400
2142
2143
2145
2146
402
2148
2149
2151
2152
343
2154
2155
347
350
2157
2158
344
2160
2161
348
352
2163
2164
353
2167
2168
2169
361
2174
2175
2176
381
2181
2182
2183
354
363
383
2194
2197
2199
2200
2201
2204
2206
2207
2188
2189
2190
357
365
2195
2196
2197
358
385
2202
2203
2204
355
369
415
2208
2209
357
370
2211
2212
356
389
417
2214
2215
358
390
2217
2218
2221
2222
2223
372
392
2241
2243
2245
2247
2248
2250
2252
2254
373
420
2228
2229
2230
393
421
2235
2236
2237
375
2242
2243
2244
395
2249
2250
2251
423
2256
2257
2258
371
2263
2264
2265
2270
2271
2272
367
2277
2278
2279
372
2290
2293
2295
2296
2297
2300
2301
2303
2284
2285
2286
375
2291
2292
2293
368
376
2298
2299
2300
400
2304
2305
379
401
2307
2308
373
2310
2311
375
2313
2314
2317
2318
2319
405
2337
2339
2341
2342
2344
2346
2348
2350
438
2324
2325
2326
378
406
439
2331
2332
2333
2338
2339
2340
379
408
2345
2346
2347
441
2352
2353
2354
411
444
2358
2359
412
2361
2362
391
2365
2366
2367
2372
2373
2374
387
2379
2380
2381
392
2392
2395
2397
2398
2399
2402
2403
2405
2386
2387
2388
395
2393
2394
2395
388
396
2400
2401
2402
402
2406
2407
399
403
2409
2410
393
2412
2413
395
2415
2416
2419
2420
2421
405
2439
2441
2443
2444
2446
2448
2450
2452
458
2426
2427
2428
398
407
459
2433
2434
2435
2440
2441
2442
399
409
2447
2448
2449
461
2454
2455
2456
413
464
2460
2461
414
2463
2464
2466
2467
412
2469
2470
2472
2473
414
2475
2476
2479
2480
2481
2499
2501
2503
2504
2506
2508
2510
2511
411
2486
2487
2488
413
2493
2494
2495
412
2500
2501
2502
414
2507
2508
2509
2514
2515
2516
477
2520
2521
2523
2524
479
2526
2527
2529
2530
420
2532
2533
424
427
2535
2536
421
2538
2539
425
429
2541
2542
430
2545
2546
2547
438
2552
2553
2554
458
2559
2560
2561
431
440
460
2572
2575
2577
2578
2579
2582
2584
2585
2566
2567
2568
434
442
2573
2574
2575
435
462
2580
2581
2582
432
446
492
2586
2587
434
447
2589
2590
433
466
494
2592
2593
435
467
2595
2596
2599
2600
2601
449
469
2619
2621
2623
2625
2626
2628
2630
2632
450
497
2606
2607
2608
470
498
2613
2614
2615
452
2620
2621
2622
472
2627
2628
2629
500
2634
2635
2636
448
2641
2642
2643
2648
2649
2650
444
2655
2656
2657
449
2668
2671
2673
2674
2675
2678
2679
2681
2662
2663
2664
452
2669
2670
2671
445
453
2676
2677
2678
477
2682
2683
456
478
2685
2686
450
2688
2689
452
2691
2692
2695
2696
2697
482
2715
2717
2719
2720
2722
2724
2726
2728
515
2702
2703
2704
455
483
516
2709
2710
2711
2716
2717
2718
456
485
2723
2724
2725
518
2730
2731
2732
488
521
2736
2737
489
2739
2740
468
2743
2744
2745
2750
2751
2752
464
2757
2758
2759
469
2770
2773
2775
2776
2777
2780
2781
2783
2764
2765
2766
472
2771
2772
2773
465
473
2778
2779
2780
479
2784
2785
476
480
2787
2788
470
2790
2791
472
2793
2794
2797
2798
2799
482
2817
2819
2821
2822
2824
2826
2828
2830
535
2804
2805
2806
475
484
536
2811
2812
2813
2818
2819
2820
476
486
2825
2826
2827
538
2832
2833
2834
490
541
2838
2839
491
2841
2842
2844
2845
489
2847
2848
2850
2851
491
2853
2854
2857
2858
2859
2877
2879
2881
2882
2884
2886
2888
2889
488
2864
2865
2866
490
2871
2872
2873
489
2878
2879
2880
491
2885
2886
2887
2892
2893
2894
554
2898
2899
2901
2902
556
2904
2905
2907
2908
497
2910
2911
501
504
2913
2914
498
2916
2917
502
506
2919
2920
507
2923
2924
2925
515
2930
2931
2932
535
2937
2938
2939
508
517
537
2950
2953
2955
2956
2957
2960
2962
2963
2944
2945
2946
511
519
2951
2952
2953
512
539
2958
2959
2960
509
523
569
2964
2965
511
524
2967
2968
510
543
571
2970
2971
512
544
2973
2974
2977
2978
2979
526
546
2997
2999
3001
3003
3004
3006
3008
3010
527
574
2984
2985
2986
547
575
2991
2992
2993
529
2998
2999
3000
549
3005
3006
3007
577
3012
3013
3014
525
3019
3020
3021
3026
3027
3028
521
3033
3034
3035
526
3046
3049
3051
3052
3053
3056
3057
3059
3040
3041
3042
529
3047
3048
3049
522
530
3054
3055
3056
554
3060
3061
533
555
3063
3064
527
3066
3067
529
3069
3070
3073
3074
3075
559
3093
3095
3097
3098
3100
3102
3104
3106
592
3080
3081
3082
532
560
593
3087
3088
3089
3094
3095
3096
533
562
3101
3102
3103
595
3108
3109
3110
565
598
3114
3115
566
3117
3118
545
3121
3122
3123
3128
3129
3130
541
3135
3136
3137
546
3148
3151
3153
3154
3155
3158
3159
3161
3142
3143
3144
549
3149
3150
3151
542
550
3156
3157
3158
556
3162
3163
553
557
3165
3166
547
3168
3169
549
3171
3172
3175
3176
3177
559
3195
3197
3199
3200
3202
3204
3206
3208
612
3182
3183
3184
552
561
613
3189
3190
3191
3196
3197
3198
553
563
3203
3204
3205
615
3210
3211
3212
567
618
3216
3217
568
3219
3220
3222
3223
566
3225
3226
3228
3229
568
3231
3232
3235
3236
3237
3255
3257
3259
3260
3262
3264
3266
3267
565
3242
3243
3244
567
3249
3250
3251
566
3256
3257
3258
568
3263
3264
3265
3270
3271
3272
631
3276
3277
3279
3280
633
3282
3283
3285
3286
574
3288
3289
578
581
3291
3292
575
3294
3295
579
583
3297
3298
584
3301
3302
3303
592
3308
3309
3310
612
3315
3316
3317
585
594
614
3328
3331
3333
3334
3335
3338
3340
3341
3322
3323
3324
588
596
3329
3330
3331
589
616
3336
3337
3338
586
600
646
3342
3343
588
601
3345
3346
587
620
648
3348
3349
589
621
3351
3352
3355
3356
3357
603
623
3375
3377
3379
3381
3382
3384
3386
3388
604
651
3362
3363
3364
624
652
3369
3370
3371
606
3376
3377
3378
626
3383
3384
3385
654
3390
3391
3392
602
3397
3398
3399
3404
3405
3406
598
3411
3412
3413
603
3424
3427
3429
3430
3431
3434
3435
3437
3418
3419
3420
606
3425
3426
3427
599
607
3432
3433
3434
631
3438
3439
610
632
3441
3442
604
3444
3445
606
3447
3448
3451
3452
3453
636
3471
3473
3475
3476
3478
3480
3482
3484
669
3458
3459
3460
609
637
670
3465
3466
3467
3472
3473
3474
610
639
3479
3480
3481
672
3486
3487
3488
642
675
3492
3493
643
3495
3496
622
3499
3500
3501
3506
3507
3508
618
3513
3514
3515
623
3526
3529
3531
3532
3533
3536
3537
3539
3520
3521
3522
626
3527
3528
3529
619
627
3534
3535
3536
633
3540
3541
630
634
3543
3544
624
3546
3547
626
3549
3550
3553
3554
3555
636
3573
3575
3577
3578
3580
3582
3584
3586
689
3560
3561
3562
629
638
690
3567
3568
3569
3574
3575
3576
630
640
3581
3582
3583
692
3588
3589
3590
644
695
3594
3595
645
3597
3598
3600
3601
643
3603
3604
3606
3607
645
3609
3610
3613
3614
3615
3633
3635
3637
3638
3640
3642
3644
3645
642
3620
3621
3622
644
3627
3628
3629
643
3634
3635
3636
645
3641
3642
3643
3648
3649
3650
708
3654
3655
3657
3658
710
3660
3661
3663
3664
651
3666
3667
655
658
3669
3670
652
3672
3673
656
660
3675
3676
661
3679
3680
3681
669
3686
3687
3688
689
3693
3694
3695
662
671
691
3706
3709
3711
3712
3713
3716
3718
3719
3700
3701
3702
665
673
3707
3708
3709
666
693
3714
3715
3716
663
677
723
3720
3721
665
678
3723
3724
664
697
725
3726
3727
666
698
3729
3730
3733
3734
3735
680
700
3753
3755
3757
3759
3760
3762
3764
3766
681
728
3740
3741
3742
701
729
3747
3748
3749
683
3754
3755
3756
703
3761
3762
3763
731
3768
3769
3770
679
3775
3776
3777
3782
3783
3784
675
3789
3790
3791
680
3802
3805
3807
3808
3809
3812
3813
3815
3796
3797
3798
683
3803
3804
3805
676
684
3810
3811
3812
708
3816
3817
687
709
3819
3820
681
3822
3823
683
3825
3826
3829
3830
3831
713
3849
3851
3853
3854
3856
3858
3860
3862
746
3836
3837
3838
686
714
747
3843
3844
3845
3850
3851
3852
687
716
3857
3858
3859
749
3864
3865
3866
719
752
3870
3871
720
3873
3874
699
3877
3878
3879
3884
3885
3886
695
3891
3892
3893
700
3904
3907
3909
3910
3911
3914
3915
3917
3898
3899
3900
703
3905
3906
3907
696
704
3912
3913
3914
710
3918
3919
707
711
3921
3922
701
3924
3925
703
3927
3928
3931
3932
3933
713
3951
3953
3955
3956
3958
3960
3962
3964
766
3938
3939
3940
706
715
767
3945
3946
3947
3952
3953
3954
707
717
3959
3960
3961
769
3966
3967
3968
721
772
3972
3973
722
3975
3976
3978
3979
720
3981
3982
3984
3985
722
3987
3988
3991
3992
3993
4011
4013
4015
4016
4018
4020
4022
4023
719
3998
3999
4000
721
4005
4006
4007
720
4012
4013
4014
722
4019
4020
4021
4026
4027
4028
785
4032
4033
4035
4036
787
4038
4039
4041
4042
728
4044
4045
732
735
4047
4048
729
4050
4051
733
737
4053
4054
738
4057
4058
4059
746
4064
4065
4066
766
4071
4072
4073
739
748
768
4084
4087
4089
4090
4091
4094
4096
4097
4078
4079
4080
742
750
4085
4086
4087
743
770
4092
4093
4094
740
754
800
4098
4099
742
755
4101
4102
741
774
802
4104
4105
743
775
4107
4108
4111
4112
4113
757
777
4131
4133
4135
4137
4138
4140
4142
4144
758
805
4118
4119
4120
778
806
4125
4126
4127
760
4132
4133
4134
780
4139
4140
4141
808
4146
4147
4148
756
4153
4154
4155
4160
4161
4162
752
4167
4168
4169
757
4180
4183
4185
4186
4187
4190
4191
4193
4174
4175
4176
760
4181
4182
4183
753
761
4188
4189
4190
785
4194
4195
764
786
4197
4198
758
4200
4201
760
4203
4204
4207
4208
4209
790
4227
4229
4231
4232
4234
4236
4238
4240
823
4214
4215
4216
763
791
824
4221
4222
4223
4228
4229
4230
764
793
4235
4236
4237
826
4242
4243
4244
796
829
4248
4249
797
4251
4252
776
4255
4256
4257
4262
4263
4264
772
4269
4270
4271
777
4282
4285
4287
4288
4289
4292
4293
4295
4276
4277
4278
780
4283
4284
4285
773
781
4290
4291
4292
787
4296
4297
784
788
4299
4300
778
4302
4303
780
4305
4306
4309
4310
4311
790
4329
4331
4333
4334
4336
4338
4340
4342
843
4316
4317
4318
783
792
844
4323
4324
4325
4330
4331
4332
784
794
4337
4338
4339
846
4344
4345
4346
798
849
4350
4351
799
4353
4354
4356
4357
797
4359
4360
4362
4363
799
4365
4366
4369
4370
4371
4389
4391
4393
4394
4396
4398
4400
4401
796
4376
4377
4378
798
4383
4384
4385
797
4390
4391
4392
799
4397
4398
4399
4404
4405
4406
862
4410
4411
4413
4414
864
4416
4417
4419
4420
805
4422
4423
809
812
4425
4426
806
4428
4429
810
814
4431
4432
815
4435
4436
4437
823
4442
4443
4444
843
4449
4450
4451
816
825
845
4462
4465
4467
4468
4469
4472
4474
4475
4456
4457
4458
819
827
4463
4464
4465
820
847
4470
4471
4472
817
831
4476
4477
819
832
4479
4480
818
851
877
4482
4483
820
852
4485
4486
4489
4490
4491
834
854
4509
4511
4513
4515
4516
4518
4520
4522
835
4496
4497
4498
855
878
4503
4504
4505
837
4510
4511
4512
857
4517
4518
4519
879
4524
4525
4526
833
4531
4532
4533
4538
4539
4540
829
4545
4546
4547
834
4558
4561
4563
4564
4565
4568
4569
4571
4552
4553
4554
837
4559
4560
4561
830
838
4566
4567
4568
862
4572
4573
841
863
4575
4576
835
4578
4579
837
4581
4582
4585
4586
4587
867
4605
4607
4609
4610
4612
4614
4616
4618
4592
4593
4594
840
868
4599
4600
4601
4606
4607
4608
841
870
4613
4614
4615
4620
4621
4622
873
4626
4627
874
4629
4630
853
4633
4634
4635
4640
4641
4642
849
4647
4648
4649
854
4660
4663
4665
4666
4667
4670
4671
4673
4654
4655
4656
857
4661
4662
4663
850
858
4668
4669
4670
864
4674
4675
861
865
4677
4678
855
4680
4681
857
4683
4684
4687
4688
4689
867
4707
4709
4711
4712
4714
4716
4718
4720
880
4694
4695
4696
860
869
881
4701
4702
4703
4708
4709
4710
861
871
4715
4716
4717
882
4722
4723
4724
875
883
4728
4729
876
4731
4732
4734
4735
874
4737
4738
4740
4741
876
4743
4744
4747
4748
4749
4767
4769
4771
4772
4774
4776
4778
4779
873
4754
4755
4756
875
4761
4762
4763
874
4768
4769
4770
876
4775
4776
4777
4782
4783
4784
4788
4789
4791
4792
884
4794
4795
4797
4798
878
4800
880
4801
4802
4803
883
4804
4805
4807
4808
884
4810
4811
887
890
4812
4813
888
895
4817
4818
891
4822
4823
4826
896
4829
4830
4833
4836
4837
4840
891
4859
4860
4864
4865
4868
894
900
4871
4872
4875
4878
4879
4882
903
4901
4902
896
4906
4907
4911
4912
4915
899
901
4918
4919
4922
4925
4926
4929
904
4948
4949
903
4953
4954
4957
904
4960
4961
4964
4967
4968
4971
4990
4991
4995
4996
907
1515
4859
907
909
1399
1516
910
1518
910
1535
1557
910
1402
1536
1538
913
1617
4906
913
915
1405
1618
916
1620
916
1637
1659
916
1408
1638
1640
921
922
923
938
945
952
921
922
939
921
923
946
1723
922
923
953
1724
943
950
944
957
951
958
1726
928
929
930
938
945
928
929
1521
4953
928
930
940
1710
4954
929
930
947
1523
1711
942
4955
949
1525
943
950
1712
935
936
937
938
952
935
936
1623
4960
935
937
941
1716
4961
936
937
954
1625
1717
942
4962
956
1627
944
957
1718
942
943
944
943
944
942
943
4967
942
944
4968
4969
949
950
951
950
951
1713
1744
949
950
1543
1714
949
951
1544
1745
1545
1715
1747
956
957
958
957
958
1719
1751
956
957
1645
1720
956
958
1646
1752
1647
1721
1754
961
1555
1893
961
963
1777
1894
964
1895
964
1913
1935
964
1780
1914
1916
967
1657
1995
967
969
1783
1996
970
1997
970
2015
2037
970
1786
2016
2018
975
976
977
992
999
1006
975
976
993
975
977
1000
2101
976
977
1007
2102
997
1004
998
1011
1005
1012
2104
982
983
984
992
999
982
983
1730
1899
982
984
994
1732
2088
983
984
1001
1901
2089
996
1733
1003
1902
997
1004
2090
989
990
991
992
1006
989
990
1737
2001
989
991
995
1739
2094
990
991
1008
2003
2095
996
1740
1010
2004
998
1011
2096
996
997
998
997
998
996
997
1759
996
998
1760
1761
1003
1004
1005
1004
1005
2091
2122
1003
1004
1921
2092
1003
1005
1922
2123
1923
2093
2125
1010
1011
1012
1011
1012
2097
2129
1010
1011
2023
2098
1010
1012
2024
2130
2025
2099
2132
1015
1933
2271
1015
1017
2155
2272
1018
2273
1018
2291
2313
1018
2158
2292
2294
1021
2035
2373
1021
1023
2161
2374
1024
2375
1024
2393
2415
1024
2164
2394
2396
1029
1030
1031
1046
1053
1060
1029
1030
1047
1029
1031
1054
2479
1030
1031
1061
2480
1051
1058
1052
1065
1059
1066
2482
1036
1037
1038
1046
1053
1036
1037
2108
2277
1036
1038
1048
2110
2466
1037
1038
1055
2279
2467
1050
2111
1057
2280
1051
1058
2468
1043
1044
1045
1046
1060
1043
1044
2115
2379
1043
1045
1049
2117
2472
1044
1045
1062
2381
2473
1050
2118
1064
2382
1052
1065
2474
1050
1051
1052
1051
1052
1050
1051
2137
1050
1052
2138
2139
1057
1058
1059
1058
1059
2469
2500
1057
1058
2299
2470
1057
1059
2300
2501
2301
2471
2503
1064
1065
1066
1065
1066
2475
2507
1064
1065
2401
2476
1064
1066
2402
2508
2403
2477
2510
1069
2311
2649
1069
1071
2533
2650
1072
2651
1072
2669
2691
1072
2536
2670
2672
1075
2413
2751
1075
1077
2539
2752
1078
2753
1078
2771
2793
1078
2542
2772
2774
1083
1084
1085
1100
1107
1114
1083
1084
1101
1083
1085
1108
2857
1084
1085
1115
2858
1105
1112
1106
1119
1113
1120
2860
1090
1091
1092
1100
1107
1090
1091
2486
2655
1090
1092
1102
2488
2844
1091
1092
1109
2657
2845
1104
2489
1111
2658
1105
1112
2846
1097
1098
1099
1100
1114
1097
1098
2493
2757
1097
1099
1103
2495
2850
1098
1099
1116
2759
2851
1104
2496
1118
2760
1106
1119
2852
1104
1105
1106
1105
1106
1104
1105
2515
1104
1106
2516
2517
1111
1112
1113
1112
1113
2847
2878
1111
1112
2677
2848
1111
1113
2678
2879
2679
2849
2881
1118
1119
1120
1119
1120
2853
2885
1118
1119
2779
2854
1118
1120
2780
2886
2781
2855
2888
1123
2689
3027
1123
1125
2911
3028
1126
3029
1126
3047
3069
1126
2914
3048
3050
1129
2791
3129
1129
1131
2917
3130
1132
3131
1132
3149
3171
1132
2920
3150
3152
1137
1138
1139
1154
1161
1168
1137
1138
1155
1137
1139
1162
3235
1138
1139
1169
3236
1159
1166
1160
1173
1167
1174
3238
1144
1145
1146
1154
1161
1144
1145
2864
3033
1144
1146
1156
2866
3222
1145
1146
1163
3035
3223
1158
2867
1165
3036
1159
1166
3224
1151
1152
1153
1154
1168
1151
1152
2871
3135
1151
1153
1157
2873
3228
1152
1153
1170
3137
3229
1158
2874
1172
3138
1160
1173
3230
1158
1159
1160
1159
1160
1158
1159
2893
1158
1160
2894
2895
1165
1166
1167
1166
1167
3225
3256
1165
1166
3055
3226
1165
1167
3056
3257
3057
3227
3259
1172
1173
1174
1173
1174
3231
3263
1172
1173
3157
3232
1172
1174
3158
3264
3159
3233
3266
1177
3067
3405
1177
1179
3289
3406
1180
3407
1180
3425
3447
1180
3292
3426
3428
1183
3169
3507
1183
1185
3295
3508
1186
3509
1186
3527
3549
1186
3298
3528
3530
1191
1192
1193
1208
1215
1222
1191
1192
1209
1191
1193
1216
3613
1192
1193
1223
3614
1213
1220
1214
1227
1221
1228
3616
1198
1199
1200
1208
1215
1198
1199
3242
3411
1198
1200
1210
3244
3600
1199
1200
1217
3413
3601
1212
3245
1219
3414
1213
1220
3602
1205
1206
1207
1208
1222
1205
1206
3249
3513
1205
1207
1211
3251
3606
1206
1207
1224
3515
3607
1212
3252
1226
3516
1214
1227
3608
1212
1213
1214
1213
1214
1212
1213
3271
1212
1214
3272
3273
1219
1220
1221
1220
1221
3603
3634
1219
1220
3433
3604
1219
1221
3434
3635
3435
3605
3637
1226
1227
1228
1227
1228
3609
3641
1226
1227
3535
3610
1226
1228
3536
3642
3537
3611
3644
1231
3445
3783
1231
1233
3667
3784
1234
3785
1234
3803
3825
1234
3670
3804
3806
1237
3547
3885
1237
1239
3673
3886
1240
3887
1240
3905
3927
1240
3676
3906
3908
1245
1246
1247
1262
1269
1276
1245
1246
1263
1245
1247
1270
3991
1246
1247
1277
3992
1267
1274
1268
1281
1275
1282
3994
1252
1253
1254
1262
1269
1252
1253
3620
3789
1252
1254
1264
3622
3978
1253
1254
1271
3791
3979
1266
3623
1273
3792
1267
1274
3980
1259
1260
1261
1262
1276
1259
1260
3627
3891
1259
1261
1265
3629
3984
1260
1261
1278
3893
3985
1266
3630
1280
3894
1268
1281
3986
1266
1267
1268
1267
1268
1266
1267
3649
1266
1268
3650
3651
1273
1274
1275
1274
1275
3981
4012
1273
1274
3811
3982
1273
1275
3812
4013
3813
3983
4015
1280
1281
1282
1281
1282
3987
4019
1280
1281
3913
3988
1280
1282
3914
4020
3915
3989
4022
1285
3823
4161
1285
1287
4045
4162
1288
4163
1288
4181
4203
1288
4048
4182
4184
1291
3925
4263
1291
1293
4051
4264
1294
4265
1294
4283
4305
1294
4054
4284
4286
1299
1300
1301
1316
1323
1330
1299
1300
1317
1299
1301
1324
4369
1300
1301
1331
4370
1321
1328
1322
1335
1329
1336
4372
1306
1307
1308
1316
1323
1306
1307
3998
4167
1306
1308
1318
4000
4356
1307
1308
1325
4169
4357
1320
4001
1327
4170
1321
1328
4358
1313
1314
1315
1316
1330
1313
1314
4005
4269
1313
1315
1319
4007
4362
1314
1315
1332
4271
4363
1320
4008
1334
4272
1322
1335
4364
1320
1321
1322
1321
1322
1320
1321
4027
1320
1322
4028
4029
1327
1328
1329
1328
1329
4359
4390
1327
1328
4189
4360
1327
1329
4190
4391
4191
4361
4393
1334
1335
1336
1335
1336
4365
4397
1334
1335
4291
4366
1334
1336
4292
4398
4293
4367
4400
1339
4201
4539
1339
1341
4423
4540
1342
4541
1342
4559
4581
1342
4426
4560
4562
1345
4303
4641
1345
1347
4429
4642
1348
4643
1348
4661
4683
1348
4432
4662
4664
1353
1354
1355
1370
1377
1384
1353
1354
1371
1353
1355
1378
4747
1354
1355
1385
4748
1375
1382
1376
1389
1383
1390
4750
1360
1361
1362
1370
1377
1360
1361
4376
4545
1360
1362
1372
4378
4734
1361
1362
1379
4547
4735
1374
4379
1381
4548
1375
1382
4736
1367
1368
1369
1370
1384
1367
1368
4383
4647
1367
1369
1373
4385
4740
1368
1369
1386
4649
4741
1374
4386
1388
4650
1376
1389
4742
1374
1375
1376
1375
1376
1374
1375
4405
1374
1376
4406
4407
1381
1382
1383
1382
1383
4737
4768
1381
1382
4567
4738
1381
1383
4568
4769
4569
4739
4771
1388
1389
1390
1389
1390
4743
4775
1388
1389
4669
4744
1388
1390
4670
4776
4671
4745
4778
4681
4803
1394
4761
4804
1394
1396
4763
4811
1397
4764
1397
4783
1397
4784
4785
1400
1419
4812
1400
1402
1420
1403
1422
1403
1439
1455
1403
1440
1442
1406
1426
4817
1406
1408
1427
1409
1429
1409
1446
1461
1409
1447
1449
1414
1415
1416
1431
1438
1445
1414
1415
1432
1414
1416
1439
1465
1415
1416
1446
1466
1436
1442
1437
1449
1443
1450
1468
1421
1422
1423
1431
1438
1421
1423
1514
4822
1421
1422
1433
4823
1422
1423
1440
1516
1435
4824
1436
1442
1444
1519
1428
1429
1430
1431
1445
1428
1430
1616
4829
1428
1429
1434
4830
1429
1430
1447
1618
1435
4831
1437
1449
1451
1621
1435
1436
1437
1436
1437
1435
1436
4836
1435
1437
4837
4838
1442
1443
1444
1442
1443
1486
1442
1444
1536
1443
1444
1487
1537
1489
1539
1449
1450
1451
1449
1450
1493
1449
1451
1638
1450
1451
1494
1639
1496
1641
1454
1456
1473
1554
1454
1474
1776
1457
1475
1457
1486
1457
1488
1558
1490
1460
1462
1480
1656
1460
1481
1782
1463
1482
1463
1493
1463
1495
1660
1497
1468
1469
1470
1485
1492
1499
1468
1469
1486
1468
1470
1493
1469
1470
1500
1489
1496
1490
1503
1497
1504
1475
1476
1477
1485
1499
1476
1477
1568
1796
1475
1476
1488
1569
1475
1477
1501
1797
1490
1503
1491
1571
1505
1799
1482
1483
1484
1492
1499
1483
1484
1670
1803
1482
1483
1495
1671
1482
1484
1502
1804
1497
1504
1498
1673
1505
1806
1489
1490
1491
1489
1490
1489
1491
1583
1490
1491
1584
1585
1496
1497
1498
1496
1497
1496
1498
1685
1497
1498
1686
1687
1503
1504
1505
1503
1504
1503
1505
1811
1504
1505
1812
1813
1510
1511
1512
1527
1534
1541
1510
1511
1528
1510
1512
1535
1561
1511
1512
1542
1562
1532
1538
1533
1546
1540
1547
1564
1517
1518
1519
1527
1534
1517
1519
4864
1517
1518
1529
4865
1518
1519
1536
1531
4866
1532
1538
1539
1524
1525
1526
1527
1541
1524
1525
4871
1524
1526
1530
1548
4872
1525
1526
1543
1549
1531
4873
1545
1533
1546
1550
1531
1532
1533
1532
1533
1531
1532
4878
1531
1533
4879
4880
1538
1539
1540
1538
1540
1582
1538
1539
1539
1540
1583
1586
1545
1546
1547
1546
1547
1551
1589
1545
1546
1552
1545
1547
1590
1553
1592
1550
4901
1550
1552
1711
1553
1553
1605
1553
1714
1556
1558
1569
1556
1570
1559
1572
1559
1582
1559
1584
1587
1564
1565
1566
1581
1588
1595
1564
1565
1582
1564
1566
1589
1565
1566
1596
1586
1592
1587
1599
1593
1600
1571
1572
1573
1581
1595
1571
1573
1892
1571
1572
1584
1572
1573
1597
1893
1585
1587
1599
1601
1896
1578
1579
1580
1588
1595
1579
1580
1730
1899
1578
1579
1591
1602
1731
1578
1580
1598
1603
1900
1593
1600
1604
1594
1734
1601
1903
1585
1586
1587
1586
1587
1585
1586
1585
1587
1592
1593
1594
1592
1593
1605
1592
1594
1745
1593
1594
1606
1746
1607
1748
1599
1600
1601
1599
1600
1599
1601
1907
1600
1601
1908
1910
1604
1606
1764
1604
1926
1607
1607
1607
1768
1612
1613
1614
1629
1636
1643
1612
1613
1630
1612
1614
1637
1663
1613
1614
1644
1664
1634
1640
1635
1648
1642
1649
1666
1619
1620
1621
1629
1636
1619
1621
4911
1619
1620
1631
4912
1620
1621
1638
1633
4913
1634
1640
1641
1626
1627
1628
1629
1643
1626
1627
4918
1626
1628
1632
1650
4919
1627
1628
1645
1651
1633
4920
1647
1635
1648
1652
1633
1634
1635
1634
1635
1633
1634
4925
1633
1635
4926
4927
1640
1641
1642
1640
1642
1684
1640
1641
1641
1642
1685
1688
1647
1648
1649
1648
1649
1653
1691
1647
1648
1654
1647
1649
1692
1655
1694
1652
4948
1652
1654
1717
1655
1655
1707
1655
1720
1658
1660
1671
1658
1672
1661
1674
1661
1684
1661
1686
1689
1666
1667
1668
1683
1690
1697
1666
1667
1684
1666
1668
1691
1667
1668
1698
1688
1694
1689
1701
1695
1702
1673
1674
1675
1683
1697
1673
1675
1994
1673
1674
1686
1674
1675
1699
1995
1687
1689
1701
1703
1998
1680
1681
1682
1690
1697
1681
1682
1737
2001
1680
1681
1693
1704
1738
1680
1682
1700
1705
2002
1695
1702
1706
1696
1741
1703
2005
1687
1688
1689
1688
1689
1687
1688
1687
1689
1694
1695
1696
1694
1695
1707
1694
1696
1752
1695
1696
1708
1753
1709
1755
1701
1702
1703
1701
1702
1701
1703
2009
1702
1703
2010
2012
1706
1708
1770
1706
2028
1709
1709
1709
1774
1712
4990
1712
1714
1715
1715
1767
1715
1718
4995
1718
1720
1721
1721
1773
1721
1726
1727
1728
1743
1750
1757
1726
1727
1744
1726
1728
1751
1727
1728
1758
1747
1754
1749
1762
1756
1763
1733
1734
1735
1743
1757
1733
1734
1734
1735
1746
1764
1733
1735
1759
1765
1761
1748
1749
1762
1766
1740
1741
1742
1750
1757
1740
1741
1741
1742
1753
1770
1740
1742
1760
1771
1761
1755
1756
1763
1772
1747
1748
1749
1747
1749
1767
1747
1748
1748
1749
1768
1769
1754
1755
1756
1754
1756
1773
1754
1755
1755
1756
1774
1775
1761
1762
1763
1762
1763
1761
1762
1761
1763
1766
1768
1766
2088
1769
1769
1769
1772
1774
1772
2094
1775
1775
1775
1778
1797
1778
1780
1798
1781
1800
1781
1817
1833
1781
1818
1820
1784
1804
1784
1786
1805
1787
1807
1787
1824
1839
1787
1825
1827
1792
1793
1794
1809
1816
1823
1792
1793
1810
1792
1794
1817
1843
1793
1794
1824
1844
1814
1820
1815
1827
1821
1828
1846
1799
1800
1801
1809
1816
1799
1801
1892
1799
1800
1811
1800
1801
1818
1894
1813
1814
1820
1822
1897
1806
1807
1808
1809
1823
1806
1808
1994
1806
1807
1812
1807
1808
1825
1996
1813
1815
1827
1829
1999
1813
1814
1815
1814
1815
1813
1814
1813
1815
1820
1821
1822
1820
1821
1864
1820
1822
1914
1821
1822
1865
1915
1867
1917
1827
1828
1829
1827
1828
1871
1827
1829
2016
1828
1829
1872
2017
1874
2019
1832
1834
1851
1932
1832
1852
2154
1835
1853
1835
1864
1835
1866
1936
1868
1838
1840
1858
2034
1838
1859
2160
1841
1860
1841
1871
1841
1873
2038
1875
1846
1847
1848
1863
1870
1877
1846
1847
1864
1846
1848
1871
1847
1848
1878
1867
1874
1868
1881
1875
1882
1853
1854
1855
1863
1877
1854
1855
1946
2174
1853
1854
1866
1947
1853
1855
1879
2175
1868
1881
1869
1949
1883
2177
1860
1861
1862
1870
1877
1861
1862
2048
2181
1860
1861
1873
2049
1860
1862
1880
2182
1875
1882
1876
2051
1883
2184
1867
1868
1869
1867
1868
1867
1869
1961
1868
1869
1962
1963
1874
1875
1876
1874
1875
1874
1876
2063
1875
1876
2064
2065
1881
1882
1883
1881
1882
1881
1883
2189
1882
1883
2190
2191
1888
1889
1890
1905
1912
1919
1888
1889
1906
1888
1890
1913
1939
1889
1890
1920
1940
1909
1916
1911
1924
1918
1925
1942
1895
1896
1897
1905
1912
1896
1897
1895
1896
1907
1895
1897
1914
1909
1916
1910
1917
1902
1903
1904
1905
1919
1902
1903
1903
1904
1908
1926
1902
1904
1921
1927
1923
1910
1911
1924
1928
1909
1910
1911
1909
1911
1909
1910
1910
1911
1916
1917
1918
1916
1918
1960
1916
1917
1917
1918
1961
1964
1923
1924
1925
1924
1925
1929
1967
1923
1924
1930
1923
1925
1968
1931
1970
1928
1928
1930
2089
1931
1931
1983
1931
2092
1934
1936
1947
1934
1948
1937
1950
1937
1960
1937
1962
1965
1942
1943
1944
1959
1966
1973
1942
1943
1960
1942
1944
1967
1943
1944
1974
1964
1970
1965
1977
1971
1978
1949
1950
1951
1959
1973
1949
1951
2270
1949
1950
1962
1950
1951
1975
2271
1963
1965
1977
1979
2274
1956
1957
1958
1966
1973
1957
1958
2108
2277
1956
1957
1969
1980
2109
1956
1958
1976
1981
2278
1971
1978
1982
1972
2112
1979
2281
1963
1964
1965
1964
1965
1963
1964
1963
1965
1970
1971
1972
1970
1971
1983
1970
1972
2123
1971
1972
1984
2124
1985
2126
1977
1978
1979
1977
1978
1977
1979
2285
1978
1979
2286
2288
1982
1984
2142
1982
2304
1985
1985
1985
2146
1990
1991
1992
2007
2014
2021
1990
1991
2008
1990
1992
2015
2041
1991
1992
2022
2042
2011
2018
2013
2026
2020
2027
2044
1997
1998
1999
2007
2014
1998
1999
1997
1998
2009
1997
1999
2016
2011
2018
2012
2019
2004
2005
2006
2007
2021
2004
2005
2005
2006
2010
2028
2004
2006
2023
2029
2025
2012
2013
2026
2030
2011
2012
2013
2011
2013
2011
2012
2012
2013
2018
2019
2020
2018
2020
2062
2018
2019
2019
2020
2063
2066
2025
2026
2027
2026
2027
2031
2069
2025
2026
2032
2025
2027
2070
2033
2072
2030
2030
2032
2095
2033
2033
2085
2033
2098
2036
2038
2049
2036
2050
2039
2052
2039
2062
2039
2064
2067
2044
2045
2046
2061
2068
2075
2044
2045
2062
2044
2046
2069
2045
2046
2076
2066
2072
2067
2079
2073
2080
2051
2052
2053
2061
2075
2051
2053
2372
2051
2052
2064
2052
2053
2077
2373
2065
2067
2079
2081
2376
2058
2059
2060
2068
2075
2059
2060
2115
2379
2058
2059
2071
2082
2116
2058
2060
2078
2083
2380
2073
2080
2084
2074
2119
2081
2383
2065
2066
2067
2066
2067
2065
2066
2065
2067
2072
2073
2074
2072
2073
2085
2072
2074
2130
2073
2074
2086
2131
2087
2133
2079
2080
2081
2079
2080
2079
2081
2387
2080
2081
2388
2390
2084
2086
2148
2084
2406
2087
2087
2087
2152
2090
2090
2092
2093
2093
2145
2093
2096
2096
2098
2099
2099
2151
2099
2104
2105
2106
2121
2128
2135
2104
2105
2122
2104
2106
2129
2105
2106
2136
2125
2132
2127
2140
2134
2141
2111
2112
2113
2121
2135
2111
2112
2112
2113
2124
2142
2111
2113
2137
2143
2139
2126
2127
2140
2144
2118
2119
2120
2128
2135
2118
2119
2119
2120
2131
2148
2118
2120
2138
2149
2139
2133
2134
2141
2150
2125
2126
2127
2125
2127
2145
2125
2126
2126
2127
2146
2147
2132
2133
2134
2132
2134
2151
2132
2133
2133
2134
2152
2153
2139
2140
2141
2140
2141
2139
2140
2139
2141
2144
2146
2144
2466
2147
2147
2147
2150
2152
2150
2472
2153
2153
2153
2156
2175
2156
2158
2176
2159
2178
2159
2195
2211
2159
2196
2198
2162
2182
2162
2164
2183
2165
2185
2165
2202
2217
2165
2203
2205
2170
2171
2172
2187
2194
2201
2170
2171
2188
2170
2172
2195
2221
2171
2172
2202
2222
2192
2198
2193
2205
2199
2206
2224
2177
2178
2179
2187
2194
2177
2179
2270
2177
2178
2189
2178
2179
2196
2272
2191
2192
2198
2200
2275
2184
2185
2186
2187
2201
2184
2186
2372
2184
2185
2190
2185
2186
2203
2374
2191
2193
2205
2207
2377
2191
2192
2193
2192
2193
2191
2192
2191
2193
2198
2199
2200
2198
2199
2242
2198
2200
2292
2199
2200
2243
2293
2245
2295
2205
2206
2207
2205
2206
2249
2205
2207
2394
2206
2207
2250
2395
2252
2397
2210
2212
2229
2310
2210
2230
2532
2213
2231
2213
2242
2213
2244
2314
2246
2216
2218
2236
2412
2216
2237
2538
2219
2238
2219
2249
2219
2251
2416
2253
2224
2225
2226
2241
2248
2255
2224
2225
2242
2224
2226
2249
2225
2226
2256
2245
2252
2246
2259
2253
2260
2231
2232
2233
2241
2255
2232
2233
2324
2552
2231
2232
2244
2325
2231
2233
2257
2553
2246
2259
2247
2327
2261
2555
2238
2239
2240
2248
2255
2239
2240
2426
2559
2238
2239
2251
2427
2238
2240
2258
2560
2253
2260
2254
2429
2261
2562
2245
2246
2247
2245
2246
2245
2247
2339
2246
2247
2340
2341
2252
2253
2254
2252
2253
2252
2254
2441
2253
2254
2442
2443
2259
2260
2261
2259
2260
2259
2261
2567
2260
2261
2568
2569
2266
2267
2268
2283
2290
2297
2266
2267
2284
2266
2268
2291
2317
2267
2268
2298
2318
2287
2294
2289
2302
2296
2303
2320
2273
2274
2275
2283
2290
2274
2275
2273
2274
2285
2273
2275
2292
2287
2294
2288
2295
2280
2281
2282
2283
2297
2280
2281
2281
2282
2286
2304
2280
2282
2299
2305
2301
2288
2289
2302
2306
2287
2288
2289
2287
2289
2287
2288
2288
2289
2294
2295
2296
2294
2296
2338
2294
2295
2295
2296
2339
2342
2301
2302
2303
2302
2303
2307
2345
2301
2302
2308
2301
2303
2346
2309
2348
2306
2306
2308
2467
2309
2309
2361
2309
2470
2312
2314
2325
2312
2326
2315
2328
2315
2338
2315
2340
2343
2320
2321
2322
2337
2344
2351
2320
2321
2338
2320
2322
2345
2321
2322
2352
2342
2348
2343
2355
2349
2356
2327
2328
2329
2337
2351
2327
2329
2648
2327
2328
2340
2328
2329
2353
2649
2341
2343
2355
2357
2652
2334
2335
2336
2344
2351
2335
2336
2486
2655
2334
2335
2347
2358
2487
2334
2336
2354
2359
2656
2349
2356
2360
2350
2490
2357
2659
2341
2342
2343
2342
2343
2341
2342
2341
2343
2348
2349
2350
2348
2349
2361
2348
2350
2501
2349
2350
2362
2502
2363
2504
2355
2356
2357
2355
2356
2355
2357
2663
2356
2357
2664
2666
2360
2362
2520
2360
2682
2363
2363
2363
2524
2368
2369
2370
2385
2392
2399
2368
2369
2386
2368
2370
2393
2419
2369
2370
2400
2420
2389
2396
2391
2404
2398
2405
2422
2375
2376
2377
2385
2392
2376
2377
2375
2376
2387
2375
2377
2394
2389
2396
2390
2397
2382
2383
2384
2385
2399
2382
2383
2383
2384
2388
2406
2382
2384
2401
2407
2403
2390
2391
2404
2408
2389
2390
2391
2389
2391
2389
2390
2390
2391
2396
2397
2398
2396
2398
2440
2396
2397
2397
2398
2441
2444
2403
2404
2405
2404
2405
2409
2447
2403
2404
2410
2403
2405
2448
2411
2450
2408
2408
2410
2473
2411
2411
2463
2411
2476
2414
2416
2427
2414
2428
2417
2430
2417
2440
2417
2442
2445
2422
2423
2424
2439
2446
2453
2422
2423
2440
2422
2424
2447
2423
2424
2454
2444
2450
2445
2457
2451
2458
2429
2430
2431
2439
2453
2429
2431
2750
2429
2430
2442
2430
2431
2455
2751
2443
2445
2457
2459
2754
2436
2437
2438
2446
2453
2437
2438
2493
2757
2436
2437
2449
2460
2494
2436
2438
2456
2461
2758
2451
2458
2462
2452
2497
2459
2761
2443
2444
2445
2444
2445
2443
2444
2443
2445
2450
2451
2452
2450
2451
2463
2450
2452
2508
2451
2452
2464
2509
2465
2511
2457
2458
2459
2457
2458
2457
2459
2765
2458
2459
2766
2768
2462
2464
2526
2462
2784
2465
2465
2465
2530
2468
2468
2470
2471
2471
2523
2471
2474
2474
2476
2477
2477
2529
2477
2482
2483
2484
2499
2506
2513
2482
2483
2500
2482
2484
2507
2483
2484
2514
2503
2510
2505
2518
2512
2519
2489
2490
2491
2499
2513
2489
2490
2490
2491
2502
2520
2489
2491
2515
2521
2517
2504
2505
2518
2522
2496
2497
2498
2506
2513
2496
2497
2497
2498
2509
2526
2496
2498
2516
2527
2517
2511
2512
2519
2528
2503
2504
2505
2503
2505
2523
2503
2504
2504
2505
2524
2525
2510
2511
2512
2510
2512
2529
2510
2511
2511
2512
2530
2531
2517
2518
2519
2518
2519
2517
2518
2517
2519
2522
2524
2522
2844
2525
2525
2525
2528
2530
2528
2850
2531
2531
2531
2534
2553
2534
2536
2554
2537
2556
2537
2573
2589
2537
2574
2576
2540
2560
2540
2542
2561
2543
2563
2543
2580
2595
2543
2581
2583
2548
2549
2550
2565
2572
2579
2548
2549
2566
2548
2550
2573
2599
2549
2550
2580
2600
2570
2576
2571
2583
2577
2584
2602
2555
2556
2557
2565
2572
2555
2557
2648
2555
2556
2567
2556
2557
2574
2650
2569
2570
2576
2578
2653
2562
2563
2564
2565
2579
2562
2564
2750
2562
2563
2568
2563
2564
2581
2752
2569
2571
2583
2585
2755
2569
2570
2571
2570
2571
2569
2570
2569
2571
2576
2577
2578
2576
2577
2620
2576
2578
2670
2577
2578
2621
2671
2623
2673
2583
2584
2585
2583
2584
2627
2583
2585
2772
2584
2585
2628
2773
2630
2775
2588
2590
2607
2688
2588
2608
2910
2591
2609
2591
2620
2591
2622
2692
2624
2594
2596
2614
2790
2594
2615
2916
2597
2616
2597
2627
2597
2629
2794
2631
2602
2603
2604
2619
2626
2633
2602
2603
2620
2602
2604
2627
2603
2604
2634
2623
2630
2624
2637
2631
2638
2609
2610
2611
2619
2633
2610
2611
2702
2930
2609
2610
2622
2703
2609
2611
2635
2931
2624
2637
2625
2705
2639
2933
2616
2617
2618
2626
2633
2617
2618
2804
2937
2616
2617
2629
2805
2616
2618
2636
2938
2631
2638
2632
2807
2639
2940
2623
2624
2625
2623
2624
2623
2625
2717
2624
2625
2718
2719
2630
2631
2632
2630
2631
2630
2632
2819
2631
2632
2820
2821
2637
2638
2639
2637
2638
2637
2639
2945
2638
2639
2946
2947
2644
2645
2646
2661
2668
2675
2644
2645
2662
2644
2646
2669
2695
2645
2646
2676
2696
2665
2672
2667
2680
2674
2681
2698
2651
2652
2653
2661
2668
2652
2653
2651
2652
2663
2651
2653
2670
2665
2672
2666
2673
2658
2659
2660
2661
2675
2658
2659
2659
2660
2664
2682
2658
2660
2677
2683
2679
2666
2667
2680
2684
2665
2666
2667
2665
2667
2665
2666
2666
2667
2672
2673
2674
2672
2674
2716
2672
2673
2673
2674
2717
2720
2679
2680
2681
2680
2681
2685
2723
2679
2680
2686
2679
2681
2724
2687
2726
2684
2684
2686
2845
2687
2687
2739
2687
2848
2690
2692
2703
2690
2704
2693
2706
2693
2716
2693
2718
2721
2698
2699
2700
2715
2722
2729
2698
2699
2716
2698
2700
2723
2699
2700
2730
2720
2726
2721
2733
2727
2734
2705
2706
2707
2715
2729
2705
2707
3026
2705
2706
2718
2706
2707
2731
3027
2719
2721
2733
2735
3030
2712
2713
2714
2722
2729
2713
2714
2864
3033
2712
2713
2725
2736
2865
2712
2714
2732
2737
3034
2727
2734
2738
2728
2868
2735
3037
2719
2720
2721
2720
2721
2719
2720
2719
2721
2726
2727
2728
2726
2727
2739
2726
2728
2879
2727
2728
2740
2880
2741
2882
2733
2734
2735
2733
2734
2733
2735
3041
2734
2735
3042
3044
2738
2740
2898
2738
3060
2741
2741
2741
2902
2746
2747
2748
2763
2770
2777
2746
2747
2764
2746
2748
2771
2797
2747
2748
2778
2798
2767
2774
2769
2782
2776
2783
2800
2753
2754
2755
2763
2770
2754
2755
2753
2754
2765
2753
2755
2772
2767
2774
2768
2775
2760
2761
2762
2763
2777
2760
2761
2761
2762
2766
2784
2760
2762
2779
2785
2781
2768
2769
2782
2786
2767
2768
2769
2767
2769
2767
2768
2768
2769
2774
2775
2776
2774
2776
2818
2774
2775
2775
2776
2819
2822
2781
2782
2783
2782
2783
2787
2825
2781
2782
2788
2781
2783
2826
2789
2828
2786
2786
2788
2851
2789
2789
2841
2789
2854
2792
2794
2805
2792
2806
2795
2808
2795
2818
2795
2820
2823
2800
2801
2802
2817
2824
2831
2800
2801
2818
2800
2802
2825
2801
2802
2832
2822
2828
2823
2835
2829
2836
2807
2808
2809
2817
2831
2807
2809
3128
2807
2808
2820
2808
2809
2833
3129
2821
2823
2835
2837
3132
2814
2815
2816
2824
2831
2815
2816
2871
3135
2814
2815
2827
2838
2872
2814
2816
2834
2839
3136
2829
2836
2840
2830
2875
2837
3139
2821
2822
2823
2822
2823
2821
2822
2821
2823
2828
2829
2830
2828
2829
2841
2828
2830
2886
2829
2830
2842
2887
2843
2889
2835
2836
2837
2835
2836
2835
2837
3143
2836
2837
3144
3146
2840
2842
2904
2840
3162
2843
2843
2843
2908
2846
2846
2848
2849
2849
2901
2849
2852
2852
2854
2855
2855
2907
2855
2860
2861
2862
2877
2884
2891
2860
2861
2878
2860
2862
2885
2861
2862
2892
2881
2888
2883
2896
2890
2897
2867
2868
2869
2877
2891
2867
2868
2868
2869
2880
2898
2867
2869
2893
2899
2895
2882
2883
2896
2900
2874
2875
2876
2884
2891
2874
2875
2875
2876
2887
2904
2874
2876
2894
2905
2895
2889
2890
2897
2906
2881
2882
2883
2881
2883
2901
2881
2882
2882
2883
2902
2903
2888
2889
2890
2888
2890
2907
2888
2889
2889
2890
2908
2909
2895
2896
2897
2896
2897
2895
2896
2895
2897
2900
2902
2900
3222
2903
2903
2903
2906
2908
2906
3228
2909
2909
2909
2912
2931
2912
2914
2932
2915
2934
2915
2951
2967
2915
2952
2954
2918
2938
2918
2920
2939
2921
2941
2921
2958
2973
2921
2959
2961
2926
2927
2928
2943
2950
2957
2926
2927
2944
2926
2928
2951
2977
2927
2928
2958
2978
2948
2954
2949
2961
2955
2962
2980
2933
2934
2935
2943
2950
2933
2935
3026
2933
2934
2945
2934
2935
2952
3028
2947
2948
2954
2956
3031
2940
2941
2942
2943
2957
2940
2942
3128
2940
2941
2946
2941
2942
2959
3130
2947
2949
2961
2963
3133
2947
2948
2949
2948
2949
2947
2948
2947
2949
2954
2955
2956
2954
2955
2998
2954
2956
3048
2955
2956
2999
3049
3001
3051
2961
2962
2963
2961
2962
3005
2961
2963
3150
2962
2963
3006
3151
3008
3153
2966
2968
2985
3066
2966
2986
3288
2969
2987
2969
2998
2969
3000
3070
3002
2972
2974
2992
3168
2972
2993
3294
2975
2994
2975
3005
2975
3007
3172
3009
2980
2981
2982
2997
3004
3011
2980
2981
2998
2980
2982
3005
2981
2982
3012
3001
3008
3002
3015
3009
3016
2987
2988
2989
2997
3011
2988
2989
3080
3308
2987
2988
3000
3081
2987
2989
3013
3309
3002
3015
3003
3083
3017
3311
2994
2995
2996
3004
3011
2995
2996
3182
3315
2994
2995
3007
3183
2994
2996
3014
3316
3009
3016
3010
3185
3017
3318
3001
3002
3003
3001
3002
3001
3003
3095
3002
3003
3096
3097
3008
3009
3010
3008
3009
3008
3010
3197
3009
3010
3198
3199
3015
3016
3017
3015
3016
3015
3017
3323
3016
3017
3324
3325
3022
3023
3024
3039
3046
3053
3022
3023
3040
3022
3024
3047
3073
3023
3024
3054
3074
3043
3050
3045
3058
3052
3059
3076
3029
3030
3031
3039
3046
3030
3031
3029
3030
3041
3029
3031
3048
3043
3050
3044
3051
3036
3037
3038
3039
3053
3036
3037
3037
3038
3042
3060
3036
3038
3055
3061
3057
3044
3045
3058
3062
3043
3044
3045
3043
3045
3043
3044
3044
3045
3050
3051
3052
3050
3052
3094
3050
3051
3051
3052
3095
3098
3057
3058
3059
3058
3059
3063
3101
3057
3058
3064
3057
3059
3102
3065
3104
3062
3062
3064
3223
3065
3065
3117
3065
3226
3068
3070
3081
3068
3082
3071
3084
3071
3094
3071
3096
3099
3076
3077
3078
3093
3100
3107
3076
3077
3094
3076
3078
3101
3077
3078
3108
3098
3104
3099
3111
3105
3112
3083
3084
3085
3093
3107
3083
3085
3404
3083
3084
3096
3084
3085
3109
3405
3097
3099
3111
3113
3408
3090
3091
3092
3100
3107
3091
3092
3242
3411
3090
3091
3103
3114
3243
3090
3092
3110
3115
3412
3105
3112
3116
3106
3246
3113
3415
3097
3098
3099
3098
3099
3097
3098
3097
3099
3104
3105
3106
3104
3105
3117
3104
3106
3257
3105
3106
3118
3258
3119
3260
3111
3112
3113
3111
3112
3111
3113
3419
3112
3113
3420
3422
3116
3118
3276
3116
3438
3119
3119
3119
3280
3124
3125
3126
3141
3148
3155
3124
3125
3142
3124
3126
3149
3175
3125
3126
3156
3176
3145
3152
3147
3160
3154
3161
3178
3131
3132
3133
3141
3148
3132
3133
3131
3132
3143
3131
3133
3150
3145
3152
3146
3153
3138
3139
3140
3141
3155
3138
3139
3139
3140
3144
3162
3138
3140
3157
3163
3159
3146
3147
3160
3164
3145
3146
3147
3145
3147
3145
3146
3146
3147
3152
3153
3154
3152
3154
3196
3152
3153
3153
3154
3197
3200
3159
3160
3161
3160
3161
3165
3203
3159
3160
3166
3159
3161
3204
3167
3206
3164
3164
3166
3229
3167
3167
3219
3167
3232
3170
3172
3183
3170
3184
3173
3186
3173
3196
3173
3198
3201
3178
3179
3180
3195
3202
3209
3178
3179
3196
3178
3180
3203
3179
3180
3210
3200
3206
3201
3213
3207
3214
3185
3186
3187
3195
3209
3185
3187
3506
3185
3186
3198
3186
3187
3211
3507
3199
3201
3213
3215
3510
3192
3193
3194
3202
3209
3193
3194
3249
3513
3192
3193
3205
3216
3250
3192
3194
3212
3217
3514
3207
3214
3218
3208
3253
3215
3517
3199
3200
3201
3200
3201
3199
3200
3199
3201
3206
3207
3208
3206
3207
3219
3206
3208
3264
3207
3208
3220
3265
3221
3267
3213
3214
3215
3213
3214
3213
3215
3521
3214
3215
3522
3524
3218
3220
3282
3218
3540
3221
3221
3221
3286
3224
3224
3226
3227
3227
3279
3227
3230
3230
3232
3233
3233
3285
3233
3238
3239
3240
3255
3262
3269
3238
3239
3256
3238
3240
3263
3239
3240
3270
3259
3266
3261
3274
3268
3275
3245
3246
3247
3255
3269
3245
3246
3246
3247
3258
3276
3245
3247
3271
3277
3273
3260
3261
3274
3278
3252
3253
3254
3262
3269
3252
3253
3253
3254
3265
3282
3252
3254
3272
3283
3273
3267
3268
3275
3284
3259
3260
3261
3259
3261
3279
3259
3260
3260
3261
3280
3281
3266
3267
3268
3266
3268
3285
3266
3267
3267
3268
3286
3287
3273
3274
3275
3274
3275
3273
3274
3273
3275
3278
3280
3278
3600
3281
3281
3281
3284
3286
3284
3606
3287
3287
3287
3290
3309
3290
3292
3310
3293
3312
3293
3329
3345
3293
3330
3332
3296
3316
3296
3298
3317
3299
3319
3299
3336
3351
3299
3337
3339
3304
3305
3306
3321
3328
3335
3304
3305
3322
3304
3306
3329
3355
3305
3306
3336
3356
3326
3332
3327
3339
3333
3340
3358
3311
3312
3313
3321
3328
3311
3313
3404
3311
3312
3323
3312
3313
3330
3406
3325
3326
3332
3334
3409
3318
3319
3320
3321
3335
3318
3320
3506
3318
3319
3324
3319
3320
3337
3508
3325
3327
3339
3341
3511
3325
3326
3327
3326
3327
3325
3326
3325
3327
3332
3333
3334
3332
3333
3376
3332
3334
3426
3333
3334
3377
3427
3379
3429
3339
3340
3341
3339
3340
3383
3339
3341
3528
3340
3341
3384
3529
3386
3531
3344
3346
3363
3444
3344
3364
3666
3347
3365
3347
3376
3347
3378
3448
3380
3350
3352
3370
3546
3350
3371
3672
3353
3372
3353
3383
3353
3385
3550
3387
3358
3359
3360
3375
3382
3389
3358
3359
3376
3358
3360
3383
3359
3360
3390
3379
3386
3380
3393
3387
3394
3365
3366
3367
3375
3389
3366
3367
3458
3686
3365
3366
3378
3459
3365
3367
3391
3687
3380
3393
3381
3461
3395
3689
3372
3373
3374
3382
3389
3373
3374
3560
3693
3372
3373
3385
3561
3372
3374
3392
3694
3387
3394
3388
3563
3395
3696
3379
3380
3381
3379
3380
3379
3381
3473
3380
3381
3474
3475
3386
3387
3388
3386
3387
3386
3388
3575
3387
3388
3576
3577
3393
3394
3395
3393
3394
3393
3395
3701
3394
3395
3702
3703
3400
3401
3402
3417
3424
3431
3400
3401
3418
3400
3402
3425
3451
3401
3402
3432
3452
3421
3428
3423
3436
3430
3437
3454
3407
3408
3409
3417
3424
3408
3409
3407
3408
3419
3407
3409
3426
3421
3428
3422
3429
3414
3415
3416
3417
3431
3414
3415
3415
3416
3420
3438
3414
3416
3433
3439
3435
3422
3423
3436
3440
3421
3422
3423
3421
3423
3421
3422
3422
3423
3428
3429
3430
3428
3430
3472
3428
3429
3429
3430
3473
3476
3435
3436
3437
3436
3437
3441
3479
3435
3436
3442
3435
3437
3480
3443
3482
3440
3440
3442
3601
3443
3443
3495
3443
3604
3446
3448
3459
3446
3460
3449
3462
3449
3472
3449
3474
3477
3454
3455
3456
3471
3478
3485
3454
3455
3472
3454
3456
3479
3455
3456
3486
3476
3482
3477
3489
3483
3490
3461
3462
3463
3471
3485
3461
3463
3782
3461
3462
3474
3462
3463
3487
3783
3475
3477
3489
3491
3786
3468
3469
3470
3478
3485
3469
3470
3620
3789
3468
3469
3481
3492
3621
3468
3470
3488
3493
3790
3483
3490
3494
3484
3624
3491
3793
3475
3476
3477
3476
3477
3475
3476
3475
3477
3482
3483
3484
3482
3483
3495
3482
3484
3635
3483
3484
3496
3636
3497
3638
3489
3490
3491
3489
3490
3489
3491
3797
3490
3491
3798
3800
3494
3496
3654
3494
3816
3497
3497
3497
3658
3502
3503
3504
3519
3526
3533
3502
3503
3520
3502
3504
3527
3553
3503
3504
3534
3554
3523
3530
3525
3538
3532
3539
3556
3509
3510
3511
3519
3526
3510
3511
3509
3510
3521
3509
3511
3528
3523
3530
3524
3531
3516
3517
3518
3519
3533
3516
3517
3517
3518
3522
3540
3516
3518
3535
3541
3537
3524
3525
3538
3542
3523
3524
3525
3523
3525
3523
3524
3524
3525
3530
3531
3532
3530
3532
3574
3530
3531
3531
3532
3575
3578
3537
3538
3539
3538
3539
3543
3581
3537
3538
3544
3537
3539
3582
3545
3584
3542
3542
3544
3607
3545
3545
3597
3545
3610
3548
3550
3561
3548
3562
3551
3564
3551
3574
3551
3576
3579
3556
3557
3558
3573
3580
3587
3556
3557
3574
3556
3558
3581
3557
3558
3588
3578
3584
3579
3591
3585
3592
3563
3564
3565
3573
3587
3563
3565
3884
3563
3564
3576
3564
3565
3589
3885
3577
3579
3591
3593
3888
3570
3571
3572
3580
3587
3571
3572
3627
3891
3570
3571
3583
3594
3628
3570
3572
3590
3595
3892
3585
3592
3596
3586
3631
3593
3895
3577
3578
3579
3578
3579
3577
3578
3577
3579
3584
3585
3586
3584
3585
3597
3584
3586
3642
3585
3586
3598
3643
3599
3645
3591
3592
3593
3591
3592
3591
3593
3899
3592
3593
3900
3902
3596
3598
3660
3596
3918
3599
3599
3599
3664
3602
3602
3604
3605
3605
3657
3605
3608
3608
3610
3611
3611
3663
3611
3616
3617
3618
3633
3640
3647
3616
3617
3634
3616
3618
3641
3617
3618
3648
3637
3644
3639
3652
3646
3653
3623
3624
3625
3633
3647
3623
3624
3624
3625
3636
3654
3623
3625
3649
3655
3651
3638
3639
3652
3656
3630
3631
3632
3640
3647
3630
3631
3631
3632
3643
3660
3630
3632
3650
3661
3651
3645
3646
3653
3662
3637
3638
3639
3637
3639
3657
3637
3638
3638
3639
3658
3659
3644
3645
3646
3644
3646
3663
3644
3645
3645
3646
3664
3665
3651
3652
3653
3652
3653
3651
3652
3651
3653
3656
3658
3656
3978
3659
3659
3659
3662
3664
3662
3984
3665
3665
3665
3668
3687
3668
3670
3688
3671
3690
3671
3707
3723
3671
3708
3710
3674
3694
3674
3676
3695
3677
3697
3677
3714
3729
3677
3715
3717
3682
3683
3684
3699
3706
3713
3682
3683
3700
3682
3684
3707
3733
3683
3684
3714
3734
3704
3710
3705
3717
3711
3718
3736
3689
3690
3691
3699
3706
3689
3691
3782
3689
3690
3701
3690
3691
3708
3784
3703
3704
3710
3712
3787
3696
3697
3698
3699
3713
3696
3698
3884
3696
3697
3702
3697
3698
3715
3886
3703
3705
3717
3719
3889
3703
3704
3705
3704
3705
3703
3704
3703
3705
3710
3711
3712
3710
3711
3754
3710
3712
3804
3711
3712
3755
3805
3757
3807
3717
3718
3719
3717
3718
3761
3717
3719
3906
3718
3719
3762
3907
3764
3909
3722
3724
3741
3822
3722
3742
4044
3725
3743
3725
3754
3725
3756
3826
3758
3728
3730
3748
3924
3728
3749
4050
3731
3750
3731
3761
3731
3763
3928
3765
3736
3737
3738
3753
3760
3767
3736
3737
3754
3736
3738
3761
3737
3738
3768
3757
3764
3758
3771
3765
3772
3743
3744
3745
3753
3767
3744
3745
3836
4064
3743
3744
3756
3837
3743
3745
3769
4065
3758
3771
3759
3839
3773
4067
3750
3751
3752
3760
3767
3751
3752
3938
4071
3750
3751
3763
3939
3750
3752
3770
4072
3765
3772
3766
3941
3773
4074
3757
3758
3759
3757
3758
3757
3759
3851
3758
3759
3852
3853
3764
3765
3766
3764
3765
3764
3766
3953
3765
3766
3954
3955
3771
3772
3773
3771
3772
3771
3773
4079
3772
3773
4080
4081
3778
3779
3780
3795
3802
3809
3778
3779
3796
3778
3780
3803
3829
3779
3780
3810
3830
3799
3806
3801
3814
3808
3815
3832
3785
3786
3787
3795
3802
3786
3787
3785
3786
3797
3785
3787
3804
3799
3806
3800
3807
3792
3793
3794
3795
3809
3792
3793
3793
3794
3798
3816
3792
3794
3811
3817
3813
3800
3801
3814
3818
3799
3800
3801
3799
3801
3799
3800
3800
3801
3806
3807
3808
3806
3808
3850
3806
3807
3807
3808
3851
3854
3813
3814
3815
3814
3815
3819
3857
3813
3814
3820
3813
3815
3858
3821
3860
3818
3818
3820
3979
3821
3821
3873
3821
3982
3824
3826
3837
3824
3838
3827
3840
3827
3850
3827
3852
3855
3832
3833
3834
3849
3856
3863
3832
3833
3850
3832
3834
3857
3833
3834
3864
3854
3860
3855
3867
3861
3868
3839
3840
3841
3849
3863
3839
3841
4160
3839
3840
3852
3840
3841
3865
4161
3853
3855
3867
3869
4164
3846
3847
3848
3856
3863
3847
3848
3998
4167
3846
3847
3859
3870
3999
3846
3848
3866
3871
4168
3861
3868
3872
3862
4002
3869
4171
3853
3854
3855
3854
3855
3853
3854
3853
3855
3860
3861
3862
3860
3861
3873
3860
3862
4013
3861
3862
3874
4014
3875
4016
3867
3868
3869
3867
3868
3867
3869
4175
3868
3869
4176
4178
3872
3874
4032
3872
4194
3875
3875
3875
4036
3880
3881
3882
3897
3904
3911
3880
3881
3898
3880
3882
3905
3931
3881
3882
3912
3932
3901
3908
3903
3916
3910
3917
3934
3887
3888
3889
3897
3904
3888
3889
3887
3888
3899
3887
3889
3906
3901
3908
3902
3909
3894
3895
3896
3897
3911
3894
3895
3895
3896
3900
3918
3894
3896
3913
3919
3915
3902
3903
3916
3920
3901
3902
3903
3901
3903
3901
3902
3902
3903
3908
3909
3910
3908
3910
3952
3908
3909
3909
3910
3953
3956
3915
3916
3917
3916
3917
3921
3959
3915
3916
3922
3915
3917
3960
3923
3962
3920
3920
3922
3985
3923
3923
3975
3923
3988
3926
3928
3939
3926
3940
3929
3942
3929
3952
3929
3954
3957
3934
3935
3936
3951
3958
3965
3934
3935
3952
3934
3936
3959
3935
3936
3966
3956
3962
3957
3969
3963
3970
3941
3942
3943
3951
3965
3941
3943
4262
3941
3942
3954
3942
3943
3967
4263
3955
3957
3969
3971
4266
3948
3949
3950
3958
3965
3949
3950
4005
4269
3948
3949
3961
3972
4006
3948
3950
3968
3973
4270
3963
3970
3974
3964
4009
3971
4273
3955
3956
3957
3956
3957
3955
3956
3955
3957
3962
3963
3964
3962
3963
3975
3962
3964
4020
3963
3964
3976
4021
3977
4023
3969
3970
3971
3969
3970
3969
3971
4277
3970
3971
4278
4280
3974
3976
4038
3974
4296
3977
3977
3977
4042
3980
3980
3982
3983
3983
4035
3983
3986
3986
3988
3989
3989
4041
3989
3994
3995
3996
4011
4018
4025
3994
3995
4012
3994
3996
4019
3995
3996
4026
4015
4022
4017
4030
4024
4031
4001
4002
4003
4011
4025
4001
4002
4002
4003
4014
4032
4001
4003
4027
4033
4029
4016
4017
4030
4034
4008
4009
4010
4018
4025
4008
4009
4009
4010
4021
4038
4008
4010
4028
4039
4029
4023
4024
4031
4040
4015
4016
4017
4015
4017
4035
4015
4016
4016
4017
4036
4037
4022
4023
4024
4022
4024
4041
4022
4023
4023
4024
4042
4043
4029
4030
4031
4030
4031
4029
4030
4029
4031
4034
4036
4034
4356
4037
4037
4037
4040
4042
4040
4362
4043
4043
4043
4046
4065
4046
4048
4066
4049
4068
4049
4085
4101
4049
4086
4088
4052
4072
4052
4054
4073
4055
4075
4055
4092
4107
4055
4093
4095
4060
4061
4062
4077
4084
4091
4060
4061
4078
4060
4062
4085
4111
4061
4062
4092
4112
4082
4088
4083
4095
4089
4096
4114
4067
4068
4069
4077
4084
4067
4069
4160
4067
4068
4079
4068
4069
4086
4162
4081
4082
4088
4090
4165
4074
4075
4076
4077
4091
4074
4076
4262
4074
4075
4080
4075
4076
4093
4264
4081
4083
4095
4097
4267
4081
4082
4083
4082
4083
4081
4082
4081
4083
4088
4089
4090
4088
4089
4132
4088
4090
4182
4089
4090
4133
4183
4135
4185
4095
4096
4097
4095
4096
4139
4095
4097
4284
4096
4097
4140
4285
4142
4287
4100
4102
4119
4200
4100
4120
4422
4103
4121
4103
4132
4103
4134
4204
4136
4106
4108
4126
4302
4106
4127
4428
4109
4128
4109
4139
4109
4141
4306
4143
4114
4115
4116
4131
4138
4145
4114
4115
4132
4114
4116
4139
4115
4116
4146
4135
4142
4136
4149
4143
4150
4121
4122
4123
4131
4145
4122
4123
4214
4442
4121
4122
4134
4215
4121
4123
4147
4443
4136
4149
4137
4217
4151
4445
4128
4129
4130
4138
4145
4129
4130
4316
4449
4128
4129
4141
4317
4128
4130
4148
4450
4143
4150
4144
4319
4151
4452
4135
4136
4137
4135
4136
4135
4137
4229
4136
4137
4230
4231
4142
4143
4144
4142
4143
4142
4144
4331
4143
4144
4332
4333
4149
4150
4151
4149
4150
4149
4151
4457
4150
4151
4458
4459
4156
4157
4158
4173
4180
4187
4156
4157
4174
4156
4158
4181
4207
4157
4158
4188
4208
4177
4184
4179
4192
4186
4193
4210
4163
4164
4165
4173
4180
4164
4165
4163
4164
4175
4163
4165
4182
4177
4184
4178
4185
4170
4171
4172
4173
4187
4170
4171
4171
4172
4176
4194
4170
4172
4189
4195
4191
4178
4179
4192
4196
4177
4178
4179
4177
4179
4177
4178
4178
4179
4184
4185
4186
4184
4186
4228
4184
4185
4185
4186
4229
4232
4191
4192
4193
4192
4193
4197
4235
4191
4192
4198
4191
4193
4236
4199
4238
4196
4196
4198
4357
4199
4199
4251
4199
4360
4202
4204
4215
4202
4216
4205
4218
4205
4228
4205
4230
4233
4210
4211
4212
4227
4234
4241
4210
4211
4228
4210
4212
4235
4211
4212
4242
4232
4238
4233
4245
4239
4246
4217
4218
4219
4227
4241
4217
4219
4538
4217
4218
4230
4218
4219
4243
4539
4231
4233
4245
4247
4542
4224
4225
4226
4234
4241
4225
4226
4376
4545
4224
4225
4237
4248
4377
4224
4226
4244
4249
4546
4239
4246
4250
4240
4380
4247
4549
4231
4232
4233
4232
4233
4231
4232
4231
4233
4238
4239
4240
4238
4239
4251
4238
4240
4391
4239
4240
4252
4392
4253
4394
4245
4246
4247
4245
4246
4245
4247
4553
4246
4247
4554
4556
4250
4252
4410
4250
4572
4253
4253
4253
4414
4258
4259
4260
4275
4282
4289
4258
4259
4276
4258
4260
4283
4309
4259
4260
4290
4310
4279
4286
4281
4294
4288
4295
4312
4265
4266
4267
4275
4282
4266
4267
4265
4266
4277
4265
4267
4284
4279
4286
4280
4287
4272
4273
4274
4275
4289
4272
4273
4273
4274
4278
4296
4272
4274
4291
4297
4293
4280
4281
4294
4298
4279
4280
4281
4279
4281
4279
4280
4280
4281
4286
4287
4288
4286
4288
4330
4286
4287
4287
4288
4331
4334
4293
4294
4295
4294
4295
4299
4337
4293
4294
4300
4293
4295
4338
4301
4340
4298
4298
4300
4363
4301
4301
4353
4301
4366
4304
4306
4317
4304
4318
4307
4320
4307
4330
4307
4332
4335
4312
4313
4314
4329
4336
4343
4312
4313
4330
4312
4314
4337
4313
4314
4344
4334
4340
4335
4347
4341
4348
4319
4320
4321
4329
4343
4319
4321
4640
4319
4320
4332
4320
4321
4345
4641
4333
4335
4347
4349
4644
4326
4327
4328
4336
4343
4327
4328
4383
4647
4326
4327
4339
4350
4384
4326
4328
4346
4351
4648
4341
4348
4352
4342
4387
4349
4651
4333
4334
4335
4334
4335
4333
4334
4333
4335
4340
4341
4342
4340
4341
4353
4340
4342
4398
4341
4342
4354
4399
4355
4401
4347
4348
4349
4347
4348
4347
4349
4655
4348
4349
4656
4658
4352
4354
4416
4352
4674
4355
4355
4355
4420
4358
4358
4360
4361
4361
4413
4361
4364
4364
4366
4367
4367
4419
4367
4372
4373
4374
4389
4396
4403
4372
4373
4390
4372
4374
4397
4373
4374
4404
4393
4400
4395
4408
4402
4409
4379
4380
4381
4389
4403
4379
4380
4380
4381
4392
4410
4379
4381
4405
4411
4407
4394
4395
4408
4412
4386
4387
4388
4396
4403
4386
4387
4387
4388
4399
4416
4386
4388
4406
4417
4407
4401
4402
4409
4418
4393
4394
4395
4393
4395
4413
4393
4394
4394
4395
4414
4415
4400
4401
4402
4400
4402
4419
4400
4401
4401
4402
4420
4421
4407
4408
4409
4408
4409
4407
4408
4407
4409
4412
4414
4412
4734
4415
4415
4415
4418
4420
4418
4740
4421
4421
4421
4424
4443
4424
4426
4444
4427
4446
4427
4463
4479
4427
4464
4466
4430
4450
4430
4432
4451
4433
4453
4433
4470
4485
4433
4471
4473
4438
4439
4440
4455
4462
4469
4438
4439
4456
4438
4440
4463
4489
4439
4440
4470
4490
4460
4466
4461
4473
4467
4474
4492
4445
4446
4447
4455
4462
4445
4447
4538
4445
4446
4457
4446
4447
4464
4540
4459
4460
4466
4468
4543
4452
4453
4454
4455
4469
4452
4454
4640
4452
4453
4458
4453
4454
4471
4642
4459
4461
4473
4475
4645
4459
4460
4461
4460
4461
4459
4460
4459
4461
4466
4467
4468
4466
4467
4510
4466
4468
4560
4467
4468
4511
4561
4513
4563
4473
4474
4475
4473
4474
4517
4473
4475
4662
4474
4475
4518
4663
4520
4665
4478
4480
4497
4578
4478
4498
4481
4499
4481
4510
4481
4512
4582
4514
4484
4486
4504
4680
4484
4505
4800
4487
4506
4487
4517
4487
4519
4684
4521
4492
4493
4494
4509
4516
4523
4492
4493
4510
4492
4494
4517
4493
4494
4524
4513
4520
4514
4527
4521
4528
4499
4500
4501
4509
4523
4500
4501
4592
4499
4500
4512
4593
4499
4501
4525
4514
4527
4515
4595
4529
4506
4507
4508
4516
4523
4507
4508
4694
4506
4507
4519
4695
4506
4508
4526
4801
4521
4528
4522
4697
4529
4513
4514
4515
4513
4514
4513
4515
4607
4514
4515
4608
4609
4520
4521
4522
4520
4521
4520
4522
4709
4521
4522
4710
4711
4527
4528
4529
4527
4528
4527
4529
4528
4529
4802
4534
4535
4536
4551
4558
4565
4534
4535
4552
4534
4536
4559
4585
4535
4536
4566
4586
4555
4562
4557
4570
4564
4571
4588
4541
4542
4543
4551
4558
4542
4543
4541
4542
4553
4541
4543
4560
4555
4562
4556
4563
4548
4549
4550
4551
4565
4548
4549
4549
4550
4554
4572
4548
4550
4567
4573
4569
4556
4557
4570
4574
4555
4556
4557
4555
4557
4555
4556
4556
4557
4562
4563
4564
4562
4564
4606
4562
4563
4563
4564
4607
4610
4569
4570
4571
4570
4571
4575
4613
4569
4570
4576
4569
4571
4614
4577
4616
4574
4574
4576
4735
4577
4577
4629
4577
4738
4580
4582
4593
4580
4594
4583
4596
4583
4606
4583
4608
4611
4588
4589
4590
4605
4612
4619
4588
4589
4606
4588
4590
4613
4589
4590
4620
4610
4616
4611
4623
4617
4624
4595
4596
4597
4605
4619
4595
4597
4595
4596
4608
4596
4597
4621
4609
4611
4623
4625
4602
4603
4604
4612
4619
4603
4604
4754
4602
4603
4615
4626
4755
4602
4604
4622
4627
4617
4624
4628
4618
4758
4625
4609
4610
4611
4610
4611
4609
4610
4609
4611
4616
4617
4618
4616
4617
4629
4616
4618
4769
4617
4618
4630
4770
4631
4772
4623
4624
4625
4623
4624
4623
4625
4624
4625
4628
4630
4788
4628
4631
4631
4631
4792
4636
4637
4638
4653
4660
4667
4636
4637
4654
4636
4638
4661
4687
4637
4638
4668
4688
4657
4664
4659
4672
4666
4673
4690
4643
4644
4645
4653
4660
4644
4645
4643
4644
4655
4643
4645
4662
4657
4664
4658
4665
4650
4651
4652
4653
4667
4650
4651
4651
4652
4656
4674
4650
4652
4669
4675
4671
4658
4659
4672
4676
4657
4658
4659
4657
4659
4657
4658
4658
4659
4664
4665
4666
4664
4666
4708
4664
4665
4665
4666
4709
4712
4671
4672
4673
4672
4673
4677
4715
4671
4672
4678
4671
4673
4716
4679
4718
4676
4676
4678
4741
4679
4679
4731
4679
4744
4682
4684
4695
4682
4696
4685
4698
4685
4708
4685
4710
4713
4690
4691
4692
4707
4714
4721
4690
4691
4708
4690
4692
4715
4691
4692
4722
4712
4718
4713
4725
4719
4726
4697
4698
4699
4707
4721
4697
4699
4697
4698
4710
4698
4699
4723
4803
4711
4713
4725
4727
4704
4705
4706
4714
4721
4705
4706
4761
4804
4704
4705
4717
4728
4762
4704
4706
4724
4729
4805
4719
4726
4730
4720
4765
4727
4806
4711
4712
4713
4712
4713
4711
4712
4711
4713
4718
4719
4720
4718
4719
4731
4718
4720
4776
4719
4720
4732
4777
4733
4779
4725
4726
4727
4725
4726
4725
4727
4807
4726
4727
4808
4809
4730
4732
4794
4730
4810
4733
4733
4733
4798
4736
4736
4738
4739
4739
4791
4739
4742
4742
4744
4745
4745
4797
4745
4750
4751
4752
4767
4774
4781
4750
4751
4768
4750
4752
4775
4751
4752
4782
4771
4778
4773
4786
4780
4787
4757
4758
4759
4767
4781
4757
4758
4758
4759
4770
4788
4757
4759
4783
4789
4785
4772
4773
4786
4790
4764
4765
4766
4774
4781
4764
4765
4765
4766
4777
4794
4764
4766
4784
4795
4785
4779
4780
4787
4796
4771
4772
4773
4771
4773
4791
4771
4772
4772
4773
4792
4793
4778
4779
4780
4778
4780
4797
4778
4779
4779
4780
4798
4799
4785
4786
4787
4786
4787
4785
4786
4785
4787
4790
4792
4790
4793
4793
4793
4796
4798
4796
4811
4799
4799
4799
4801
4802
4807
4806
4806
4808
4810
4809
4809
4809
4814
4823
4814
4815
4826
4860
4816
4827
4816
4852
4862
4853
4819
4830
4819
4820
4833
4907
4821
4834
4821
4856
4909
4857
4824
4828
4864
5000
4824
4827
4836
4825
4838
5002
4827
4828
4839
4851
5003
4827
4828
4852
4868
4841
4853
4854
4869
5005
4831
4835
4911
5001
4831
4834
4837
4832
4838
5002
4834
4835
4839
4855
5003
4834
4835
4856
4915
4842
4857
4858
4916
5006
4838
4841
4838
4842
4839
4841
4842
4843
4841
4842
4844
4845
4846
4845
4846
4851
4855
4845
4846
4853
4857
4849
4850
4851
4855
5003
4849
4850
4890
4937
5004
4854
4891
5005
4858
4938
5006
4853
4854
4853
4854
4894
4895
4857
4858
4857
4858
4941
4942
4861
4865
4861
4862
4868
4863
4870
4863
4894
4896
4866
4869
5007
4866
4870
4878
4867
4880
5009
4869
4870
4881
4893
5010
4869
4870
4894
4895
5012
4883
4896
4873
4877
4953
5008
4873
4876
4879
4901
4874
4880
5009
4876
4877
4881
4897
5010
4876
4877
4898
4902
4957
4884
4899
4903
4900
4958
5013
4880
4883
4880
4884
4881
4883
4884
4885
4883
4884
4886
4887
4888
4887
4888
4893
4897
4887
4888
4896
4899
4891
4892
4893
4897
5010
4891
4892
4979
5011
4895
5012
4900
4980
5013
4895
4896
4895
4896
4899
4900
4899
4900
4904
4983
4905
4984
4903
4903
4904
4991
4905
4905
4993
4908
4912
4908
4909
4915
4910
4917
4910
4941
4943
4913
4916
5014
4913
4917
4925
4914
4927
5016
4916
4917
4928
4940
5017
4916
4917
4941
4942
5019
4930
4943
4920
4924
4960
5015
4920
4923
4926
4948
4921
4927
5016
4923
4924
4928
4944
5017
4923
4924
4945
4949
4964
4931
4946
4950
4947
4965
5020
4927
4930
4927
4931
4928
4930
4931
4932
4930
4931
4933
4934
4935
4934
4935
4940
4944
4934
4935
4943
4946
4938
4939
4940
4944
5017
4938
4939
4979
5018
4942
5019
4947
4981
5020
4942
4943
4942
4943
4946
4947
4946
4947
4951
4987
4952
4988
4950
4950
4951
4996
4952
4952
4998
4955
4958
5021
4955
4959
4967
4990
4956
4969
5023
4958
4959
4970
4982
5024
4958
4959
4983
4991
4984
5026
4972
4985
4992
4962
4965
5022
4962
4966
4968
4995
4963
4969
5023
4965
4966
4970
4986
5024
4965
4966
4987
4996
4988
5027
4973
4989
4997
4969
4972
4969
4973
4970
4972
4973
4974
4972
4973
4975
4976
4977
4976
4977
4982
4986
4976
4977
4985
4989
4980
4981
4982
4986
5024
4980
4981
5025
4984
5026
4988
5027
4984
4985
4984
4985
4993
4994
4988
4989
4988
4989
4998
4999
4992
4992
4993
4994
4994
4997
4997
4998
4999
4999
5002
5005
5007
5002
5006
5014
5003
5005
5006
5005
5006
5011
5018
5012
5019
5009
5012
5009
5013
5021
5010
5012
5013
5012
5013
5025
5026
5016
5019
5016
5020
5022
5017
5019
5020
5019
5020
5025
5027
5023
5026
5023
5027
5024
5026
5027
5026
5027
)


// ************************************************************************* //
