/*--------------------------------*- C++ -*----------------------------------*\
| =========                 |                                                 |
| \\      /  F ield         | OpenFOAM: The Open Source CFD Toolbox           |
|  \\    /   O peration     | Version:  2206                                  |
|   \\  /    A nd           | Website:  www.openfoam.com                      |
|    \\/     M anipulation  |                                                 |
\*---------------------------------------------------------------------------*/
FoamFile
{
    version     2.0;
    format      ascii;
    arch        "LSB;label=32;scalar=64";
    class       volScalarField;
    location    "250";
    object      p;
}
// * * * * * * * * * * * * * * * * * * * * * * * * * * * * * * * * * * * * * //

dimensions      [0 2 -2 0 0 0 0];

internalField   nonuniform List<scalar> 
10720
(
-62.4653
-133.768
-217.633
-300.283
-376.652
-454.446
-523.465
-581.41
-631.746
-671.129
-701.112
-723.193
-738.499
-747.755
-751.139
-748.002
-739.253
-723.842
-703.192
-677.364
-649.71
-623.272
-600.622
-573.629
-533.371
-482.284
-429.916
-384.324
-345.082
-308.172
-271.685
-235.528
-199.743
-163.963
-127.783
-90.1733
-51.656
-6.99354
26.0977
8.92084
73.9813
143.342
208.102
263.447
305.391
330.159
338.462
336.076
323.188
302.171
278.634
255.093
232.313
210.933
190.821
172.033
154.136
136.861
119.717
102.652
85.357
67.9235
50.7636
35.745
23.9083
14.193
6.311
0.447172
-3.43309
-5.57795
-6.13556
-5.18847
-2.74281
1.21032
7.02513
15.2767
29.2099
52.9203
43.0739
-11.0948
-71.7806
-136.231
-202.461
-270.246
-336.032
-397.743
-454.694
-505.128
-548.836
-585.825
-616.001
-639.362
-655.726
-664.791
-667.309
-663.166
-653.409
-638.585
-621.334
-604.007
-587.692
-565.251
-528.484
-479.435
-428.3
-383.248
-344.195
-307.364
-270.907
-234.787
-199.075
-163.39
-127.317
-89.8044
-51.3664
-6.68887
25.7891
91.8181
138.284
184.633
229.342
268.746
300.231
320.659
329.367
327.954
317.278
300.105
279.914
258.657
237.273
216.471
196.499
177.486
159.251
141.597
124.196
106.947
89.6446
72.3715
55.5525
40.66
28.621
18.7528
10.6414
4.2507
-0.319129
-3.08086
-4.12894
-3.56675
-1.42696
2.28938
7.92729
16.0461
29.9006
52.6792
56.8667
8.19714
-46.6018
-107.104
-169.832
-234.124
-298.415
-360.045
-417.43
-469.572
-515.22
-553.819
-585.063
-609.145
-626.299
-636.942
-641.104
-638.846
-630.815
-617.732
-601.454
-584.005
-566.544
-544.626
-511.431
-467.326
-420.436
-377.912
-340.27
-304.465
-268.856
-233.384
-198.094
-162.662
-126.758
-89.3783
-51.0458
-6.43978
25.9098
100.786
143.457
185.899
226.084
260.8
288.428
306.862
315.793
315.964
308.038
294.094
276.485
256.992
236.784
216.671
197.089
178.239
160.085
142.485
125.195
108.083
91.0075
74.0325
57.5398
42.6922
30.393
20.2713
11.9721
5.48165
0.887292
-1.87431
-2.96094
-2.49037
-0.476751
3.11085
8.63525
16.6657
30.3857
52.2813
79.4945
38.6947
-7.91274
-59.1661
-112.975
-169.271
-226.389
-282.568
-336.483
-386.98
-432.935
-473.621
-508.573
-537.641
-560.7
-577.875
-588.714
-593.174
-591.568
-584.507
-573.277
-559.419
-543.77
-523.477
-493.622
-454.154
-411.282
-371.209
-334.982
-300.291
-265.671
-231.024
-196.408
-161.516
-126.003
-88.8967
-50.7461
-6.34096
26.1117
116.04
151.138
186.344
220.31
250.042
274.276
291.197
300.322
301.896
296.383
285.379
270.625
253.585
235.357
216.73
198.189
180.008
162.272
144.925
127.824
110.866
93.9769
77.2292
60.9814
46.1928
33.7131
23.3751
14.8556
8.11086
3.20271
0.0750846
-1.37637
-1.2274
0.527333
3.92288
9.31143
17.2431
30.7897
51.8351
85.6322
49.3058
7.61325
-38.5694
-87.1884
-138.655
-191.595
-244.397
-296.051
-345.398
-391.293
-432.925
-469.616
-500.869
-526.382
-545.845
-559.009
-565.879
-566.691
-562.066
-553.019
-540.834
-526.157
-506.957
-479.431
-443.229
-403.237
-364.949
-329.771
-295.956
-262.175
-228.285
-194.326
-160.002
-124.98
-88.295
-50.4538
-6.38328
26.17
118.252
149.413
180.753
210.986
237.469
259.33
275.174
284.419
287.095
283.621
275.15
262.995
248.299
232.023
214.918
197.493
180.083
162.867
145.879
129.061
112.358
95.7392
79.2899
63.3414
48.6858
36.0962
25.5647
16.8341
9.86593
4.72805
1.39389
-0.222057
-0.201598
1.44507
4.74621
10.0479
17.8874
31.2244
51.3802
89.4345
57.273
20.1664
-20.9042
-64.1541
-110.284
-158.011
-206.056
-253.679
-299.822
-343.518
-383.996
-420.521
-452.495
-479.492
-501.135
-517.304
-527.804
-532.64
-532.175
-527.08
-518.249
-506.085
-489.121
-464.456
-431.668
-394.71
-358.457
-324.536
-291.672
-258.709
-225.523
-192.184
-158.411
-123.876
-87.6406
-50.1903
-6.59665
26.0486
118.317
145.803
173.648
200.709
224.543
244.506
259.466
268.744
272.249
270.395
264.027
254.16
241.687
227.408
211.997
195.935
179.574
163.143
146.743
130.389
114.073
97.8098
81.7011
66.0618
51.5671
38.92
28.2327
19.3256
12.1652
6.81553
3.26278
1.42359
1.22108
2.65204
5.75869
10.8919
18.5762
31.644
50.8856
89.3622
60.336
26.7585
-10.4399
-49.5349
-91.4602
-135.079
-179.27
-223.539
-266.948
-308.656
-347.98
-384.168
-416.574
-444.68
-468.033
-486.225
-498.992
-506.182
-508.075
-505.211
-498.294
-487.643
-472.257
-449.962
-420.258
-386.203
-351.99
-319.361
-287.467
-255.331
-222.835
-190.067
-156.803
-122.757
-87.0079
-50.019
-7.01818
25.7213
115.456
140.209
165.413
190.009
211.755
230.196
244.403
253.633
257.75
257.164
252.518
244.607
234.133
221.743
208.012
193.367
178.147
162.609
146.902
131.099
115.242
99.3861
83.6539
68.3464
54.0496
41.4022
30.6005
21.54
14.1982
8.63852
4.86158
2.80255
2.39644
3.64882
6.60646
11.6138
19.1724
31.9662
50.3165
87.6891
61.3417
30.7995
-3.00624
-38.4398
-76.5598
-116.319
-156.742
-197.506
-237.81
-276.929
-314.292
-349.209
-381.042
-409.234
-433.275
-452.699
-467.271
-476.785
-481.307
-481.134
-476.696
-468.153
-454.779
-434.982
-408.299
-377.105
-344.997
-313.767
-282.941
-251.723
-220.003
-187.876
-155.152
-121.597
-86.3573
-49.9207
-7.63105
25.1364
111.41
133.864
156.855
179.401
199.412
216.59
230.121
239.231
243.797
244.19
240.932
234.665
225.947
215.294
203.187
189.982
175.99
161.466
146.583
131.455
116.164
100.801
85.5058
70.5691
56.5157
43.9284
33.0611
23.8814
16.3846
10.6367
6.65409
4.38796
3.7814
4.84381
7.62811
12.474
19.8623
32.3145
49.7454
84.799
60.6734
32.6739
1.70576
-30.6519
-65.5219
-101.958
-139.079
-176.706
-214.142
-250.781
-286.162
-319.662
-350.685
-378.683
-403.116
-423.492
-439.443
-450.683
-457.106
-458.876
-456.287
-449.43
-437.788
-420.199
-396.243
-367.731
-337.697
-307.906
-278.188
-247.922
-217.015
-185.57
-153.431
-120.395
-85.6723
-49.8331
-8.34006
24.2764
106.551
127.11
148.263
169.091
187.637
203.746
216.659
225.604
230.483
231.63
229.485
224.583
217.379
208.286
197.693
185.891
173.147
159.696
145.716
131.344
116.694
101.884
87.0693
72.5356
58.7619
46.2848
35.3953
26.1257
18.4944
12.5722
8.39026
5.91675
5.10682
5.97773
8.58932
13.2744
20.4883
32.5808
49.1146
81.256
59.0375
33.2331
4.72788
-24.9605
-56.98
-90.4505
-124.577
-159.282
-193.954
-228.096
-261.34
-293.135
-322.96
-350.289
-374.582
-395.332
-412.13
-424.672
-432.744
-436.35
-435.619
-430.538
-420.712
-405.295
-383.931
-358.004
-330.05
-301.756
-273.196
-243.922
-213.863
-183.135
-151.616
-119.136
-84.9572
-49.7287
-9.08872
23.1929
101.324
120.266
139.849
159.204
176.493
191.667
204.013
212.759
217.844
219.568
218.312
214.534
208.62
200.901
191.694
181.226
169.716
157.368
144.35
130.806
116.87
102.678
88.3977
74.3093
60.8593
48.5475
37.6871
28.3658
20.629
14.5549
10.1894
7.5194
6.5116
7.18969
9.62083
14.129
21.1425
32.8279
48.4534
77.3269
56.7548
32.8523
6.48302
-20.8847
-50.412
-81.2718
-112.741
-144.8
-176.921
-208.699
-239.851
-269.894
-298.375
-324.819
-348.711
-369.545
-386.887
-400.374
-409.718
-414.778
-415.581
-412.059
-403.897
-390.478
-371.504
-348.017
-322.105
-295.338
-267.977
-239.729
-210.553
-180.576
-149.709
-117.819
-84.2205
-49.6036
-9.88776
21.9512
95.9397
113.493
131.718
149.796
165.989
180.334
192.148
200.677
205.883
208.044
207.494
204.642
199.817
193.296
185.335
176.108
165.786
154.537
142.509
129.841
116.673
103.152
89.4516
75.8457
62.7592
50.6616
39.8776
30.5408
22.7254
16.5196
11.9842
9.12435
7.92112
8.4055
10.6528
14.9762
21.775
33.0268
47.7568
73.2156
54.0865
31.8554
7.36495
-17.9656
-45.2907
-73.8277
-102.909
-132.567
-162.331
-191.872
-220.978
-249.234
-276.259
-301.624
-324.852
-345.46
-363.002
-377.089
-387.402
-393.678
-395.849
-393.789
-387.224
-375.693
-358.952
-337.774
-313.866
-288.653
-262.529
-235.344
-207.088
-177.896
-147.715
-116.449
-83.4704
-49.4763
-10.7524
20.5761
90.5571
106.897
123.933
140.883
156.112
169.708
181.02
189.323
194.584
197.071
197.083
194.988
191.079
185.592
178.737
170.645
161.445
151.268
140.234
128.471
116.113
103.309
90.2312
77.1473
64.4651
52.6303
41.9718
32.6598
24.7972
18.4846
13.7973
10.7595
9.36716
9.65825
11.7164
15.8425
22.4054
33.1901
47.0296
69.0515
51.1958
30.4459
7.6195
-15.9091
-41.2787
-67.7456
-94.6855
-122.17
-149.782
-177.24
-204.399
-230.903
-256.433
-280.618
-303.025
-323.201
-340.706
-355.125
-366.13
-373.363
-376.678
-375.907
-370.803
-361.015
-346.333
-327.324
-305.361
-281.713
-256.858
-230.767
-203.464
-175.093
-145.634
-115.025
-82.7064
-49.3681
-11.6825
19.0738
85.2657
100.541
116.518
132.464
146.834
159.748
170.585
178.653
183.922
186.647
187.104
185.627
182.486
177.886
172.003
164.936
156.778
147.626
137.573
126.723
115.2
103.146
90.7266
78.201
65.9612
54.4341
43.948
34.701
26.8228
20.4286
15.6081
12.4041
10.8288
10.9276
12.7928
16.7118
23.0217
33.3134
46.2743
64.921
48.1997
28.7739
7.43439
-14.4871
-38.109
-62.7219
-87.734
-113.251
-138.892
-164.422
-189.741
-214.549
-238.583
-261.529
-283
-302.572
-319.83
-334.347
-345.793
-353.764
-358.034
-358.403
-354.639
-346.458
-333.676
-316.698
-296.614
-274.53
-250.969
-225.999
-199.68
-172.165
-143.463
-113.547
-81.9252
-49.2856
-12.6755
17.4589
80.1284
94.4527
109.486
124.526
138.123
150.409
160.797
168.627
173.864
176.761
177.567
176.595
174.095
170.252
165.218
159.068
151.866
143.68
134.576
124.631
113.953
102.67
90.9385
79.0031
67.2416
56.0645
45.7965
36.6554
28.7955
22.3471
17.4147
14.0589
12.3091
12.218
13.8867
17.5878
23.6262
33.4006
45.4949
60.8799
45.179
26.9446
6.94319
-13.5372
-35.5893
-58.5309
-81.8057
-105.536
-129.374
-153.122
-176.719
-199.913
-222.487
-244.174
-264.637
-283.489
-300.342
-314.777
-326.456
-334.963
-340
-341.35
-338.785
-332.068
-321.027
-305.939
-287.655
-267.12
-244.868
-221.043
-195.737
-169.11
-141.2
-112.012
-81.1254
-49.2243
-13.7292
15.7437
75.1824
88.6516
102.831
117.052
129.945
141.65
151.612
159.201
164.38
167.391
168.472
167.91
165.946
162.748
158.452
153.115
146.781
139.493
131.291
122.229
112.392
101.893
90.8699
79.551
68.299
57.5108
47.5039
38.5091
30.702
24.228
19.2059
15.7143
13.7993
13.5216
14.9911
18.4648
24.2148
33.452
44.6952
56.9652
42.1895
25.0341
6.24479
-12.9356
-33.5675
-54.9968
-76.6978
-98.8027
-120.992
-143.101
-165.095
-186.759
-207.921
-228.358
-247.775
-265.827
-282.154
-296.356
-308.089
-316.954
-322.594
-324.772
-323.269
-317.873
-308.421
-295.084
-278.515
-259.503
-238.566
-215.904
-191.637
-165.93
-138.845
-110.422
-80.3067
-49.1811
-14.8366
13.9342
70.4486
83.144
96.5467
110.019
122.266
133.431
142.989
150.337
155.436
158.52
159.814
159.585
158.067
155.417
151.759
147.139
141.587
135.124
127.77
119.556
110.546
100.83
90.5266
79.8449
69.1309
58.7661
49.0601
40.2511
32.5316
26.0617
20.9741
17.364
15.295
14.8355
16.1038
19.3408
24.7863
33.4702
43.8792
53.202
39.2682
23.0957
5.41161
-12.5897
-31.9302
-51.987
-72.256
-92.8792
-113.562
-134.161
-154.663
-174.889
-194.701
-213.916
-232.278
-249.48
-265.195
-279.047
-290.69
-299.755
-305.846
-308.708
-308.128
-303.912
-295.898
-284.175
-269.227
-251.701
-232.077
-210.589
-187.382
-162.623
-136.398
-108.775
-79.4688
-49.1536
-15.9897
12.037
65.9375
77.9294
90.6202
103.405
115.056
125.716
134.889
141.998
146.999
150.124
151.579
151.621
150.475
148.291
145.183
141.193
136.338
130.628
124.062
116.655
108.445
99.5007
89.9205
79.8896
69.7353
59.8243
50.4556
41.8701
34.2728
27.8373
22.7094
18.9998
16.789
16.1538
17.2199
20.2122
25.3386
33.457
43.0509
49.6043
36.441
21.1716
4.49656
-12.4263
-30.5909
-49.3934
-68.3571
-87.6257
-106.927
-126.134
-145.256
-164.136
-182.668
-200.701
-218.015
-234.342
-249.384
-262.795
-274.233
-283.362
-289.767
-293.18
-293.389
-290.216
-283.497
-273.251
-259.828
-243.739
-225.416
-205.109
-182.977
-159.193
-133.86
-107.07
-78.61
-49.1411
-17.1797
10.0632
61.6531
73.0001
85.0355
97.1852
108.283
118.469
127.276
134.148
139.041
142.178
143.756
144.017
143.18
141.391
138.757
135.317
131.083
126.053
120.214
113.563
106.12
97.9289
89.0662
79.6925
70.1142
60.6822
51.683
43.3561
35.915
29.5445
24.4022
20.6135
18.2746
17.4712
18.335
21.0757
25.87
33.4151
42.2151
46.179
33.7257
19.2868
3.5421
-12.3944
-29.4789
-47.1334
-64.9002
-82.9291
-100.961
-118.887
-136.729
-154.353
-171.676
-188.577
-204.865
-220.309
-234.642
-247.544
-258.692
-267.767
-274.369
-278.209
-279.08
-276.816
-271.252
-262.352
-250.351
-235.644
-218.601
-199.473
-178.429
-155.643
-131.23
-105.309
-77.7294
-49.1418
-18.3976
8.02488
57.595
68.3474
79.7764
91.3376
101.918
111.658
120.116
126.756
131.531
134.66
136.327
136.765
136.186
134.732
132.507
129.547
125.862
121.443
116.269
110.322
103.603
96.1383
87.9795
79.263
70.272
61.3388
52.7367
44.7007
37.4482
31.1728
26.0427
22.1962
19.7441
18.7815
19.4441
21.9277
26.379
33.347
41.3764
42.9298
31.1332
17.4621
2.5762
-12.4509
-28.5427
-45.1402
-61.809
-78.698
-95.5628
-112.306
-128.961
-145.414
-161.599
-177.421
-192.718
-207.287
-220.891
-233.24
-244.029
-252.957
-259.652
-263.807
-265.222
-263.74
-259.198
-251.516
-240.834
-227.443
-211.652
-193.695
-173.746
-151.976
-128.511
-103.489
-76.825
-49.1527
-19.635
5.93495
53.7589
63.9613
74.8271
85.8402
95.9357
105.253
113.379
119.791
124.443
127.546
129.279
129.858
129.494
128.324
126.451
123.909
120.708
116.835
112.264
106.966
100.928
94.1562
86.6814
78.615
70.2154
61.7951
53.6131
45.8964
38.8631
32.7124
27.6211
23.7389
21.1898
20.0779
20.542
22.7644
26.864
33.2555
40.5391
39.8561
28.6693
15.7118
1.62218
-12.5651
-27.7392
-43.3625
-59.0192
-74.8576
-90.6458
-106.298
-121.855
-137.217
-152.336
-167.135
-181.479
-195.191
-208.06
-219.825
-230.205
-238.912
-245.61
-249.981
-251.83
-251.013
-247.368
-240.781
-231.314
-219.169
-204.59
-187.791
-168.939
-148.198
-125.705
-101.613
-75.8947
-49.1695
-20.8822
3.80778
50.1402
59.8307
70.171
80.6711
90.3112
99.2296
107.037
113.227
117.752
120.817
122.592
123.286
123.1
122.172
120.601
118.423
115.648
112.263
108.236
103.532
98.126
92.0099
85.1935
77.7635
69.953
62.0545
54.3105
46.9378
40.1515
34.1537
29.1277
25.2324
22.6032
21.3535
21.623
23.5821
27.3238
33.1432
39.7079
36.9558
26.3373
14.0439
0.695833
-12.7121
-27.0362
-41.7572
-56.4791
-71.3452
-86.1395
-100.783
-115.322
-129.67
-143.791
-157.627
-171.058
-183.938
-196.078
-207.243
-217.178
-225.606
-232.232
-236.733
-238.918
-238.657
-235.791
-230.179
-221.825
-210.85
-197.441
-181.778
-164.017
-144.317
-122.815
-99.6802
-74.9364
-49.1876
-22.1293
1.65825
46.7311
55.9438
65.7919
75.8106
85.0216
93.5626
101.066
107.038
111.434
114.452
116.253
117.036
117
116.278
114.966
113.106
110.705
107.751
104.213
100.049
95.2281
89.7264
83.5374
76.7247
69.4964
62.1229
54.8295
47.821
41.3066
35.4882
30.5529
26.6673
23.9761
22.6008
22.6813
24.3769
27.7572
33.0129
38.8873
34.225
24.137
12.465
-0.190697
-12.8751
-26.4075
-40.2916
-54.1465
-68.1137
-81.9863
-95.6952
-109.29
-122.694
-135.882
-148.811
-161.378
-173.455
-184.88
-195.442
-204.906
-213.014
-219.505
-224.06
-226.495
-226.689
-224.491
-219.745
-212.402
-202.521
-190.229
-175.674
-158.995
-140.339
-119.846
-97.6914
-73.9476
-49.2016
-23.3669
-0.499536
43.5231
52.2898
61.6757
71.2405
80.0469
88.2295
95.4406
101.202
105.467
108.431
110.244
111.098
111.186
110.639
109.552
107.966
105.894
103.323
100.221
96.5474
92.2622
87.3324
81.7366
75.5177
68.8588
62.0078
55.1727
48.5439
42.3227
36.7079
31.888
28.0345
25.2997
23.8123
23.7108
25.1447
28.1629
32.8671
38.0814
31.6584
22.0677
10.9779
-1.02948
-13.0383
-25.8334
-38.9382
-51.9878
-65.1197
-78.1393
-90.9814
-103.7
-116.225
-128.541
-140.617
-152.365
-163.676
-174.405
-184.366
-193.347
-201.105
-207.409
-211.955
-214.564
-215.123
-213.493
-209.507
-203.079
-194.211
-182.98
-169.5
-153.886
-136.275
-116.802
-95.6478
-72.926
-49.2052
-24.5843
-2.65006
40.5086
48.856
57.8075
66.9445
75.3677
83.2088
90.1399
95.6963
99.832
102.735
104.551
105.459
105.651
105.253
104.359
103.013
101.228
98.9952
96.2836
93.051
89.2544
84.8534
79.8144
74.1617
68.0547
61.7189
55.3441
49.1065
43.196
37.8061
33.1245
29.3251
26.5654
24.9801
24.7055
25.8817
28.5401
32.7082
37.2943
29.2498
20.1269
9.58423
-1.81511
-13.1914
-25.2977
-37.6749
-49.9743
-62.3299
-74.5561
-86.593
-98.4958
-110.203
-121.707
-132.983
-143.958
-154.538
-164.597
-173.967
-182.458
-189.848
-195.925
-200.41
-203.126
-203.97
-202.817
-199.494
-193.885
-185.951
-175.723
-163.277
-148.709
-132.136
-113.689
-93.5512
-71.8682
-49.1919
-25.7712
-4.77841
37.6787
45.6321
54.1732
62.9051
70.9649
78.481
85.1439
90.5022
94.5094
97.348
99.1563
100.107
100.385
100.114
99.3878
98.2505
96.7177
94.7829
92.4177
89.581
86.228
82.3126
77.7924
72.6758
67.0993
61.2671
55.3503
49.51
43.924
38.7777
34.2551
30.5307
27.7647
26.0965
25.6589
26.5838
28.8876
32.5384
36.5292
26.9933
18.3111
8.28351
-2.54415
-13.3272
-24.7883
-36.4851
-48.0843
-59.7162
-71.2034
-82.4918
-93.6356
-104.581
-115.327
-125.853
-136.1
-145.986
-155.401
-164.197
-172.2
-179.209
-185.031
-189.412
-192.178
-193.238
-192.478
-189.727
-184.849
-177.771
-168.482
-157.028
-143.477
-127.932
-110.514
-91.4022
-70.7727
-49.154
-26.9169
-6.86935
35.025
42.6065
50.7595
59.1071
66.8222
74.0286
80.4337
85.6006
89.4812
92.2528
94.0472
95.0293
95.3787
95.2174
94.6355
93.6797
92.3679
90.6959
88.6384
86.1559
83.2036
79.7317
75.6918
71.0787
66.0088
60.6643
55.1989
49.7578
44.5057
39.6181
35.2732
31.6434
28.8898
27.1539
26.565
27.247
29.2045
32.3596
35.7893
24.8825
16.6159
7.07486
-3.2144
-13.4398
-24.2951
-35.3546
-46.2988
-57.2548
-68.0526
-78.6436
-89.0808
-99.3171
-109.354
-119.179
-128.741
-137.971
-146.772
-155.01
-162.535
-169.158
-174.703
-178.945
-181.713
-182.928
-182.489
-180.23
-175.999
-169.698
-161.286
-150.775
-138.212
-123.676
-107.283
-89.2051
-69.636
-49.0847
-28.0126
-8.90768
32.5386
39.7687
47.5542
55.5375
62.9241
69.8355
75.9931
80.9744
84.7309
87.4339
89.209
90.2138
90.6226
90.5547
90.0984
89.3012
88.1832
86.7427
84.9576
82.791
80.1989
77.1307
73.5329
69.3904
64.7999
59.9239
54.8988
49.8548
44.942
40.3247
36.1733
32.6562
29.9326
28.1449
27.4176
27.8674
29.4897
32.173
35.0769
22.9107
15.0373
5.95552
-3.82472
-13.5257
-23.811
-34.2718
-44.6034
-54.9266
-65.0809
-75.0211
-84.8002
-94.3741
-103.75
-112.919
-121.838
-130.448
-138.664
-146.368
-153.423
-159.661
-164.916
-168.994
-171.725
-173.043
-172.86
-171.018
-167.358
-161.76
-154.16
-144.542
-132.929
-119.384
-104.005
-86.9609
-68.4564
-48.9775
-29.0472
-10.8796
30.2109
37.1084
44.5457
52.1821
59.256
65.886
71.8058
76.6077
80.2427
82.8764
84.6283
85.6488
86.1072
86.1193
85.7719
85.1132
84.1649
82.9283
81.3842
79.4986
77.2295
74.527
71.3344
67.628
63.4886
59.0592
54.4603
49.8069
45.235
40.8962
36.9516
33.5629
30.8861
29.0625
28.2108
28.4411
29.7422
31.9799
34.3939
21.0711
13.5701
4.92329
-4.37567
-13.5821
-23.3309
-33.2286
-42.9848
-52.7155
-62.268
-71.5995
-80.7642
-89.7211
-98.479
-107.035
-115.351
-123.377
-131.039
-138.231
-144.831
-150.688
-155.647
-159.538
-162.204
-163.58
-163.598
-162.107
-158.944
-153.98
-147.129
-138.352
-127.65
-115.067
-100.69
-84.6735
-67.2314
-48.823
-30.0123
-12.7717
28.034
34.616
41.7224
49.0285
55.8043
62.1652
67.8571
72.4855
76.002
78.5662
80.2919
81.3222
81.8218
81.9029
81.6498
81.1121
80.3129
79.2556
77.9245
76.2887
74.3087
71.9357
69.1122
65.8085
62.0904
58.0838
53.894
49.6217
45.3884
41.3327
37.6048
34.3586
31.7442
29.9001
28.9392
28.9645
29.9609
31.7809
33.7413
19.3573
12.2093
3.9751
-4.86836
-13.6075
-22.8498
-32.2173
-41.4325
-50.6072
-59.5957
-68.3588
-76.949
-85.3294
-93.5107
-101.493
-109.244
-116.721
-123.859
-130.564
-136.726
-142.209
-146.87
-150.563
-153.135
-154.536
-154.706
-153.508
-150.778
-146.381
-140.216
-132.226
-122.392
-110.741
-97.3446
-82.347
-65.9592
-48.6162
-30.8981
-14.5715
25.9998
32.2819
39.0739
46.0654
52.5564
58.6599
64.1331
68.594
71.9951
74.49
76.1871
77.2229
77.756
77.8968
77.7261
77.2944
76.6261
75.7265
74.5831
73.1688
71.4467
69.3699
66.8814
63.9474
60.6207
57.0115
53.2114
49.3074
45.4071
41.6357
38.1317
35.0392
32.5014
30.652
29.5975
29.4341
30.1446
31.5763
33.1193
17.7627
10.9501
3.10731
-5.30408
-13.6015
-22.3653
-31.2328
-39.939
-48.5913
-57.0512
-65.2817
-73.3348
-81.1766
-88.8188
-96.2646
-103.487
-110.449
-117.091
-123.334
-129.076
-134.196
-138.562
-142.047
-144.508
-145.903
-146.185
-145.228
-142.873
-138.981
-133.442
-126.185
-117.175
-106.421
-93.981
-79.9849
-64.639
-48.3499
-31.6972
-16.2685
24.1007
30.0978
36.5901
43.2816
49.5005
55.3576
60.6204
64.9204
68.2094
70.6357
72.3022
73.3394
73.9005
74.0922
73.9936
73.6547
73.1014
72.3406
71.363
70.1448
68.6522
66.8407
64.6552
62.0588
59.0938
55.8559
52.424
48.8731
45.2971
41.8081
38.5318
35.6021
33.1535
31.3131
30.1812
29.8467
30.2919
31.3657
32.5278
16.2811
9.78711
2.31648
-5.68491
-13.5641
-21.8754
-30.2708
-38.4977
-46.6589
-54.6223
-62.354
-69.904
-77.242
-84.3802
-91.3245
-98.0514
-104.529
-110.707
-116.511
-121.854
-126.623
-130.699
-133.971
-136.308
-137.674
-138.034
-137.273
-135.241
-131.797
-126.828
-120.25
-112.017
-102.121
-90.6082
-77.5922
-63.2704
-48.0185
-32.4023
-17.8527
22.329
28.0551
34.2617
40.6664
46.6255
52.2465
57.3073
61.4521
64.632
66.9909
68.626
69.6616
70.2454
70.4809
70.4451
70.1878
69.7353
69.0969
68.2655
67.2205
65.9316
64.3573
62.4448
60.1556
57.5228
54.6296
51.5436
48.3284
45.0654
41.8536
38.8064
36.046
33.6972
31.8794
30.6863
30.1991
30.4017
31.1486
31.9655
14.9062
8.7154
1.59884
-6.01306
-13.4958
-21.3786
-29.3277
-37.1023
-44.8011
-52.2979
-59.5619
-66.6409
-73.5076
-80.1751
-86.6502
-92.9137
-98.9379
-104.678
-110.069
-115.031
-119.464
-123.258
-126.316
-128.52
-129.839
-130.249
-129.647
-127.89
-124.843
-120.389
-114.439
-106.934
-97.8561
-87.2367
-75.1744
-61.8526
-47.6174
-33.0069
-19.3151
20.6778
26.1457
32.0796
38.2103
43.9207
49.3157
54.1826
58.1772
61.252
63.5446
65.1473
66.1784
66.7807
67.0543
67.0732
66.8874
66.5237
65.9926
65.2901
64.3983
63.2901
61.9272
60.2596
58.2487
55.9199
53.3448
50.5815
47.6831
44.7197
41.7776
38.9578
36.3706
34.1304
32.3477
31.1095
30.489
30.4724
30.9239
31.4308
13.632
7.73002
0.950561
-6.29098
-13.3975
-20.8744
-28.4012
-35.749
-43.0116
-50.0697
-56.8944
-63.532
-69.9573
-76.1845
-82.2215
-88.0515
-93.6511
-98.981
-103.982
-108.584
-112.696
-116.218
-119.064
-121.129
-122.388
-122.825
-122.349
-120.828
-118.13
-114.141
-108.767
-101.943
-93.6399
-83.8768
-72.7368
-60.3876
-47.1423
-33.5056
-20.6492
19.1403
24.3619
30.0355
35.9042
41.3765
46.5548
51.235
55.0853
58.0581
60.2855
61.8553
62.8801
63.4969
63.8031
63.8701
63.7471
63.4614
63.0251
62.4359
61.6791
60.7307
59.5558
58.1075
56.3478
54.2958
52.0131
49.5487
46.9473
44.2682
41.5861
38.9895
36.5773
34.4525
32.716
31.4482
30.7141
30.5027
30.6902
30.9212
12.4529
6.82604
0.367825
-6.52133
-13.2706
-20.3626
-27.4898
-34.4341
-41.2858
-47.9307
-54.3427
-60.5665
-66.5786
-72.3937
-78.0206
-83.4454
-88.6475
-93.5925
-98.2276
-102.489
-106.296
-109.557
-112.196
-114.12
-115.309
-115.755
-115.379
-114.058
-111.667
-108.096
-103.25
-97.0591
-89.486
-80.5389
-70.2855
-58.8762
-46.5914
-33.8949
-21.8491
17.7098
22.6963
28.1212
33.7391
38.9834
43.9538
48.4548
52.166
55.0399
57.2035
58.7404
59.7567
60.3853
60.7196
60.8286
60.7605
60.5435
60.1904
59.7008
59.063
58.2558
57.2477
55.9951
54.4612
52.6603
50.6446
48.4558
46.1308
43.7195
41.2857
38.9064
36.6684
34.6639
32.9836
31.7008
30.8726
30.4911
30.4458
30.4338
11.3631
5.99881
-0.153232
-6.70683
-13.1167
-19.8433
-26.5917
-33.1546
-39.6186
-45.8744
-51.8985
-57.7337
-63.3587
-68.7883
-74.0321
-79.0779
-83.9082
-88.4928
-92.7844
-96.7256
-100.243
-103.256
-105.694
-107.478
-108.591
-109.032
-108.733
-107.581
-105.46
-102.263
-97.8995
-92.295
-85.4065
-77.2327
-67.8273
-57.3211
-45.9632
-34.1717
-22.911
16.3801
21.1422
26.3291
31.7072
36.733
41.5038
45.8322
49.4092
52.1876
54.289
55.7929
56.7995
57.4368
57.7949
57.9405
57.9208
57.7642
57.4841
57.0822
56.5491
55.8662
55.0056
53.9274
52.5962
51.0217
49.249
47.3129
45.2435
43.0826
40.8839
38.7137
36.6475
34.7662
33.1505
31.8664
30.9635
30.4365
30.1886
29.9654
10.3574
5.24369
-0.61636
-6.85035
-12.9374
-19.3172
-25.7066
-31.9089
-38.0063
-43.8956
-49.5547
-55.0253
-60.2872
-65.356
-70.2414
-74.9334
-79.4163
-83.6638
-87.6336
-91.2743
-94.5196
-97.2956
-99.5407
-101.186
-102.22
-102.646
-102.406
-101.397
-99.5127
-96.6517
-92.7261
-87.6622
-81.4126
-73.9679
-65.3681
-55.7255
-45.257
-34.3349
-23.8323
15.1453
19.6929
24.6522
29.8004
34.6167
39.1958
43.3584
46.806
49.4919
51.5325
53.0033
53.9991
54.6428
55.0214
55.1987
55.2215
55.1177
54.9018
54.5768
54.1356
53.5622
52.832
51.9084
50.7583
49.3875
47.8347
46.1289
44.2947
42.3662
40.3886
38.4178
36.519
34.7623
33.2181
31.9451
30.9861
30.3377
29.9165
29.5123
9.43069
4.55628
-1.02521
-6.95446
-12.7346
-18.7848
-24.8339
-30.6946
-36.4457
-41.9894
-47.3053
-52.4334
-57.3552
-62.0862
-66.6366
-70.9976
-75.1563
-79.0889
-82.7577
-86.1164
-89.1059
-91.6587
-93.72
-95.2315
-96.1841
-96.5877
-96.3916
-95.5039
-93.8261
-91.2655
-87.7375
-83.1704
-77.5144
-70.7531
-62.9151
-54.0936
-44.4744
-34.3839
-24.6118
13.9995
18.3422
23.0834
28.0114
32.6269
37.0219
41.0247
44.3477
46.9439
48.9254
50.363
51.3468
51.9949
52.3906
52.5956
52.6555
52.5981
52.4384
52.1808
51.8201
51.3431
50.7276
49.941
48.9521
47.764
46.4095
44.9127
43.2933
41.5793
39.8078
38.0259
36.2886
34.6559
33.1887
31.938
30.9403
30.1938
29.6273
29.0705
8.57808
3.93206
-1.38331
-7.02203
-12.5103
-18.247
-23.9732
-29.5105
-34.9346
-40.1524
-45.1452
-49.9514
-54.5542
-58.9692
-63.2063
-67.2583
-71.1143
-74.753
-78.1408
-81.2359
-83.9852
-86.328
-88.2153
-89.5978
-90.4701
-90.8458
-90.6819
-89.8968
-88.4005
-86.1079
-82.9399
-78.8278
-73.7207
-67.5971
-60.4749
-52.4296
-43.6177
-34.3205
-25.2504
12.9374
17.084
21.6165
26.3332
30.756
34.9742
38.8232
42.0258
44.5354
46.4591
47.8638
48.8347
49.485
49.8951
50.124
50.2162
50.1994
50.0889
49.8903
49.6001
49.2074
48.6929
48.0272
47.1814
46.1566
44.9799
43.6718
42.2478
40.7304
39.1498
37.5452
35.9623
34.4519
33.0655
31.847
30.8267
30.004
29.3189
28.6362
7.79483
3.36712
-1.69427
-7.05584
-12.2661
-17.7049
-23.1245
-28.3556
-33.4704
-38.3807
-43.0692
-47.5731
-51.877
-55.9959
-59.9403
-63.7038
-67.2775
-70.6422
-73.7679
-76.6171
-79.1418
-81.288
-83.0114
-84.2712
-85.0649
-85.4093
-85.2688
-84.5704
-83.2334
-81.1801
-78.3374
-74.6403
-70.0387
-64.5071
-58.0542
-50.739
-42.6905
-34.147
-25.7497
11.9537
15.9129
20.2453
24.7594
28.9973
33.0455
36.7464
39.8328
42.2585
44.1255
45.4976
46.4548
47.1056
47.5275
47.7769
47.8972
47.9158
47.8482
47.701
47.4724
47.1534
46.7275
46.1684
45.4492
44.5695
43.5519
42.4134
41.1661
39.8278
38.423
36.9835
35.5471
34.1558
32.8527
31.6746
30.6466
29.7681
28.9892
28.2053
7.07648
2.8574
-1.96134
-7.05856
-12.0043
-17.1597
-22.2882
-27.2293
-32.0514
-36.6716
-41.0738
-45.2937
-49.3169
-53.1588
-56.8295
-60.3238
-63.6342
-66.7438
-69.6254
-72.2455
-74.561
-76.5234
-78.0936
-79.2373
-79.9554
-80.2671
-80.1429
-79.5182
-78.3212
-76.4812
-73.9319
-70.6126
-66.4745
-61.4899
-55.6595
-49.0275
-41.6973
-33.8675
-26.1129
11.0437
14.8233
18.9642
23.2838
27.3441
31.2287
34.7869
37.7611
40.1055
41.9174
43.2569
44.1997
44.8495
45.2807
45.5475
45.692
45.7413
45.7111
45.6088
45.4337
45.1791
44.8305
44.3648
43.7576
43.0065
42.1307
41.1439
40.0555
38.8796
37.6356
36.3489
35.0502
33.7739
32.5552
31.4244
30.4016
29.4861
28.6363
27.7741
6.41871
2.39914
-2.18778
-7.03277
-11.7264
-16.6125
-21.4645
-26.1307
-30.6764
-35.0226
-39.1551
-43.1079
-46.8682
-50.4506
-53.8657
-57.109
-60.174
-63.0459
-65.7007
-68.1079
-70.2288
-72.0201
-73.4474
-74.4824
-75.1286
-75.4072
-75.2942
-74.7325
-73.6584
-72.0088
-69.7237
-66.7472
-63.0328
-58.5513
-53.297
-47.301
-40.6436
-33.4867
-26.3446
10.2026
13.8102
17.7673
21.9006
25.7901
29.5174
32.9381
35.8039
38.0693
39.8273
41.1345
42.062
42.7094
43.1479
43.4293
43.5946
43.6705
43.6726
43.609
43.4805
43.2817
43.0006
42.6167
42.1078
41.4706
40.7205
39.8688
38.9229
37.8934
36.7954
35.6493
34.4793
33.313
32.1785
31.1005
30.0942
29.1585
28.2586
27.339
5.81754
1.98864
-2.37663
-6.98103
-11.4344
-16.0643
-20.6539
-25.0596
-29.3436
-33.4313
-37.3097
-41.0117
-44.5252
-47.8649
-51.0411
-54.0503
-56.8871
-59.5383
-61.9822
-64.1917
-66.1321
-67.7647
-69.0593
-69.9931
-70.5717
-70.8177
-70.7121
-70.2046
-69.2389
-67.7592
-65.7118
-63.0456
-59.717
-55.6962
-50.9727
-45.5657
-39.5354
-33.0109
-26.4502
9.42577
12.8688
16.6497
20.6039
24.3296
27.9054
31.1936
33.9544
36.1432
37.8485
39.1236
40.0351
40.6787
41.1224
41.4159
41.5989
41.6976
41.7275
41.6975
41.6093
41.4589
41.2363
40.9238
40.5012
39.9641
39.3251
38.5934
37.7744
36.8762
35.9104
34.8926
33.842
32.78
31.7288
30.7075
29.7273
28.7863
27.8549
26.8967
5.26905
1.62254
-2.53097
-6.90567
-11.1304
-15.5164
-19.8567
-24.0155
-28.052
-31.8958
-35.535
-39.0011
-42.2834
-45.396
-48.3491
-51.14
-53.7643
-56.2104
-58.4588
-60.4852
-62.2584
-63.7444
-64.9164
-65.7565
-66.2721
-66.4868
-66.3858
-65.9254
-65.0556
-63.7276
-61.8936
-59.5078
-56.5292
-52.9287
-48.6918
-43.828
-38.3797
-32.4469
-26.4363
8.70918
11.9945
15.6064
19.3887
22.9567
26.3867
29.5469
32.2064
34.3208
35.9744
37.2175
38.1126
38.7511
39.1982
39.5014
39.6993
39.8174
39.8712
39.8699
39.8163
39.7077
39.5358
39.2854
38.9381
38.4889
37.9477
37.3219
36.6157
35.8348
34.9878
34.0867
33.1462
32.1824
31.2124
30.2505
29.3043
28.3707
27.4243
26.4442
4.76957
1.29753
-2.6536
-6.80905
-10.8159
-14.9698
-19.0735
-22.9982
-26.8006
-30.4141
-33.828
-37.0725
-40.138
-43.0381
-45.7831
-48.3707
-50.7976
-53.0532
-55.1204
-56.9774
-58.5964
-59.947
-61.006
-61.7597
-62.2171
-62.4025
-62.3046
-61.885
-61.1004
-59.9078
-58.2655
-56.1321
-53.4705
-50.252
-46.4594
-42.0942
-37.1837
-31.8022
-26.3101
8.04878
11.183
14.6328
18.25
21.6664
24.9561
27.9927
30.5541
32.5961
34.1991
35.4102
36.2883
36.9204
37.3692
37.68
37.8904
38.0248
38.0988
38.1221
38.0982
38.0255
37.8973
37.7005
37.4188
37.0464
36.591
36.0586
35.4519
34.7752
34.0347
33.2391
32.3994
31.5276
30.6361
29.735
28.829
27.9135
26.9664
25.9793
4.31564
1.01051
-2.74717
-6.69335
-10.4926
-14.4257
-18.3046
-22.0075
-25.5885
-28.9845
-32.1863
-35.2226
-38.0848
-40.7863
-43.3371
-45.7354
-47.9788
-50.0579
-51.9575
-53.6579
-55.1347
-56.3608
-57.3163
-57.9908
-58.3949
-58.5532
-58.4571
-58.0735
-57.3646
-56.2932
-54.8227
-52.9165
-50.5407
-47.6682
-44.2797
-40.3702
-35.9544
-31.085
-26.0797
7.44071
10.4301
13.7244
17.183
20.4536
23.608
26.5253
28.9916
30.9633
32.5168
33.696
34.5565
35.1811
35.6301
35.9465
36.1668
36.3148
36.4059
36.45
36.4514
36.4093
36.3186
36.1682
35.9433
35.6378
35.2574
34.8067
34.2877
33.7033
33.0576
32.357
31.6092
30.8228
30.0065
29.1667
28.3055
27.4171
26.4814
25.4998
3.90396
0.758499
-2.81429
-6.5607
-10.1621
-13.8852
-17.5505
-21.0433
-24.4148
-27.6057
-30.6077
-33.4484
-36.1202
-38.6359
-41.0055
-43.2277
-45.3006
-47.2163
-48.9609
-50.5172
-51.863
-52.9749
-53.8356
-54.4379
-54.7936
-54.9269
-54.8321
-54.4805
-53.8391
-52.8761
-51.5597
-49.8575
-47.7391
-45.1789
-42.1564
-38.662
-34.6995
-30.3034
-25.7537
6.88146
9.73206
12.8771
16.1834
19.3137
22.3377
25.1397
27.5139
29.4171
30.9218
32.0694
32.9116
33.5279
33.9755
34.2957
34.5238
34.683
34.7883
34.8499
34.8724
34.8565
34.7978
34.687
34.5112
34.2638
33.9486
33.5694
33.1273
32.6241
32.0626
31.4471
30.7827
30.0753
29.3303
28.5515
27.7383
26.8839
25.9696
25.0045
3.53144
0.538718
-2.85731
-6.41307
-9.826
-13.3493
-16.8119
-20.1055
-23.2788
-26.276
-29.09
-31.7471
-34.2404
-36.5825
-38.7831
-40.8415
-42.7563
-44.5206
-46.1222
-47.5456
-48.7713
-49.7785
-50.5529
-51.0897
-51.4015
-51.5124
-51.4187
-51.0955
-50.5148
-49.6488
-48.4703
-46.9511
-45.0639
-42.7847
-40.0929
-36.9749
-33.4263
-29.4661
-25.3409
6.36758
9.08516
12.0869
15.2468
18.2421
21.1403
23.831
26.1159
27.9522
29.4092
30.5252
31.3486
31.9554
32.4004
32.7229
32.9567
33.1248
33.2417
33.3179
33.3583
33.3642
33.3327
33.2558
33.1223
32.9249
32.6663
32.3492
31.9743
31.5425
31.0555
30.5159
29.9269
29.292
28.6143
27.8951
27.1319
26.3168
25.4321
24.4924
3.19513
0.348518
-2.87854
-6.2523
-9.48567
-12.8188
-16.089
-19.1938
-22.1797
-24.9943
-27.6312
-30.1158
-32.4419
-34.6218
-36.6649
-38.571
-40.3393
-41.9636
-43.4332
-44.7344
-45.85
-46.7617
-47.4575
-47.935
-48.2074
-48.2984
-48.2057
-47.9082
-47.3819
-46.603
-45.548
-44.1925
-42.5125
-40.4857
-38.0915
-35.3138
-32.1416
-28.5816
-24.8502
5.89583
8.48591
11.3501
14.3693
17.2347
20.0117
22.5947
24.7929
26.5641
27.974
29.0585
29.8626
30.4591
30.9002
31.2233
31.4614
31.6363
31.7626
31.8506
31.9058
31.93
31.9213
31.8733
31.7758
31.6215
31.4117
31.1485
30.832
30.4627
30.0413
29.5692
29.048
28.4796
27.8649
27.2034
26.4911
25.7191
24.8703
23.9632
2.89223
0.185433
-2.8801
-6.08021
-9.14249
-12.2948
-15.3821
-18.308
-21.1167
-23.759
-26.2293
-28.5519
-30.7214
-32.7498
-34.6462
-36.4108
-38.0432
-39.5381
-40.8861
-42.0751
-43.09
-43.9147
-44.5392
-44.9634
-45.2005
-45.2738
-45.1825
-44.9084
-44.431
-43.7301
-42.7857
-41.5767
-40.082
-38.2812
-36.1542
-33.6832
-30.8522
-27.6581
-24.2909
5.46322
7.9311
10.6632
13.5472
16.2875
18.9475
21.4262
23.5403
25.2481
26.6118
27.6647
28.4493
29.0345
29.4705
29.793
30.0335
30.2135
30.3471
30.4446
30.512
30.5514
30.5617
30.538
30.4711
30.3537
30.1859
29.9692
29.7035
29.3887
29.0249
28.6125
28.1522
27.6442
27.0882
26.482
25.8205
25.0941
24.2859
23.417
2.62016
0.0470957
-2.86402
-5.8984
-8.79769
-11.7779
-14.6916
-17.448
-20.0893
-22.569
-24.8825
-27.053
-29.0759
-30.9627
-32.7225
-34.3556
-35.8622
-37.2377
-38.4738
-39.5599
-40.4826
-41.2281
-41.7883
-42.1644
-42.3702
-42.4281
-42.3385
-42.0857
-41.6524
-41.0216
-40.1762
-39.0982
-37.769
-36.1701
-34.2824
-32.087
-29.5643
-26.7037
-23.6718
5.06693
7.41759
10.0229
12.7769
15.3968
17.9439
20.3217
22.3542
24
25.3181
26.3396
27.1041
27.6774
28.1072
28.4278
28.6695
28.8529
28.992
29.097
29.174
29.2258
29.252
29.2486
29.2076
29.1216
28.9898
28.813
28.5912
28.3238
28.0104
27.6509
27.2448
26.7917
26.2899
25.7363
25.1249
24.4453
23.6809
22.8545
2.37643
-0.0686462
-2.83224
-5.70842
-8.45241
-11.2689
-14.0178
-16.6137
-19.0965
-21.4228
-23.5888
-25.6166
-27.5023
-29.257
-30.8894
-32.4005
-33.7906
-35.0558
-36.1891
-37.1808
-38.0195
-38.6931
-39.1952
-39.5283
-39.7064
-39.7511
-39.6634
-39.4303
-39.0369
-38.469
-37.7122
-36.7511
-35.5696
-34.1508
-32.4769
-30.5284
-28.2835
-25.726
-23.0017
4.70419
6.94252
9.42609
12.055
14.5589
16.9971
19.2773
21.2304
22.8157
24.089
25.0792
25.8232
26.3838
26.8066
27.1241
27.3656
27.5511
27.6941
27.8048
27.8895
27.9512
27.9903
28.0037
27.9844
27.9251
27.8239
27.6814
27.4973
27.271
27.0016
26.6886
26.331
25.9274
25.4756
24.9716
24.4087
23.7763
23.0577
22.2765
2.15874
-0.163896
-2.78645
-5.51168
-8.10778
-10.7686
-13.361
-15.8047
-18.1377
-20.3194
-22.3466
-24.2404
-25.9976
-27.6289
-29.1429
-30.5407
-31.8229
-32.9866
-34.0252
-34.9306
-35.6926
-36.3011
-36.7508
-37.0456
-37.1993
-37.2327
-37.1474
-36.9324
-36.5752
-36.0638
-35.3863
-34.5296
-33.4795
-32.2213
-30.7379
-29.0103
-27.0151
-24.7319
-22.289
4.37253
6.50314
8.86983
11.3785
13.7707
16.1037
18.2893
20.1653
21.6915
22.9206
23.8796
24.6029
25.1502
25.5651
25.8785
26.1187
26.305
26.4505
26.5653
26.6558
26.7253
26.7748
26.8021
26.8009
26.7639
26.6887
26.5754
26.4238
26.233
26.002
25.7298
25.4152
25.0563
24.6503
24.1927
23.6765
23.0906
22.4187
21.6846
1.96493
-0.240577
-2.72834
-5.30955
-7.76472
-10.2774
-12.7213
-15.0209
-17.2123
-19.2575
-21.154
-22.922
-24.5589
-26.0751
-27.4789
-28.7715
-29.9541
-31.024
-31.9757
-32.8022
-33.4945
-34.0439
-34.4467
-34.7073
-34.8396
-34.8635
-34.7808
-34.5826
-34.2583
-33.7978
-33.1912
-32.4275
-31.4946
-30.3791
-29.0654
-27.5349
-25.7635
-23.7282
-21.5416
4.06957
6.09686
8.35136
10.7444
13.0288
15.2603
17.3544
19.1554
20.6237
21.8094
22.7374
23.4397
23.9731
24.3793
24.6878
24.9256
25.1116
25.2584
25.3759
25.4706
25.5462
25.6039
25.6424
25.6562
25.6379
25.5847
25.4962
25.3723
25.2121
25.0144
24.7781
24.5016
24.1828
23.8186
23.4041
22.9322
22.3919
21.7667
21.0803
1.79295
-0.300489
-2.65945
-5.10325
-7.42418
-9.796
-12.0988
-14.2618
-16.3193
-18.2357
-20.0093
-21.6594
-23.1836
-24.5923
-25.8935
-27.0886
-28.179
-29.1625
-30.0345
-30.7887
-31.4176
-31.9136
-32.2743
-32.5047
-32.6184
-32.6342
-32.5546
-32.3719
-32.0774
-31.6628
-31.1197
-30.439
-29.6102
-28.6216
-27.4587
-26.1038
-24.5327
-22.7206
-20.7669
3.79306
5.72129
7.86807
10.1499
12.3306
14.4639
16.4692
18.1974
19.6092
20.752
21.6491
22.3301
22.8493
23.2462
23.5489
23.7836
23.9682
24.1152
24.2343
24.3319
24.4119
24.476
24.5235
24.5495
24.5467
24.5118
24.4444
24.3441
24.2102
24.0414
23.8365
23.5937
23.3108
22.9846
22.6101
22.18
21.6834
21.1042
20.4655
1.6409
-0.345326
-2.58121
-4.89387
-7.08691
-9.32478
-11.4937
-13.5272
-15.458
-17.253
-18.9109
-20.4502
-21.869
-23.1774
-24.383
-25.4876
-26.4927
-27.3966
-28.1954
-28.8837
-29.4549
-29.9028
-30.2257
-30.4293
-30.5268
-30.5361
-30.4599
-30.2917
-30.0243
-29.651
-29.1648
-28.5581
-27.8219
-26.9459
-25.917
-24.7182
-23.3259
-21.7146
-19.9717
3.54092
5.37414
7.41751
9.59239
11.673
13.7115
15.6308
17.2881
18.6445
19.7451
20.6116
21.2714
21.7758
22.1628
22.4591
22.6898
22.8723
23.0186
23.1382
23.2375
23.3207
23.3896
23.444
23.4799
23.4899
23.4703
23.4206
23.3405
23.2291
23.0853
22.9078
22.6948
22.444
22.1522
21.8144
21.4235
20.9687
20.4341
19.8422
1.50703
-0.376681
-2.49497
-4.6825
-6.75375
-8.86413
-10.9058
-12.8167
-14.6278
-16.3081
-17.857
-19.2922
-20.6123
-21.827
-22.9437
-23.9644
-24.8906
-25.7212
-26.4528
-27.0809
-27.5997
-28.0042
-28.2934
-28.4733
-28.5568
-28.5607
-28.4881
-28.3335
-28.0909
-27.7548
-27.3195
-26.7788
-26.1249
-25.349
-24.4389
-23.3788
-22.146
-20.7146
-19.1623
3.31118
5.05332
6.9974
9.06935
11.0534
13.0005
14.8363
16.4246
17.7268
18.786
19.6221
20.2604
20.7499
21.1265
21.4158
21.6419
21.8216
21.9663
22.0856
22.1857
22.2708
22.3431
22.4029
22.4466
22.467
22.4601
22.4253
22.3622
22.2702
22.148
21.9943
21.8076
21.5854
21.3247
21.0206
20.6661
20.2507
19.7591
19.2127
1.38964
-0.39601
-2.40195
-4.47014
-6.42534
-8.41447
-10.3354
-12.1299
-13.8276
-15.3997
-16.846
-18.1835
-19.4111
-20.5383
-21.5722
-22.5149
-23.3682
-24.1312
-24.8012
-25.3743
-25.8456
-26.2109
-26.4699
-26.629
-26.7005
-26.7002
-26.6314
-26.4895
-26.2695
-25.9669
-25.5774
-25.0955
-24.5148
-23.8276
-23.0229
-22.086
-20.9951
-19.725
-18.3442
3.10203
4.75681
6.60562
8.57857
10.4696
12.3281
14.0829
15.6042
16.8532
17.8716
18.6778
19.2947
19.7689
20.1348
20.4166
20.6375
20.8138
20.9563
21.0745
21.1746
21.2607
21.3353
21.3991
21.4488
21.4777
21.4812
21.4588
21.4101
21.3346
21.231
21.0982
20.9346
20.7379
20.5052
20.2317
19.9109
19.5326
19.0818
18.579
1.28719
-0.404711
-2.30331
-4.25768
-6.10233
-7.97607
-9.7822
-11.4664
-13.0568
-14.5267
-15.8763
-17.1218
-18.2628
-19.3082
-20.2649
-21.1352
-21.921
-22.6218
-23.2352
-23.7581
-24.1863
-24.5163
-24.7485
-24.8892
-24.9504
-24.947
-24.8821
-24.752
-24.5527
-24.2805
-23.9319
-23.5026
-22.987
-22.3784
-21.6671
-20.8395
-19.875
-18.7489
-17.5224
2.91174
4.4828
6.24016
8.11785
9.91917
11.6922
13.3683
14.8242
16.021
16.9994
17.7761
18.3718
18.8305
19.1852
19.4592
19.6745
19.8468
19.9867
20.1032
20.2025
20.2889
20.3648
20.4314
20.4858
20.5213
20.5334
20.5212
20.4848
20.4233
20.3358
20.2211
20.0778
19.9038
19.6962
19.4507
19.1608
18.8169
18.4047
17.9435
1.19823
-0.404086
-2.20018
-4.04597
-5.78529
-7.54924
-9.24628
-10.8259
-12.3146
-13.6878
-14.9462
-16.1052
-17.1649
-18.1338
-19.0186
-19.8216
-20.5449
-21.1882
-21.7498
-22.2268
-22.6158
-22.9141
-23.1223
-23.2469
-23.2994
-23.2936
-23.2328
-23.1138
-22.9334
-22.6888
-22.377
-21.9946
-21.537
-20.9983
-20.3697
-19.6391
-18.7868
-17.7894
-16.7014
2.73869
4.22952
5.89918
7.68523
9.40003
11.0903
12.69
14.0823
15.2275
16.1668
16.9146
17.4891
17.9323
18.2757
18.5415
18.7509
18.9188
19.0556
19.1699
19.2679
19.3539
19.4304
19.4988
19.5566
19.5973
19.6163
19.6127
19.5865
19.537
19.4633
19.3644
19.239
19.0851
18.9001
18.6799
18.4184
18.1064
17.7302
17.3082
1.12142
-0.395286
-2.09351
-3.83576
-5.47476
-7.13424
-8.72754
-10.2078
-11.6001
-12.8818
-14.054
-15.1315
-16.1148
-17.0123
-17.83
-18.5703
-19.2357
-19.826
-20.3398
-20.7749
-21.1284
-21.3981
-21.585
-21.6956
-21.7407
-21.7334
-21.6767
-21.5682
-21.4052
-21.1854
-20.9068
-20.5664
-20.1604
-19.6837
-19.1286
-18.4838
-17.7313
-16.8488
-15.8848
2.58145
3.99537
5.58091
7.27872
8.91009
10.5204
12.0458
13.3761
14.4704
15.3715
16.0912
16.6446
17.0721
17.404
17.6615
17.8646
18.0279
18.1612
18.273
18.3693
18.4543
18.5308
18.6002
18.6605
18.7052
18.7298
18.7332
18.7155
18.6762
18.6145
18.5294
18.4197
18.2836
18.1188
17.9215
17.6858
17.4034
17.0607
16.6754
1.05557
-0.379333
-1.98418
-3.62763
-5.17103
-6.73105
-8.22571
-9.61171
-10.9124
-12.1076
-13.1984
-14.1989
-15.1105
-15.9409
-16.6958
-17.3777
-17.9892
-18.5306
-19.0006
-19.3974
-19.7186
-19.9626
-20.1306
-20.2289
-20.2678
-20.2596
-20.2071
-20.1085
-19.9615
-19.7644
-19.5157
-19.2129
-18.8529
-18.4314
-17.9414
-17.3729
-16.7089
-15.9288
-15.0758
2.43866
3.77884
5.28367
6.89648
8.44732
9.98022
11.4332
12.7031
13.7472
14.6115
15.3039
15.8363
16.2479
16.5683
16.8172
17.014
17.1723
17.302
17.411
17.5053
17.5889
17.6648
17.7346
17.7965
17.8442
17.8732
17.8824
17.8719
17.8413
17.7899
17.7168
17.6209
17.5008
17.354
17.1773
16.9653
16.7098
16.3983
16.0472
0.999377
-0.357361
-1.87315
-3.42237
-4.87471
-6.33989
-7.74061
-9.03702
-10.2505
-11.3638
-12.3773
-13.3052
-14.1497
-14.9174
-15.6133
-16.2406
-16.802
-17.298
-17.7275
-18.0891
-18.381
-18.6018
-18.7531
-18.8408
-18.8747
-18.8661
-18.818
-18.7286
-18.5964
-18.42
-18.1983
-17.9293
-17.6104
-17.238
-16.806
-16.305
-15.7198
-15.0309
-14.2772
2.30894
3.57862
5.00624
6.53711
8.01028
9.46803
10.8501
12.0612
13.0551
13.8848
14.5511
15.0624
15.4579
15.7666
16.007
16.1973
16.3506
16.4764
16.5824
16.6743
16.7563
16.8312
16.9009
16.9637
17.0137
17.0462
17.0601
17.0557
17.0325
16.99
16.9274
16.8438
16.7377
16.6072
16.4491
16.2585
16.0277
15.7449
15.4256
0.951604
-0.330833
-1.76184
-3.2214
-4.58686
-5.96184
-7.27288
-8.48381
-9.61392
-10.6498
-11.5888
-12.4476
-13.2297
-13.9388
-14.5792
-15.1551
-15.6699
-16.1239
-16.5161
-16.8455
-17.1107
-17.3106
-17.447
-17.5254
-17.5552
-17.5468
-17.503
-17.4225
-17.3041
-17.1466
-16.9493
-16.7108
-16.4288
-16.1002
-15.7196
-15.2788
-14.7637
-14.1562
-13.4912
2.19101
3.39349
4.74743
6.19979
7.59841
8.98353
10.2965
11.4493
12.3904
13.1876
13.8298
14.3201
14.6996
14.9969
15.229
15.4128
15.5611
15.6829
15.7857
15.8752
15.9553
16.0289
16.0981
16.1614
16.213
16.2482
16.2661
16.2668
16.25
16.2152
16.1618
16.089
15.9955
15.8795
15.7382
15.567
15.3588
15.1024
14.8125
0.911336
-0.300459
-1.65089
-3.02527
-4.30818
-5.5975
-6.82304
-7.9526
-9.00296
-9.96591
-10.8317
-11.6236
-12.3474
-13.0016
-13.5895
-14.1172
-14.5886
-15.0038
-15.3616
-15.6616
-15.9025
-16.0838
-16.207
-16.2776
-16.3042
-16.2965
-16.2571
-16.185
-16.0793
-15.9393
-15.7643
-15.5532
-15.3043
-15.0149
-14.6803
-14.293
-13.8402
-13.3053
-12.7197
2.08384
3.22218
4.50596
5.88289
7.21014
8.52521
9.77178
10.8674
11.7517
12.5181
13.1378
13.6072
13.9707
14.257
14.481
14.6584
14.8017
14.9196
15.0193
15.1063
15.1844
15.2566
15.325
15.3884
15.4411
15.4787
15.4999
15.505
15.4937
15.4658
15.4206
15.3574
15.2751
15.1722
15.046
14.8924
14.7049
14.4725
14.2098
0.878685
-0.265413
-1.53866
-2.83175
-4.03609
-5.24388
-6.38857
-7.44126
-8.41627
-9.30962
-10.1052
-10.8355
-11.5053
-12.1067
-12.6436
-13.1253
-13.5558
-13.9343
-14.2599
-14.5325
-14.7513
-14.9157
-15.0275
-15.0914
-15.1155
-15.1089
-15.074
-15.0101
-14.9164
-14.7925
-14.6379
-14.4517
-14.2327
-13.9785
-13.685
-13.3455
-12.9483
-12.4784
-11.9636
1.98695
3.06363
4.27903
5.58241
6.8401
8.08626
9.269
10.3098
11.1426
11.8824
12.4784
12.9248
13.2719
13.5471
13.7627
13.9334
14.0715
14.1854
14.2819
14.3663
14.4424
14.5131
14.5806
14.6439
14.6974
14.7368
14.7608
14.7698
14.7635
14.7416
14.7037
14.6491
14.5769
14.4858
14.3733
14.2358
14.067
13.8567
13.6188
0.853229
-0.225893
-1.42454
-2.63965
-3.76833
-4.89767
-5.96465
-6.94462
-7.84822
-8.67486
-9.4027
-10.0838
-10.7077
-11.2556
-11.7408
-12.1785
-12.5705
-12.9142
-13.209
-13.4558
-13.654
-13.803
-13.9044
-13.9627
-13.9852
-13.9801
-13.9499
-13.894
-13.8116
-13.7028
-13.5669
-13.4034
-13.2114
-12.9889
-12.7321
-12.4353
-12.0879
-11.6761
-11.2251
1.8998
2.91683
4.06533
5.2958
6.48421
7.66028
8.77926
9.76281
10.5557
11.284
11.8548
12.273
12.6028
12.8675
13.0747
13.2386
13.3714
13.4811
13.5744
13.6562
13.7301
13.7991
13.8655
13.9284
13.9825
14.0233
14.0498
14.0621
14.0602
14.0438
14.0124
13.9656
13.9025
13.822
13.7219
13.5988
13.4472
13.2572
13.0421
0.834382
-0.19389
-1.33468
-2.48388
-3.54512
-4.59889
-5.58087
-6.47302
-7.27706
-8.01384
-8.61629
-9.28393
-9.91511
-10.4418
-10.9032
-11.3261
-11.7073
-12.0402
-12.3251
-12.5639
-12.7561
-12.901
-13
-13.0573
-13.0806
-13.078
-13.0524
-13.0026
-12.9289
-12.8317
-12.7075
-12.5594
-12.3862
-12.1857
-11.9544
-11.6873
-11.3747
-11.004
-10.5984
1.83322
2.80222
3.89822
5.0633
6.18425
7.28051
8.3077
9.18048
9.88098
10.6801
11.2672
11.676
12.0051
12.2742
12.4839
12.6487
12.7822
12.8929
12.987
13.0696
13.1444
13.2144
13.2821
13.3468
13.4032
13.4464
13.4756
13.491
13.4926
13.4802
13.4534
13.4119
13.3549
13.2815
13.1898
13.0763
12.9361
12.7597
12.56
0.820079
-0.166333
-1.25781
-2.34935
-3.34776
-4.32625
-5.21986
-6.01371
-6.70048
-7.32805
-7.76549
-8.45391
-9.12833
-9.6559
-10.1124
-10.5399
-10.9283
-11.2666
-11.5558
-11.7986
-11.9946
-12.1431
-12.2455
-12.306
-12.3327
-12.334
-12.313
-12.2684
-12.2016
-12.1135
-11.9959
-11.8577
-11.6976
-11.5122
-11.2985
-11.052
-10.7639
-10.4222
-10.0484
1.77933
2.70822
3.75711
4.86084
5.9132
6.92042
7.83776
8.57862
9.16301
10.0728
10.7065
11.1208
11.4599
11.7424
11.9621
12.1335
12.272
12.387
12.4848
12.5705
12.6482
12.7213
12.7921
12.8602
12.9201
12.9667
12.9989
13.0174
13.022
13.0127
12.9893
12.9514
12.8986
12.8299
12.7436
12.6365
12.5038
12.3363
12.1468
0.807488
-0.13665
-1.17835
-2.21183
-3.14756
-4.05107
-4.85845
-5.55648
-6.13278
-6.65422
-6.93824
-7.63419
-8.34265
-8.86882
-9.31655
-9.7441
-10.1368
-10.4786
-10.7705
-11.0161
-11.2156
-11.3673
-11.4732
-11.537
-11.5672
-11.5725
-11.5567
-11.5177
-11.4585
-11.3803
-11.2702
-11.1428
-10.9965
-10.8269
-10.6311
-10.4053
-10.1418
-9.82909
-9.48948
1.72652
2.6151
3.61624
4.6584
5.6432
6.5612
7.37279
7.98985
8.46017
9.45784
10.1399
10.5603
10.9055
11.1993
11.4286
11.6063
11.7496
11.8685
11.9698
12.0586
12.1391
12.215
12.2889
12.3604
12.4238
12.4737
12.5092
12.5309
12.5387
12.5328
12.5128
12.4788
12.4302
12.3663
12.2855
12.1849
12.0598
11.9012
11.722
0.796383
-0.105474
-1.09727
-2.07302
-2.94663
-3.77606
-4.49993
-5.10448
-5.57785
-5.99209
-6.14016
-6.82842
-7.55737
-8.08059
-8.51768
-8.94086
-9.3344
-9.67768
-9.97081
-10.2183
-10.4202
-10.5751
-10.6843
-10.7513
-10.7851
-10.7943
-10.7834
-10.7497
-10.6975
-10.6285
-10.5251
-10.4075
-10.2742
-10.1196
-9.94082
-9.73528
-9.49562
-9.21024
-8.89801
1.67496
2.52347
3.47662
4.45767
5.37632
6.20501
6.91617
7.41397
7.77702
8.8359
9.56544
9.99542
10.3444
10.6469
10.8847
11.0686
11.2165
11.3393
11.4438
11.5355
11.6187
11.6973
11.7742
11.8491
11.916
11.9693
12.0082
12.033
12.0442
12.0418
12.0256
11.9956
11.9516
11.8928
11.8178
11.7239
11.6066
11.4571
11.2882
0.786853
-0.0731238
-1.01538
-1.93422
-2.7469
-3.50377
-4.14724
-4.66084
-5.03878
-5.34336
-5.37459
-6.04027
-6.77386
-7.29081
-7.7158
-8.13086
-8.52153
-8.86416
-9.15717
-9.40534
-9.60908
-9.76682
-9.87938
-9.95064
-9.98946
-10.0045
-10.0009
-9.97516
-9.93294
-9.87604
-9.78278
-9.67801
-9.56
-9.42212
-9.26173
-9.07675
-8.86116
-8.60565
-8.33463
1.62515
2.43408
3.33943
4.26038
5.11462
5.85382
6.47018
6.8489
7.11255
8.20793
8.98096
9.42457
9.77748
10.087
10.3322
10.5213
10.673
10.7993
10.9073
11.0021
11.0883
11.1698
11.2498
11.3282
11.3988
11.4559
11.4983
11.5268
11.5416
11.5428
11.5305
11.5046
11.4651
11.4114
11.3424
11.2553
11.146
11.0059
10.8477
0.778818
-0.0402021
-0.934041
-1.79731
-2.55087
-3.23733
-3.80407
-4.22976
-4.51941
-4.71101
-4.64345
-5.27206
-5.99331
-6.49916
-6.91068
-7.31435
-7.69845
-8.03802
-8.32964
-8.57777
-8.7829
-8.94306
-9.05822
-9.13192
-9.17268
-9.1899
-9.18918
-9.16671
-9.12924
-9.07866
-8.99044
-8.8937
-8.78679
-8.66243
-8.51832
-8.35277
-8.15912
-7.9248
-7.66034
1.57772
2.34815
3.20624
4.0689
4.86012
5.50966
6.03665
6.29261
6.46257
7.57461
8.38507
8.84448
9.20264
9.52015
9.77392
9.96855
10.1231
10.2513
10.3613
10.4586
10.5475
10.6319
10.7151
10.7972
10.8718
10.9331
10.9799
11.0129
11.0325
11.0386
11.0314
11.0108
10.9768
10.9289
10.866
10.7858
10.6841
10.5526
10.4026
0.772149
-0.00803049
-0.855669
-1.66571
-2.36222
-2.98082
-3.47414
-3.81482
-4.022
-4.09707
-3.94766
-4.52513
-5.21714
-5.7058
-6.10165
-6.49072
-6.86468
-7.19839
-7.48687
-7.73413
-7.94105
-8.10574
-8.22851
-8.31293
-8.36658
-8.39761
-8.41193
-8.40554
-8.38616
-8.35551
-8.28513
-8.20729
-8.12037
-8.01605
-7.89202
-7.74781
-7.58088
-7.38791
-7.20312
1.53379
2.26772
3.07997
3.88674
4.61474
5.17252
5.61332
5.73852
5.81732
6.93511
7.77989
8.25503
8.61558
8.93852
9.20268
9.40784
9.57004
9.70262
9.81488
9.91345
10.0036
10.0897
10.1755
10.2607
10.339
10.4038
10.454
10.4904
10.5137
10.5241
10.5218
10.507
10.4798
10.4397
10.3857
10.3154
10.2251
10.1078
9.97776
0.76647
0.0217262
-0.783435
-1.5438
-2.18596
-2.73934
-3.16097
-3.41756
-3.54614
-3.5025
-3.2865
-3.79987
-4.44661
-4.91063
-5.28724
-5.65835
-6.01886
-6.34439
-6.62789
-6.87173
-7.07575
-7.23684
-7.35364
-7.42811
-7.46985
-7.49055
-7.49622
-7.48229
-7.45673
-7.42059
-7.34633
-7.26919
-7.18759
-7.09319
-6.98365
-6.85743
-6.70564
-6.50855
-6.2533
1.49412
2.19437
2.96344
3.7177
4.38048
4.84341
5.1991
5.17925
5.16049
6.28006
7.16616
7.66697
8.03153
8.3503
8.61134
8.81864
8.98867
9.13212
9.25497
9.36203
9.45843
9.54934
9.6395
9.7299
9.81463
9.88665
9.94396
9.98699
10.0159
10.0308
10.0319
10.0196
9.99418
9.95579
9.904
9.83696
9.75035
9.63248
9.48721
0.761458
0.0490863
-0.717451
-1.43286
-2.02507
-2.51809
-2.87058
-3.04527
-3.09954
-2.93501
-2.65954
-3.09558
-3.68294
-4.1138
-4.46608
-4.81415
-5.15614
-5.47121
-5.75298
-6.0031
-6.22138
-6.40596
-6.55711
-6.67717
-6.76752
-6.83217
-6.87953
-6.90665
-6.92508
-6.93506
-6.90031
-6.85842
-6.80907
-6.74299
-6.65874
-6.55894
-6.45005
-6.34491
-6.30872
1.45774
2.12674
2.85598
3.56294
4.1609
4.53526
4.81138
4.61774
4.4775
5.58727
6.5167
7.06479
7.46681
7.807
8.06743
8.25657
8.40293
8.52839
8.64283
8.74949
8.85027
8.94768
9.04488
9.14189
9.23278
9.31215
9.37951
9.43573
9.48094
9.51509
9.53796
9.54918
9.54811
9.5338
9.50506
9.46059
9.40082
9.32878
9.27728
0.757511
0.0752637
-0.65582
-1.331
-1.87967
-2.32153
-2.61353
-2.71899
-2.70784
-2.41151
-2.06746
-2.41456
-2.92797
-3.31468
-3.63851
-3.96021
-4.27416
-4.56071
-4.81378
-5.03386
-5.21838
-5.36038
-5.45348
-5.49779
-5.51327
-5.52067
-5.52174
-5.50771
-5.4835
-5.44906
-5.38295
-5.32172
-5.26287
-5.19814
-5.1243
-5.03664
-4.91548
-4.71925
-4.3798
1.42454
2.06462
2.7579
3.42344
3.96198
4.27021
4.47302
4.0537
3.76737
4.8543
5.78983
6.35407
6.79798
7.2101
7.5535
7.8087
7.98791
8.1133
8.20727
8.28676
8.36275
8.44233
8.53019
8.62451
8.71338
8.78599
8.84007
8.8769
8.89814
8.90519
8.89947
8.88285
8.85731
8.82439
8.78404
8.73215
8.65498
8.51781
8.27845
0.755192
0.0931328
-0.611956
-1.25426
-1.76528
-2.16107
-2.39579
-2.44189
-2.36089
-1.91179
-1.50038
-1.76518
-2.18845
-2.50926
-2.79407
-3.09713
-3.41191
-3.72007
-4.01462
-4.29553
-4.56375
-4.82135
-5.06913
-5.30008
-5.4868
-5.62053
-5.72772
-5.81523
-5.90619
-5.99703
-6.02414
-6.02672
-6.0227
-6.00587
-5.97265
-5.93091
-5.90965
-5.96068
-6.21939
1.4033
2.02396
2.68982
3.31717
3.7947
4.04058
4.11986
3.40741
3.01623
4.14814
5.09334
5.61096
5.96589
6.28718
6.59407
6.89086
7.17482
7.43202
7.6509
7.82937
7.97312
8.0916
8.1985
8.31332
8.44957
8.59566
8.73514
8.86282
8.97726
9.07756
9.1617
9.22693
9.27108
9.29305
9.29476
9.28397
9.28526
9.35322
9.59652
0.752112
0.0817135
-0.624319
-1.25152
-1.72949
-2.06716
-2.21556
-2.16257
-1.94392
-1.32483
-0.915453
-1.14091
-1.48641
-1.72267
-1.90752
-2.0875
-2.26512
-2.43241
-2.58425
-2.71547
-2.81398
-2.86048
-2.84097
-2.76403
-2.6928
-2.66065
-2.64467
-2.61313
-2.5579
-2.51804
-2.45059
-2.39215
-2.35001
-2.31156
-2.26996
-2.21673
-2.10679
-1.85884
-1.29131
1.40904
2.03414
2.69197
3.28363
3.67983
3.79926
3.58514
2.52699
2.12672
3.44364
4.61892
5.37703
5.85134
6.09892
6.14692
6.07165
5.95525
5.86401
5.82581
5.84311
5.90758
6.01055
6.13603
6.24411
6.29123
6.29529
6.29032
6.28146
6.26767
6.24865
6.22811
6.21099
6.20083
6.19866
6.19971
6.18596
6.10424
5.8465
5.23688
0.743511
0.0416697
-0.689542
-1.32226
-1.77716
-2.05212
-2.09385
-1.89833
-1.47017
-0.686252
-0.291604
-0.471595
-0.788237
-1.08621
-1.38717
-1.70187
-2.03305
-2.38231
-2.75452
-3.15853
-3.60655
-4.10485
-4.63024
-5.12332
-5.47834
-5.69501
-5.9084
-6.07791
-6.36081
-6.77262
-6.65372
-6.67498
-6.80119
-6.89418
-6.93888
-6.98205
-7.0984
-7.39421
-8.07237
1.42982
2.07705
2.74454
3.3115
3.62558
3.57515
2.96708
1.60134
0.97028
2.14917
3.45678
4.75007
6.00803
7.20094
8.21373
8.98874
9.54425
9.89839
10.0988
10.1987
10.2443
10.2733
10.3406
10.5339
10.8867
11.2706
11.5861
11.8455
12.0704
12.2651
12.4225
12.5392
12.6175
12.6639
12.6947
12.7424
12.8893
13.2605
14.0598
107.047
106.304
105.346
104.1
102.354
99.9178
96.572
92.1389
86.6518
80.4704
74.1142
67.9515
62.0958
56.524
51.1967
46.0983
41.2291
36.591
32.182
27.9955
24.0222
20.2531
16.6791
13.2917
10.0834
7.04692
4.17541
1.46209
-1.09753
-3.50699
-5.76815
-7.88156
-9.84776
-11.666
-13.3354
-14.8556
-16.2261
-17.447
-18.5191
-19.4441
-20.224
-20.8625
-21.3637
-21.7325
-21.9752
-22.0983
-22.1093
-22.0161
-21.8269
-21.5505
-21.1956
-20.7708
-20.2849
-19.7461
-19.1625
-18.5416
-17.8905
-17.2158
-16.5235
-15.8188
-15.1066
-14.3911
-13.6758
-12.964
-12.2586
-11.561
-10.875
-10.288
-9.76439
-9.23597
-8.66335
-8.14019
-7.45912
-7.08384
-6.05083
-6.30756
-4.11605
-6.40936
-0.930232
-8.54795
106.686
103.557
100.013
96.2902
92.4791
88.6647
84.9102
81.2637
77.7085
74.2721
70.9549
67.7671
64.7155
61.8054
59.0409
56.4245
53.9571
51.6385
49.4669
47.4388
45.5501
43.7954
42.1687
40.6632
39.2719
37.9876
36.8028
35.7104
34.7031
33.774
32.9166
32.1241
31.3903
30.709
30.0744
29.4805
28.9216
28.3922
27.8867
27.4001
26.9272
26.4634
26.0043
25.546
25.0848
24.6177
24.1423
23.6565
23.1588
22.6483
22.1246
21.5877
21.038
20.4764
19.9041
19.3226
18.7336
18.1389
17.5404
16.9403
16.3404
15.7427
15.1493
14.562
13.9828
13.4132
12.8564
12.388
11.984
11.5689
11.1446
10.7142
10.2756
9.86986
9.35825
9.23734
8.06877
9.76913
4.82207
14.3965
47.0247
46.5098
46.0246
45.5763
45.139
44.7519
44.4422
44.1807
43.8706
43.3817
42.6326
41.6199
40.3497
38.8209
37.0513
35.0734
32.9217
30.6279
28.2215
25.7303
23.1805
20.597
18.0021
15.4155
12.855
10.3359
7.87324
5.4803
3.16872
0.947388
-1.17636
-3.19628
-5.1078
-6.90648
-8.58849
-10.1509
-11.5908
-12.9063
-14.0957
-15.1581
-16.0932
-16.9019
-17.5855
-18.1463
-18.5876
-18.9136
-19.129
-19.2396
-19.2514
-19.1714
-19.0066
-18.7645
-18.4527
-18.0787
-17.65
-17.1739
-16.6573
-16.1069
-15.5288
-14.9288
-14.3121
-13.6833
-13.0467
-12.4059
-11.7646
-11.1247
-10.4901
-9.9437
-9.45372
-8.95987
-8.41697
-7.92719
-7.27029
-6.92687
-5.9179
-6.18878
-4.05961
-6.27929
-1.02671
-8.36117
47.3457
47.5514
47.9375
48.2829
48.5571
48.7333
48.801
48.7539
48.5895
48.3164
47.9352
47.4532
46.8768
46.214
45.4739
44.6664
43.802
42.8915
41.9465
40.978
39.9971
39.0137
38.0373
37.0765
36.1385
35.2292
34.3533
33.5143
32.7143
31.9543
31.2345
30.5541
29.9114
29.3043
28.7303
28.1863
27.6691
27.1752
26.7011
26.243
25.7974
25.3606
24.9291
24.4997
24.0693
23.6351
23.1947
22.746
22.2875
21.8178
21.3363
20.8425
20.3365
19.8188
19.29
18.7513
18.204
17.6497
17.09
16.5267
15.9617
15.3969
14.8343
14.2756
13.7232
13.1782
12.6441
12.1939
11.805
11.4049
10.9948
10.5787
10.153
9.76222
9.26078
9.15419
8.00731
9.65743
4.90945
14.0571
29.236
28.9391
28.6136
28.2789
27.8982
27.4507
26.9333
26.3456
25.6893
24.9699
24.201
23.4149
22.6393
21.8727
21.0994
20.2989
19.453
18.5477
17.5719
16.5177
15.3805
14.1591
12.8559
11.4762
10.0283
8.52238
6.96994
5.38293
3.77466
2.15864
0.548407
-1.04254
-2.60192
-4.11796
-5.57982
-6.97792
-8.30361
-9.54935
-10.7086
-11.7757
-12.7465
-13.6175
-14.3866
-15.0522
-15.6143
-16.0739
-16.4326
-16.6933
-16.8595
-16.9356
-16.9268
-16.8385
-16.6767
-16.4477
-16.158
-15.8139
-15.422
-14.9884
-14.5192
-14.02
-13.4962
-12.9528
-12.3942
-11.8246
-11.2478
-10.6666
-10.0847
-9.58028
-9.12528
-8.66642
-8.15588
-7.69778
-7.07325
-6.75003
-5.79057
-6.03672
-4.03449
-6.09046
-1.1747
-8.06953
29.3927
29.4835
29.5713
29.6496
29.7471
29.8651
30.006
30.1648
30.3391
30.5235
30.7108
30.8955
31.0705
31.2294
31.3659
31.4739
31.5483
31.5843
31.5785
31.5286
31.4331
31.2919
31.1061
30.8781
30.6112
30.3093
29.977
29.6195
29.2418
28.8489
28.4457
28.0364
27.6246
27.2134
26.8051
26.4013
26.003
25.6103
25.223
24.8404
24.4612
24.0841
23.7073
23.329
22.9473
22.5605
22.1667
21.7644
21.3523
20.9292
20.4944
20.0473
19.588
19.1166
18.6335
18.1396
17.636
17.1239
16.6048
16.0802
15.552
15.0219
14.492
13.9639
13.44
12.9214
12.4119
11.9814
11.609
11.2253
10.831
10.4307
10.0198
9.64357
9.1589
9.05192
7.96324
9.4946
5.04813
13.6669
27.8354
27.6457
27.4392
27.2241
26.9866
26.7081
26.3706
25.9558
25.4424
24.8099
24.0485
23.1733
22.227
21.2439
20.2361
19.2072
18.1598
17.0974
16.0224
14.9357
13.8362
12.7221
11.591
10.4407
9.26941
8.07561
6.85911
5.62039
4.36183
3.0869
1.80056
0.509331
-0.779599
-2.05806
-3.31719
-4.54808
-5.74172
-6.88944
-7.98295
-9.01458
-9.97757
-10.8661
-11.6751
-12.4007
-13.04
-13.591
-14.0532
-14.4267
-14.7127
-14.9134
-15.0318
-15.0715
-15.0369
-14.9328
-14.7645
-14.5374
-14.2571
-13.9294
-13.5598
-13.1537
-12.7165
-12.2531
-11.7683
-11.2661
-10.751
-10.2259
-9.69467
-9.23069
-8.80849
-8.38214
-7.90198
-7.47388
-6.87914
-6.57798
-5.65834
-5.89798
-3.98229
-5.94767
-1.23598
-7.88044
27.9656
28.0582
28.125
28.1694
28.197
28.2077
28.2034
28.1843
28.1529
28.1101
28.0579
27.9983
27.9327
27.8627
27.7896
27.7141
27.6367
27.5574
27.4756
27.3905
27.3006
27.2044
27.0999
26.9853
26.8588
26.7189
26.5642
26.3939
26.2076
26.0055
25.7881
25.5565
25.3119
25.0559
24.79
24.5157
24.2343
23.947
23.6545
23.3574
23.0558
22.7495
22.4379
22.1204
21.7962
21.4641
21.1232
20.7723
20.4104
20.0369
19.651
19.2522
18.8404
18.4158
17.9785
17.5294
17.0691
16.5989
16.12
15.6339
15.1421
14.6466
14.149
13.6513
13.1555
12.6631
12.1778
11.7665
11.41
11.0419
10.6629
10.2779
9.88142
9.51912
9.04938
8.9467
7.89761
9.3655
5.08903
13.4171
23.5983
23.3925
23.182
22.9802
22.7794
22.5729
22.3526
22.11
21.8374
21.523
21.1519
20.7092
20.1917
19.6097
18.9704
18.2757
17.5266
16.7244
15.8715
14.9715
14.0283
13.046
12.0289
10.9811
9.9069
8.81023
7.69487
6.56428
5.42204
4.27147
3.11596
1.95943
0.805826
-0.340355
-1.47401
-2.58966
-3.68134
-4.7428
-5.76751
-6.74897
-7.68089
-8.55731
-9.37268
-10.122
-10.8012
-11.4068
-11.9362
-12.3881
-12.7616
-13.057
-13.2755
-13.4189
-13.49
-13.4921
-13.429
-13.3051
-13.1251
-12.8937
-12.616
-12.297
-11.9416
-11.5547
-11.1408
-10.7042
-10.2494
-9.77963
-9.29868
-8.87474
-8.48517
-8.09119
-7.64149
-7.24373
-6.67803
-6.40179
-5.51601
-5.76227
-3.90873
-5.82554
-1.25074
-7.7404
23.7463
23.8599
23.9744
24.0847
24.192
24.2956
24.3942
24.4862
24.5704
24.6449
24.7087
24.7606
24.7996
24.8249
24.836
24.8329
24.8156
24.7845
24.7402
24.6837
24.6157
24.5374
24.4498
24.3537
24.2501
24.1394
24.022
23.898
23.7674
23.6301
23.4856
23.3337
23.174
23.0062
22.8301
22.6458
22.4529
22.2517
22.0421
21.8241
21.5977
21.3627
21.1187
20.8655
20.6025
20.3291
20.0446
19.7484
19.4397
19.1181
18.7829
18.4338
18.0708
17.6938
17.303
16.8991
16.4828
16.0549
15.6168
15.1696
14.715
14.2545
13.79
13.3233
12.8565
12.391
11.9306
11.5389
11.1986
10.8465
10.4833
10.1137
9.73216
9.38398
8.92918
8.83347
7.81479
9.24528
5.07821
13.2124
18.947
18.7687
18.583
18.4036
18.2232
18.0391
17.8486
17.6457
17.4245
17.1799
16.9058
16.5944
16.2393
15.8418
15.4088
14.9441
14.4485
13.9212
13.3599
12.762
12.1259
11.4508
10.7361
9.98194
9.18927
8.35984
7.49613
6.60115
5.67862
4.73256
3.76734
2.78777
1.79864
0.804965
-0.188016
-1.17503
-2.15063
-3.10929
-4.04529
-4.95293
-5.82653
-6.66052
-7.44949
-8.18828
-8.87229
-9.49734
-10.0598
-10.5571
-10.9868
-11.3478
-11.6398
-11.8628
-12.0182
-12.1076
-12.1335
-12.0991
-12.0077
-11.8632
-11.6699
-11.432
-11.154
-10.8402
-10.4951
-10.1229
-9.72768
-9.31324
-8.88292
-8.49961
-8.1436
-7.78302
-7.36516
-6.99878
-6.46377
-6.21323
-5.36345
-5.616
-3.82803
-5.69208
-1.2632
-7.58338
19.0699
19.1631
19.2613
19.3593
19.4608
19.5654
19.673
19.7834
19.8963
20.011
20.1271
20.2438
20.36
20.4748
20.5871
20.6955
20.7989
20.8957
20.9847
21.0648
21.1347
21.1936
21.2407
21.2754
21.2975
21.3069
21.3036
21.2879
21.2602
21.2209
21.1703
21.1088
21.0369
20.9546
20.8622
20.7598
20.6472
20.5244
20.3912
20.2476
20.0931
19.9276
19.7507
19.5621
19.3614
19.1481
18.9217
18.6817
18.4277
18.1593
17.8761
17.5779
17.2645
16.936
16.5926
16.2347
15.8631
15.4785
15.0821
14.6749
14.2585
13.8343
13.4042
12.9698
12.5333
12.096
11.662
11.2912
10.9682
10.6333
10.2869
9.9339
9.56838
9.23497
8.79706
8.707
7.72338
9.10725
5.06411
12.9796
15.8137
15.6668
15.5109
15.3576
15.2016
15.0416
14.8779
14.708
14.5265
14.3283
14.1086
13.8614
13.58
13.2599
12.9035
12.5175
12.1064
11.6724
11.2169
10.7393
10.2383
9.71307
9.16268
8.58631
7.98318
7.35277
6.69479
6.00937
5.29719
4.55937
3.79762
3.01439
2.21253
1.39551
0.567348
-0.267566
-1.10444
-1.93826
-2.7637
-3.57535
-4.36776
-5.13547
-5.87311
-6.5754
-7.23745
-7.85465
-8.42277
-8.93815
-9.39769
-9.79896
-10.1403
-10.4206
-10.6396
-10.7978
-10.8962
-10.9367
-10.9214
-10.8533
-10.7354
-10.5713
-10.3648
-10.1198
-9.84007
-9.52963
-9.19244
-8.83227
-8.45216
-8.10956
-7.78743
-7.4606
-7.07542
-6.74082
-6.23802
-6.01291
-5.20217
-5.45828
-3.74236
-5.54514
-1.2744
-7.40631
15.9195
16.0061
16.0975
16.1895
16.2848
16.3824
16.4825
16.585
16.6897
16.7967
16.9058
17.0169
17.1299
17.2444
17.3604
17.4774
17.5951
17.7128
17.8301
17.9463
18.0604
18.1716
18.2788
18.381
18.4771
18.5659
18.6464
18.7177
18.7789
18.8292
18.868
18.895
18.9098
18.9122
18.9021
18.8794
18.8442
18.7962
18.7356
18.6622
18.5759
18.4764
18.3636
18.2372
18.0968
17.9421
17.7727
17.5883
17.3886
17.173
16.9416
16.6939
16.43
16.1499
15.8539
15.5422
15.2155
14.8744
14.52
14.1533
13.7757
13.3886
12.9937
12.5926
12.1874
11.7795
11.373
11.0241
10.7194
10.4026
10.074
9.73846
9.39007
9.07195
8.65282
8.56647
7.62388
8.95
5.04774
12.7249
13.6112
13.487
13.3535
13.2202
13.0837
12.9433
12.8007
12.6556
12.5059
12.3476
12.1767
11.9892
11.7799
11.5428
11.2735
10.9725
10.6442
10.2918
9.91717
9.52204
9.10635
8.66919
8.21013
7.72913
7.22618
6.7013
6.15458
5.58623
4.99667
4.3864
3.75618
3.10713
2.44058
1.75827
1.06245
0.355734
-0.358774
-1.07757
-1.79668
-2.51183
-3.21849
-3.91192
-4.58727
-5.23957
-5.86405
-6.45604
-7.01108
-7.52509
-7.99437
-8.41577
-8.78665
-9.105
-9.36947
-9.57928
-9.73442
-9.83545
-9.88355
-9.88043
-9.82831
-9.72979
-9.58787
-9.40573
-9.18683
-8.93461
-8.65269
-8.34479
-8.01351
-7.71085
-7.42222
-7.12873
-6.77629
-6.47324
-6.00339
-5.80328
-5.03298
-5.29198
-3.6491
-5.39133
-1.27464
-7.22496
13.7046
13.7855
13.8717
13.9596
14.0509
14.1449
14.2417
14.3412
14.4432
14.5477
14.6544
14.7632
14.8739
14.9863
15.1
15.215
15.3308
15.4471
15.5639
15.6806
15.7969
15.9125
16.0269
16.1396
16.2501
16.3576
16.4617
16.5614
16.656
16.7445
16.8262
16.9001
16.9653
17.021
17.0665
17.1011
17.1241
17.135
17.1333
17.1187
17.0906
17.0488
16.9929
16.9224
16.8372
16.7367
16.6206
16.4887
16.3404
16.1756
15.9939
15.7952
15.5795
15.3466
15.0969
14.8305
14.548
14.25
13.9373
13.611
13.2722
12.9223
12.5628
12.1955
11.8221
11.4443
11.0659
10.7396
10.4537
10.1556
9.84554
9.52805
9.19757
8.89502
8.49605
8.41214
7.51385
8.77873
5.01818
12.467
11.7975
11.6922
11.5784
11.4634
11.3441
11.2201
11.0935
10.965
10.8344
10.7003
10.5598
10.4095
10.2464
10.0663
9.8645
9.63695
9.38333
9.10652
8.8089
8.49198
8.15724
7.80456
7.43276
7.04103
6.62908
6.19674
5.74397
5.27083
4.77766
4.26491
3.73327
3.1837
2.61725
2.03528
1.43945
0.831627
0.214013
-0.410865
-1.04016
-1.67068
-2.29897
-2.92129
-3.53365
-4.13188
-4.71173
-5.26891
-5.79919
-6.29851
-6.76299
-7.18915
-7.57386
-7.91442
-8.20874
-8.45518
-8.65277
-8.80111
-8.90036
-8.95128
-8.95512
-8.9136
-8.82891
-8.70353
-8.54027
-8.3421
-8.11214
-7.85395
-7.56961
-7.30567
-7.04977
-6.78893
-6.46901
-6.19705
-5.76048
-5.58503
-4.85577
-5.11792
-3.54692
-5.23253
-1.26179
-7.04391
11.8784
11.9504
12.0275
12.1067
12.1894
12.2751
12.364
12.456
12.5512
12.6495
12.7508
12.8552
12.9623
13.0722
13.1846
13.2993
13.416
13.5345
13.6544
13.7754
13.8971
14.0191
14.141
14.2623
14.3825
14.5011
14.6177
14.7317
14.8425
14.9495
15.052
15.1495
15.2411
15.3261
15.4037
15.4731
15.5336
15.5842
15.6243
15.653
15.6697
15.6737
15.6643
15.6409
15.603
15.55
15.4814
15.3968
15.2957
15.1778
15.0426
14.8901
14.72
14.5323
14.327
14.1043
13.8647
13.6087
13.3369
13.0503
12.7499
12.437
12.113
11.7794
11.4382
11.0908
10.741
10.4378
10.1711
9.89214
9.60111
9.30218
8.99026
8.70354
8.32587
8.24359
7.39162
8.59473
4.97292
12.2081
10.282
10.1925
10.0962
9.99842
9.8958
9.78725
9.67485
9.56004
9.44328
9.32452
9.20279
9.07588
8.941
8.79559
8.6364
8.45935
8.26085
8.04018
7.79951
7.54092
7.26592
6.97602
6.67139
6.35093
6.01372
5.65933
5.28747
4.89788
4.49046
4.06519
3.62226
3.16215
2.68543
2.19297
1.68592
1.16564
0.633806
0.0923499
-0.456503
-1.01025
-1.56612
-2.12112
-2.67198
-3.21521
-3.7472
-4.26418
-4.76234
-5.23789
-5.68708
-6.10639
-6.49253
-6.84246
-7.15361
-7.42377
-7.65125
-7.83489
-7.97404
-8.06857
-8.11891
-8.12596
-8.0911
-8.01607
-7.90301
-7.75437
-7.57267
-7.36126
-7.12161
-6.89487
-6.67074
-6.44167
-6.15388
-5.91241
-5.5093
-5.35807
-4.67031
-4.93571
-3.43584
-5.06752
-1.23812
-6.86057
10.352
10.4156
10.4837
10.5538
10.6272
10.7036
10.7831
10.8657
10.9514
11.0404
11.1326
11.2281
11.3267
11.4285
11.5335
11.6415
11.7523
11.866
11.9823
12.1009
12.2216
12.3441
12.4681
12.5932
12.7188
12.8446
12.97
13.0944
13.2173
13.3381
13.456
13.5705
13.681
13.7865
13.8865
13.9801
14.0667
14.1454
14.2154
14.2759
14.3261
14.3651
14.3923
14.4068
14.4078
14.3947
14.3668
14.3234
14.264
14.1881
14.0953
13.9851
13.8573
13.7117
13.5483
13.3672
13.1686
12.9529
12.7207
12.4728
12.21
11.9335
11.6445
11.3446
11.0356
10.7187
10.3978
10.118
9.87087
9.61152
9.33996
9.06005
8.76727
8.49667
8.1413
8.06015
7.25634
8.39688
4.91406
11.943
9.03982
8.96335
8.88113
8.79762
8.71018
8.6169
8.51845
8.41637
8.31171
8.20504
8.0965
7.98546
7.87021
7.74849
7.61808
7.47626
7.31944
7.14432
6.9498
6.7374
6.509
6.26604
6.01004
5.74148
5.45946
5.16314
4.85209
4.52612
4.18505
3.82872
3.45706
3.07021
2.66837
2.25193
1.82152
1.37796
0.922292
0.455841
-0.01979
-0.502747
-0.990914
-1.48192
-1.97314
-2.46167
-2.94447
-3.41832
-3.87983
-4.3256
-4.75216
-5.15613
-5.53425
-5.88339
-6.20073
-6.48373
-6.73024
-6.93854
-7.10732
-7.23579
-7.32363
-7.371
-7.37855
-7.34733
-7.27879
-7.17481
-7.03733
-6.86934
-6.67173
-6.48036
-6.28675
-6.08831
-5.83194
-5.62015
-5.25037
-5.12278
-4.4768
-4.74526
-3.31617
-4.89551
-1.20509
-6.67271
9.10083
9.15718
9.21731
9.27954
9.34474
9.41268
9.48355
9.55738
9.63423
9.71414
9.79719
9.88339
9.97276
10.0653
10.1611
10.26
10.362
10.4671
10.5751
10.6861
10.7997
10.9159
11.0344
11.155
11.2775
11.4014
11.5263
11.652
11.7778
11.9032
12.0276
12.1505
12.2711
12.3888
12.5028
12.6123
12.7166
12.8148
12.9061
12.9897
13.0647
13.1303
13.1856
13.2297
13.2619
13.2812
13.287
13.2784
13.2548
13.2155
13.1599
13.0876
12.998
12.891
12.7663
12.6238
12.4638
12.2863
12.0918
11.881
11.6545
11.4134
11.1588
10.8921
10.6149
10.3285
10.0366
9.78026
9.55294
9.31343
9.06167
8.80114
8.52798
8.27379
7.94156
7.86121
7.10729
8.18433
4.84279
11.6687
8.00839
7.94275
7.8722
7.80031
7.72504
7.64518
7.56067
7.47154
7.3785
7.28267
7.18484
7.08527
6.98359
6.87855
6.76832
6.65095
6.52414
6.3848
6.22982
6.05782
5.86973
5.66719
5.45152
5.22415
4.98577
4.73568
4.47302
4.19737
3.90858
3.60651
3.29106
2.96222
2.62005
2.26474
1.89666
1.51629
1.12429
0.721522
0.309086
-0.111711
-0.539338
-0.97202
-1.40773
-1.84417
-2.27888
-2.70917
-3.13217
-3.54489
-3.94423
-4.32709
-4.69037
-5.03104
-5.34621
-5.63321
-5.88964
-6.11338
-6.30271
-6.45629
-6.57322
-6.65305
-6.69576
-6.70177
-6.67191
-6.60748
-6.50981
-6.38154
-6.2229
-6.06473
-5.90007
-5.73079
-5.50481
-5.32158
-4.98471
-4.87992
-4.2757
-4.54692
-3.18821
-4.71654
-1.16309
-6.48031
8.06161
8.11141
8.16444
8.21949
8.27721
8.33748
8.40046
8.46619
8.53475
8.60621
8.68063
8.75807
8.83858
8.92219
9.00892
9.0988
9.19182
9.28795
9.38717
9.48942
9.59462
9.70266
9.81342
9.92673
10.0424
10.1602
10.2798
10.401
10.5234
10.6466
10.7702
10.8936
11.0163
11.1377
11.2572
11.3741
11.4875
11.5968
11.701
11.7995
11.8912
11.9754
12.051
12.1173
12.1732
12.218
12.2506
12.2704
12.2765
12.268
12.2444
12.205
12.1492
12.0765
11.9867
11.8796
11.755
11.613
11.454
11.2782
11.0864
10.8793
10.6579
10.4235
10.1775
9.92113
9.65788
9.42504
9.21752
8.99794
8.76614
8.52521
8.27198
8.03443
7.72596
7.6463
6.94375
7.9567
4.75913
11.3838
7.13388
7.07731
7.01656
6.95455
6.88954
6.82046
6.74765
6.67113
6.59029
6.50533
6.41736
6.32733
6.23564
6.14213
6.04594
5.94555
5.83927
5.72517
5.60058
5.46263
5.30972
5.14232
4.9618
4.7694
4.56647
4.35387
4.13109
3.89725
3.6519
3.39488
3.12607
2.84542
2.55285
2.24843
1.93233
1.60484
1.2664
0.917568
0.559121
0.191989
-0.182703
-0.563644
-0.949284
-1.33785
-1.72738
-2.11571
-2.50044
-2.87906
-3.2489
-3.60717
-3.95108
-4.27778
-4.58451
-4.86858
-5.12751
-5.35899
-5.56102
-5.7319
-5.87029
-5.97525
-6.04622
-6.08308
-6.08607
-6.05597
-5.99351
-5.90095
-5.77794
-5.65046
-5.51291
-5.37105
-5.17412
-5.01808
-4.71334
-4.63032
-4.06758
-4.34111
-3.05226
-4.53078
-1.11305
-6.28346
7.18031
7.22415
7.27078
7.31928
7.37019
7.42343
7.47914
7.53737
7.59821
7.66173
7.72802
7.79714
7.86914
7.94409
8.02205
8.10304
8.1871
8.27424
8.36447
8.45779
8.55414
8.65349
8.75575
8.86083
8.96859
9.07887
9.19149
9.30621
9.42278
9.54088
9.66017
9.78025
9.90069
10.021
10.1406
10.259
10.3755
10.4894
10.5999
10.7064
10.8079
10.9036
10.9927
11.0742
11.1471
11.2107
11.2638
11.3058
11.3355
11.3523
11.3552
11.3436
11.3167
11.274
11.215
11.1394
11.0469
10.9373
10.8109
10.6678
10.5085
10.3336
10.1439
9.94055
9.72477
9.49764
9.26252
9.05283
8.86494
8.66518
8.45333
8.23204
7.9989
7.77814
7.49385
7.41493
6.76495
7.7136
4.66312
11.0867
6.38355
6.33465
6.28217
6.22854
6.17233
6.11255
6.04932
5.98298
5.91341
5.83993
5.76232
5.68141
5.5983
5.51355
5.42719
5.33867
5.24674
5.14991
5.04656
4.93444
4.8109
4.67414
4.52425
4.36239
4.1897
4.00746
3.81667
3.61703
3.40769
3.18816
2.95826
2.71794
2.46711
2.20569
1.93375
1.6514
1.3589
1.05659
0.744986
0.424745
0.0966695
-0.238268
-0.578895
-0.923843
-1.27157
-1.62033
-1.96818
-2.31303
-2.65261
-2.98452
-3.30627
-3.6153
-3.90903
-4.18491
-4.44049
-4.67342
-4.88155
-5.06298
-5.21608
-5.33952
-5.43235
-5.49398
-5.52416
-5.5232
-5.49129
-5.43031
-5.33931
-5.23982
-5.12733
-5.01091
-4.84141
-4.71095
-4.43731
-4.37481
-3.85296
-4.12811
-2.90871
-4.33801
-1.05594
-6.08104
6.42407
6.46261
6.50357
6.54625
6.59107
6.63799
6.68715
6.73858
6.7924
6.84867
6.90746
6.96886
7.03293
7.09975
7.16937
7.24185
7.31725
7.3956
7.47693
7.56127
7.64861
7.73894
7.83225
7.92847
8.02754
8.12935
8.23378
8.34068
8.44985
8.56108
8.67407
8.78854
8.90413
9.02045
9.13705
9.25343
9.36906
9.48333
9.59562
9.70523
9.81142
9.91339
10.0103
10.1014
10.1856
10.2622
10.3301
10.3885
10.4364
10.4729
10.4971
10.5083
10.5056
10.4883
10.4558
10.4077
10.3435
10.263
10.1662
10.053
9.92371
9.77881
9.61894
9.44499
9.25807
9.05912
8.85128
8.6642
8.49555
8.31531
8.12321
7.92146
7.70837
7.50451
7.24457
7.16664
6.57014
7.45422
4.55524
10.774
5.73369
5.69132
5.64586
5.59935
5.55063
5.49884
5.44402
5.38625
5.32554
5.2619
5.19495
5.12413
5.04977
4.97291
4.89438
4.81441
4.73263
4.64809
4.55951
4.46549
4.36413
4.25297
4.13014
3.99535
3.84951
3.69372
3.52924
3.35712
3.17727
2.98891
2.7915
2.5849
2.36903
2.14382
1.90922
1.66525
1.41202
1.14974
0.878727
0.599408
0.312352
0.0182495
-0.282026
-0.587434
-0.89678
-1.20869
-1.5216
-1.83378
-2.14333
-2.44824
-2.74633
-3.03534
-3.31294
-3.57678
-3.82453
-4.0539
-4.26272
-4.44899
-4.61092
-4.74694
-4.85578
-4.93653
-4.98852
-5.01166
-5.00567
-4.97204
-4.90935
-4.83496
-4.74527
-4.65215
-4.50825
-4.40152
-4.15768
-4.11421
-3.63265
-3.90817
-2.75842
-4.13763
-0.993591
-5.87107
5.76909
5.80295
5.83892
5.87644
5.91587
5.95719
6.00051
6.04588
6.09341
6.14315
6.19518
6.24959
6.30644
6.36582
6.42777
6.49238
6.5597
6.62978
6.70268
6.77843
6.85705
6.93857
7.02299
7.11029
7.20045
7.29341
7.38909
7.4874
7.58822
7.69139
7.79671
7.90394
8.01284
8.12308
8.23431
8.34613
8.45809
8.56969
8.68036
8.78953
8.89654
9.00067
9.10118
9.1973
9.28817
9.37294
9.45071
9.52058
9.58162
9.63293
9.67359
9.70273
9.71951
9.72315
9.71294
9.68826
9.64861
9.5936
9.52295
9.4366
9.33462
9.21727
9.08502
8.9386
8.77891
8.60677
8.42505
8.25977
8.10977
7.94859
7.77584
7.59335
7.40009
7.21313
6.97754
6.90096
6.35884
7.17744
4.43679
10.4408
5.16583
5.12901
5.08951
5.04905
5.00669
4.96169
4.91405
4.86383
4.81088
4.75512
4.69669
4.63544
4.57074
4.50238
4.43119
4.35816
4.28372
4.20771
4.12944
4.04782
3.96167
3.86935
3.76875
3.658
3.53654
3.40502
3.26441
3.11587
2.96051
2.79829
2.62843
2.45042
2.26411
2.06951
1.86658
1.65527
1.43559
1.20763
0.971588
0.727759
0.476521
0.218366
-0.0460709
-0.316003
-0.590522
-0.868557
-1.14886
-1.43003
-1.71053
-1.98863
-2.26252
-2.53022
-2.78968
-3.03877
-3.27534
-3.49726
-3.7024
-3.88879
-4.05454
-4.19798
-4.31763
-4.41231
-4.48105
-4.52349
-4.53889
-4.5284
-4.49022
-4.43794
-4.36865
-4.2965
-4.17619
-4.09115
-3.87563
-3.84934
-3.40757
-3.68125
-2.60269
-3.9285
-0.927966
-5.65006
5.19678
5.22653
5.2581
5.29108
5.32575
5.3621
5.40024
5.44023
5.48214
5.52604
5.57202
5.62014
5.67047
5.72309
5.77806
5.83546
5.89537
5.95782
6.02287
6.09059
6.16102
6.23418
6.31009
6.38878
6.47024
6.55445
6.64137
6.73095
6.82311
6.91775
7.01471
7.11385
7.21499
7.31786
7.4222
7.52769
7.63397
7.74062
7.8472
7.95319
8.05805
8.16114
8.26181
8.35936
8.45303
8.54203
8.62552
8.70263
8.7725
8.8342
8.88686
8.92958
8.96148
8.98175
8.98961
8.98435
8.96536
8.93213
8.88428
8.82156
8.74389
8.65137
8.54431
8.42321
8.28882
8.14182
7.9848
7.84029
7.70816
7.56535
7.41133
7.24764
7.07382
6.90365
6.69214
6.61723
6.13074
6.88096
4.31041
10.0805
4.6624
4.63034
4.59596
4.56071
4.52381
4.48463
4.44317
4.39946
4.35336
4.30472
4.25347
4.19968
4.14342
4.08422
4.02149
3.95556
3.88752
3.8181
3.74734
3.67472
3.59933
3.52011
3.43565
3.34397
3.24329
3.13313
3.0142
2.88731
2.7533
2.61321
2.46711
2.31413
2.15359
1.98542
1.80972
1.62652
1.43578
1.2375
1.03179
0.818837
0.598909
0.372361
0.139656
-0.0986169
-0.341761
-0.588945
-0.839188
-1.09137
-1.34422
-1.59636
-1.84622
-2.09214
-2.33233
-2.56491
-2.78795
-2.99951
-3.19759
-3.38027
-3.54567
-3.69211
-3.818
-3.92199
-4.00291
-4.06012
-4.09262
-4.10119
-4.08373
-4.05052
-3.99922
-3.94557
-3.84671
-3.78096
-3.59255
-3.58052
-3.17937
-3.4465
-2.44443
-3.70674
-0.863757
-5.41208
4.68949
4.71565
4.7434
4.7724
4.80291
4.83492
4.86851
4.90376
4.94072
4.97946
5.02006
5.06259
5.1071
5.15369
5.20241
5.25332
5.30651
5.36203
5.41994
5.4803
5.54315
5.60855
5.67653
5.74712
5.82033
5.89617
5.97463
6.05568
6.13929
6.22538
6.31387
6.40463
6.49755
6.59244
6.68908
6.78723
6.88662
6.98691
7.08772
7.18865
7.28922
7.38891
7.48716
7.58334
7.67679
7.7668
7.85261
7.93342
8.0084
8.07671
8.13748
8.18983
8.23289
8.26584
8.28785
8.29815
8.29609
8.28104
8.25248
8.21012
8.15371
8.08315
7.99862
7.90046
7.78922
7.66544
7.53142
7.40646
7.29126
7.16591
7.02982
6.88426
6.7293
6.57572
6.38795
6.31445
5.8866
6.56048
4.18323
9.68095
4.22234
4.19453
4.1647
4.13411
4.10209
4.06812
4.03219
3.99433
3.9544
3.91228
3.86788
3.82127
3.77256
3.72173
3.66792
3.60914
3.54368
3.47174
3.39507
3.31563
3.23497
3.15454
3.076
3.00072
2.92808
2.85476
2.77571
2.68555
2.57985
2.45788
2.32434
2.18549
2.04362
1.89738
1.74479
1.58503
1.41821
1.24468
1.06465
0.878191
0.685388
0.486439
0.281675
0.0715394
-0.143468
-0.362691
-0.585386
-0.810677
-1.03752
-1.26481
-1.49125
-1.71541
-1.9358
-2.15079
-2.35867
-2.55769
-2.74604
-2.92191
-3.0835
-3.22917
-3.35729
-3.46646
-3.55535
-3.62312
-3.66856
-3.69225
-3.69179
-3.67451
-3.63876
-3.6009
-3.52157
-3.47193
-3.31023
-3.30762
-2.95053
-3.20172
-2.28766
-3.46845
-0.808058
-5.15088
4.24593
4.26876
4.29296
4.31828
4.34492
4.37288
4.40225
4.43307
4.46541
4.49934
4.53492
4.57221
4.61128
4.6522
4.69504
4.73985
4.78671
4.83568
4.88683
4.9402
4.99586
5.05386
5.11424
5.17704
5.2423
5.31004
5.38025
5.45291
5.52806
5.60566
5.68562
5.76787
5.85232
5.93886
6.02733
6.11749
6.20917
6.30213
6.39605
6.49057
6.58533
6.67986
6.7737
6.86635
6.95719
7.04562
7.13096
7.21247
7.28943
7.36104
7.42649
7.48496
7.53555
7.57748
7.60997
7.63215
7.64334
7.64292
7.6302
7.60485
7.56651
7.51489
7.45005
7.3722
7.2817
7.17895
7.06595
6.95909
6.85967
6.75066
6.6315
6.50324
6.3663
6.2288
6.06454
5.99082
5.62824
6.2097
4.06455
9.23321
3.69339
3.67019
3.64525
3.61961
3.5928
3.56438
3.53431
3.50261
3.4692
3.43397
3.3968
3.35753
3.31604
3.27225
3.22637
3.17886
3.12974
3.07825
3.02366
2.96641
2.90759
2.8478
2.78655
2.72285
2.65576
2.58415
2.50628
2.42085
2.32855
2.23061
2.12654
2.01545
1.89786
1.77496
1.64703
1.51372
1.37466
1.2297
1.07882
0.922132
0.759716
0.591699
0.418255
0.239663
0.0562378
-0.131554
-0.323194
-0.518051
-0.715358
-0.91427
-1.11379
-1.3128
-1.51008
-1.70432
-1.89407
-2.07778
-2.25388
-2.42075
-2.57672
-2.72016
-2.84948
-2.96321
-3.05993
-3.13858
-3.19778
-3.23764
-3.25599
-3.25597
-3.23824
-3.21693
-3.16166
-3.12688
-3.00106
-3.00067
-2.70647
-2.92217
-2.13148
-3.19347
-0.770691
-4.85871
3.7132
3.73245
3.75282
3.77416
3.79663
3.82022
3.845
3.87104
3.89838
3.92708
3.95722
3.98881
4.02194
4.05669
4.0931
4.1312
4.17112
4.21287
4.25654
4.30217
4.34982
4.39958
4.45147
4.50552
4.5618
4.62034
4.68116
4.74428
4.80972
4.87749
4.94754
5.01983
5.09433
5.17102
5.24971
5.33029
5.41264
5.49662
5.58197
5.66842
5.7557
5.84344
5.93133
6.01893
6.10574
6.1913
6.275
6.3562
6.43431
6.50858
6.57832
6.64278
6.70107
6.75245
6.7962
6.83146
6.85742
6.87348
6.87888
6.87312
6.85574
6.82636
6.78484
6.73119
6.66554
6.58822
6.50073
6.41598
6.33599
6.24718
6.14911
6.04252
5.92829
5.81119
5.67793
5.6021
5.33113
5.77992
3.95901
8.68474
3.14636
3.12803
3.10833
3.08806
3.06686
3.0444
3.02063
2.99558
2.96919
2.94138
2.91202
2.88097
2.84821
2.81378
2.77799
2.74147
2.70498
2.66905
2.63319
2.59581
2.55509
2.51009
2.46047
2.40589
2.34572
2.27991
2.20937
2.13528
2.05848
1.97944
1.8979
1.81223
1.72045
1.62232
1.51913
1.41179
1.30013
1.18365
1.06207
0.935378
0.803597
0.666831
0.525133
0.378641
0.227532
0.0720539
-0.0874401
-0.250556
-0.41678
-0.5855
-0.756018
-0.927543
-1.09912
-1.26972
-1.43822
-1.60335
-1.76379
-1.91814
-2.0649
-2.2026
-2.3297
-2.44478
-2.54635
-2.63324
-2.70393
-2.7582
-2.79379
-2.81073
-2.80989
-2.80644
-2.77286
-2.75824
-2.66072
-2.67852
-2.42455
-2.64611
-1.92148
-2.95577
-0.657732
-4.67327
3.16215
3.17758
3.19389
3.21101
3.22903
3.24797
3.26789
3.28884
3.31084
3.33398
3.35829
3.38379
3.41058
3.43871
3.4682
3.49912
3.53156
3.56555
3.60116
3.63843
3.67742
3.71822
3.76086
3.80536
3.85181
3.90025
3.95074
4.00329
4.05792
4.11468
4.17357
4.23457
4.29771
4.36298
4.43027
4.49954
4.57074
4.64375
4.71841
4.79459
4.87206
4.95061
5.03001
5.10988
5.18993
5.26978
5.34894
5.42689
5.50319
5.57721
5.64831
5.71591
5.77922
5.83754
5.89018
5.93635
5.97527
6.00626
6.02855
6.04154
6.04469
6.03753
6.01973
5.99108
5.95154
5.90126
5.84142
5.78091
5.72237
5.65621
5.58192
5.5001
5.41179
5.32007
5.2191
5.1563
4.95533
5.3542
3.70444
8.3318
2.68405
2.66938
2.65362
2.63739
2.62042
2.60243
2.58338
2.5633
2.54216
2.51987
2.49635
2.47153
2.44537
2.41777
2.38864
2.35795
2.32563
2.29172
2.25637
2.21969
2.18129
2.14031
2.09617
2.04937
2.00101
1.95192
1.90205
1.85076
1.79705
1.73933
1.6763
1.60788
1.53465
1.4567
1.37386
1.28654
1.19546
1.10075
1.00208
0.899124
0.791781
0.680092
0.564092
0.443873
0.319517
0.191154
0.0589961
-0.0767106
-0.215613
-0.357307
-0.501289
-0.646997
-0.793726
-0.9407
-1.08706
-1.2318
-1.37385
-1.51206
-1.6452
-1.77195
-1.89098
-2.00096
-2.1005
-2.18844
-2.26326
-2.32461
-2.37017
-2.39799
-2.40876
-2.41808
-2.4008
-2.40196
-2.32705
-2.36104
-2.13968
-2.37129
-1.69908
-2.72427
-0.522615
-4.49911
2.6968
2.7093
2.72252
2.73638
2.75099
2.76636
2.78254
2.79953
2.81742
2.83622
2.85597
2.87671
2.89852
2.92143
2.94546
2.97069
2.99716
3.02493
3.05406
3.08457
3.11651
3.14996
3.18497
3.22158
3.25986
3.29981
3.34151
3.38501
3.43033
3.47749
3.52655
3.57748
3.63035
3.68515
3.74183
3.80038
3.86079
3.92295
3.98682
4.05229
4.11923
4.1875
4.2569
4.3272
4.39821
4.46962
4.54106
4.61217
4.68256
4.7518
4.81931
4.8846
4.94709
5.00611
5.0611
5.11132
5.15608
5.19474
5.22657
5.25095
5.26736
5.27521
5.27409
5.26371
5.24387
5.21463
5.17686
5.1362
5.09556
5.04862
4.99489
4.93491
4.86977
4.80165
4.73004
4.6826
4.54404
4.91582
3.40744
7.98566
2.2627
2.25092
2.23827
2.22522
2.21158
2.19712
2.18181
2.16567
2.14867
2.13074
2.11183
2.09188
2.07085
2.04867
2.02525
2.00058
1.97456
1.94715
1.91832
1.8881
1.85664
1.82403
1.78993
1.75351
1.71426
1.67272
1.62998
1.5867
1.54275
1.49735
1.4493
1.39726
1.34054
1.27945
1.21429
1.14487
1.07125
0.994113
0.913943
0.830596
0.743714
0.653112
0.558757
0.460727
0.359096
0.253945
0.145393
0.0335853
-0.0812429
-0.198826
-0.318793
-0.440761
-0.56421
-0.688556
-0.81316
-0.93724
-1.05996
-1.18041
-1.29758
-1.41038
-1.51767
-1.61831
-1.71106
-1.79487
-1.86832
-1.93101
-1.98069
-2.0143
-2.03223
-2.04977
-2.04424
-2.05663
-2.00014
-2.04589
-1.8544
-2.09106
-1.47214
-2.48005
-0.383885
-4.28909
2.273
2.2831
2.2938
2.30501
2.31683
2.32928
2.34238
2.35615
2.37064
2.38589
2.40192
2.41876
2.43647
2.45509
2.47463
2.49517
2.51674
2.53937
2.56312
2.58802
2.61413
2.64149
2.67016
2.70017
2.73157
2.7644
2.79871
2.83455
2.87194
2.91093
2.95155
2.99381
3.03775
3.08339
3.1307
3.1797
3.23038
3.28269
3.3366
3.39206
3.44897
3.50724
3.56674
3.62732
3.68882
3.75104
3.8137
3.87654
3.93923
4.00146
4.06278
4.12281
4.18107
4.23702
4.29018
4.33995
4.38571
4.42691
4.46292
4.49313
4.51706
4.53412
4.5439
4.54608
4.54038
4.52676
4.50589
4.48091
4.45471
4.42359
4.38711
4.34583
4.30081
4.25397
4.20858
4.17659
4.09619
4.44172
3.08598
7.54768
1.86943
1.86014
1.85018
1.8399
1.82914
1.81774
1.80569
1.79297
1.77958
1.76547
1.75057
1.73486
1.71829
1.70082
1.68238
1.66296
1.64248
1.62088
1.59812
1.57416
1.54897
1.52262
1.49523
1.46684
1.43698
1.4049
1.37023
1.33358
1.29606
1.25826
1.2199
1.18013
1.13774
1.09172
1.0418
0.988245
0.931056
0.870156
0.806003
0.739247
0.670003
0.597972
0.522862
0.444595
0.363207
0.27878
0.191393
0.101128
0.00812329
-0.0874384
-0.185316
-0.285222
-0.386801
-0.489617
-0.593192
-0.696944
-0.800224
-0.902318
-1.00242
-1.09968
-1.19312
-1.28182
-1.36472
-1.4409
-1.50909
-1.56895
-1.61834
-1.65378
-1.67532
-1.69738
-1.69968
-1.71947
-1.67738
-1.7312
-1.56572
-1.80388
-1.23557
-2.22082
-0.233599
-4.04446
1.87756
1.88556
1.89404
1.90294
1.91231
1.92218
1.93257
1.9435
1.955
1.96711
1.97985
1.99326
2.00734
2.02216
2.03773
2.05411
2.0713
2.08936
2.10832
2.12823
2.14913
2.17104
2.19402
2.2181
2.24333
2.26974
2.29736
2.32626
2.35646
2.388
2.42091
2.45521
2.49095
2.52814
2.56676
2.60686
2.64845
2.6915
2.73598
2.78187
2.82912
2.87767
2.92744
2.97833
3.03021
3.08294
3.13636
3.19024
3.24434
3.29842
3.35216
3.40523
3.45731
3.50791
3.55667
3.60312
3.64672
3.68702
3.72348
3.75559
3.78287
3.80485
3.82109
3.83132
3.83523
3.83277
3.82438
3.81138
3.79648
3.77798
3.75554
3.72977
3.70164
3.6732
3.65003
3.63234
3.60287
3.92171
2.71684
7.02696
1.50818
1.50103
1.49334
1.4854
1.47708
1.46829
1.45899
1.44916
1.43882
1.42791
1.41639
1.40425
1.39144
1.37792
1.36367
1.34866
1.33282
1.3161
1.29847
1.27989
1.26031
1.23971
1.2181
1.19555
1.17214
1.14786
1.12219
1.09436
1.06422
1.03256
1.00043
0.96818
0.93537
0.901099
0.864291
0.824282
0.781079
0.734776
0.685294
0.632884
0.578204
0.521609
0.462919
0.40185
0.338266
0.272189
0.203695
0.132841
0.0596906
-0.0156532
-0.0930577
-0.172309
-0.253182
-0.335362
-0.418509
-0.502206
-0.585965
-0.669247
-0.751443
-0.831882
-0.909818
-0.984486
-1.05503
-1.12072
-1.18044
-1.23397
-1.27936
-1.31324
-1.33524
-1.35854
-1.36509
-1.38878
-1.35715
-1.41559
-1.27178
-1.5085
-0.985143
-1.9443
-0.0628136
-3.76142
1.51447
1.52064
1.52717
1.53403
1.54126
1.54887
1.55689
1.56531
1.57418
1.58352
1.59335
1.60368
1.61455
1.62598
1.638
1.65064
1.66391
1.67785
1.6925
1.70789
1.72403
1.74098
1.75875
1.77739
1.79693
1.81739
1.83881
1.86123
1.88469
1.90922
1.93483
1.96156
1.98946
2.01853
2.04877
2.08023
2.11291
2.14681
2.18194
2.21827
2.25577
2.29443
2.33421
2.37501
2.41677
2.45939
2.50278
2.54676
2.59117
2.63585
2.68053
2.72499
2.76899
2.81214
2.85416
2.89471
2.93336
2.96972
3.00335
3.03388
3.06089
3.08394
3.10271
3.11692
3.12632
3.13084
3.13078
3.12624
3.11957
3.11043
3.09864
3.08486
3.06998
3.05636
3.05061
3.04451
3.05712
3.34839
2.28192
6.42236
1.13037
1.1251
1.11943
1.11356
1.10743
1.10094
1.09408
1.08685
1.07923
1.07119
1.06272
1.05378
1.04436
1.03443
1.02397
1.01295
1.00132
0.989065
0.976151
0.962544
0.948195
0.93308
0.917182
0.900496
0.88306
0.864951
0.846258
0.826832
0.806064
0.783307
0.758696
0.733199
0.707705
0.682371
0.656672
0.62975
0.60083
0.569574
0.535911
0.49968
0.460908
0.420091
0.377654
0.333474
0.287192
0.238629
0.187841
0.134988
0.0802134
0.0236179
-0.0346999
-0.0945981
-0.155896
-0.21837
-0.281763
-0.345773
-0.41005
-0.474196
-0.537774
-0.600299
-0.661219
-0.719964
-0.775888
-0.828453
-0.87677
-0.920718
-0.958632
-0.987762
-1.00726
-1.02871
-1.03613
-1.0603
-1.03527
-1.09481
-0.96817
-1.19983
-0.716304
-1.64092
0.131061
-3.39854
1.13503
1.13962
1.14448
1.14958
1.15496
1.16065
1.16663
1.17292
1.17956
1.18655
1.1939
1.20165
1.2098
1.21839
1.22744
1.23695
1.24695
1.25747
1.26854
1.28017
1.29237
1.30521
1.3187
1.33284
1.34768
1.36324
1.37955
1.39663
1.41452
1.43324
1.4528
1.47323
1.49457
1.51681
1.53996
1.56407
1.58914
1.61515
1.64211
1.67004
1.69889
1.72865
1.75929
1.79076
1.82303
1.85601
1.88965
1.92383
1.95845
1.99336
2.02841
2.06345
2.09828
2.13267
2.16639
2.19919
2.23077
2.26085
2.28909
2.31523
2.33891
2.35982
2.37775
2.3924
2.4036
2.41134
2.41578
2.41634
2.41501
2.41217
2.40776
2.40245
2.39685
2.3936
2.39896
2.39857
2.44077
2.70193
1.75016
5.67418
0.827437
0.823841
0.819984
0.815998
0.811825
0.807402
0.802719
0.797785
0.792579
0.787066
0.781255
0.775123
0.768644
0.761811
0.754606
0.74699
0.738948
0.730471
0.721525
0.712077
0.702109
0.691592
0.680489
0.668779
0.656468
0.643566
0.630123
0.616235
0.601926
0.586874
0.570361
0.551954
0.532149
0.511973
0.491961
0.471758
0.450515
0.427393
0.402075
0.374755
0.345602
0.314655
0.28245
0.249706
0.216596
0.182764
0.147782
0.11146
0.0738127
0.034927
-0.00511914
-0.046258
-0.0884059
-0.131444
-0.175218
-0.219544
-0.264193
-0.3089
-0.353369
-0.397278
-0.440241
-0.481873
-0.521723
-0.559446
-0.594363
-0.626496
-0.654475
-0.676605
-0.691386
-0.708568
-0.714083
-0.735942
-0.714065
-0.771876
-0.657695
-0.88094
-0.431932
-1.30693
0.340792
-2.90705
0.830574
0.833609
0.836836
0.840215
0.843771
0.847511
0.851438
0.855573
0.859928
0.864502
0.8693
0.874341
0.879646
0.885223
0.891077
0.897216
0.903664
0.910446
0.917559
0.925016
0.932832
0.941038
0.949657
0.958679
0.968129
0.978033
0.98841
0.999271
1.01064
1.02254
1.03498
1.04798
1.06157
1.07574
1.09053
1.10595
1.12204
1.13876
1.15614
1.1742
1.19292
1.21229
1.23231
1.25296
1.27422
1.29605
1.3184
1.34122
1.36445
1.38798
1.41173
1.4356
1.45943
1.48311
1.50648
1.52934
1.5515
1.5728
1.59299
1.6119
1.62928
1.64492
1.6587
1.67038
1.67989
1.68723
1.69251
1.69523
1.6962
1.6962
1.69534
1.69427
1.69346
1.69605
1.70733
1.70789
1.76606
1.99503
1.13415
4.71722
0.340087
0.337702
0.335118
0.332433
0.329622
0.326648
0.323503
0.320182
0.316674
0.312961
0.309042
0.304903
0.300519
0.295881
0.290984
0.285796
0.280295
0.274468
0.268288
0.261727
0.254758
0.247351
0.239464
0.231055
0.222089
0.21253
0.202338
0.191447
0.179691
0.166875
0.152841
0.137477
0.121341
0.106834
0.098445
0.100957
0.116727
0.144135
0.177653
0.209231
0.230857
0.237273
0.227631
0.205544
0.177244
0.148116
0.120455
0.0941091
0.0682273
0.042303
0.0162862
-0.00970177
-0.0355776
-0.0613165
-0.0869023
-0.112307
-0.137473
-0.162326
-0.186769
-0.210693
-0.233947
-0.256379
-0.277783
-0.298039
-0.316731
-0.334051
-0.348928
-0.3611
-0.368594
-0.378884
-0.379715
-0.396328
-0.374932
-0.426372
-0.325373
-0.524002
-0.135907
-0.875291
0.485745
-2.03477
0.342224
0.344356
0.346629
0.349016
0.35154
0.354198
0.356991
0.359949
0.363078
0.366372
0.369835
0.373483
0.377336
0.381395
0.385662
0.390149
0.394876
0.399857
0.40508
0.410563
0.416331
0.422385
0.428732
0.435377
0.442336
0.449613
0.457225
0.465166
0.473449
0.482086
0.491071
0.500414
0.510108
0.52015
0.530546
0.541295
0.552398
0.563826
0.575593
0.587683
0.600068
0.61274
0.6257
0.638917
0.652362
0.666023
0.679855
0.693828
0.707909
0.722041
0.736195
0.7503
0.764307
0.778147
0.791765
0.805073
0.817986
0.830458
0.842349
0.853567
0.86398
0.873492
0.882032
0.889443
0.895698
0.90082
0.904904
0.907325
0.909138
0.910901
0.912748
0.914878
0.916597
0.919643
0.926748
0.912806
0.951109
1.13831
0.368369
3.23158
0.304239
0.304227
0.304237
0.304248
0.304251
0.30425
0.304247
0.304239
0.304224
0.304209
0.304198
0.304189
0.30418
0.304176
0.30419
0.304225
0.304286
0.304383
0.304526
0.304735
0.305031
0.305436
0.30599
0.306714
0.307601
0.308587
0.309577
0.310618
0.312213
0.315697
0.323354
0.337629
0.359194
0.384471
0.404613
0.407637
0.382978
0.326075
0.241108
0.141254
0.0456756
-0.0268724
-0.065813
-0.0732932
-0.0615082
-0.0443805
-0.0304465
-0.0216939
-0.0166832
-0.0137428
-0.0121835
-0.011977
-0.0131876
-0.0157215
-0.0193951
-0.0240025
-0.0293718
-0.0353228
-0.0416957
-0.0483285
-0.0550791
-0.0618193
-0.068413
-0.0748249
-0.0808183
-0.0866831
-0.0917549
-0.0969
-0.0991107
-0.103804
-0.101897
-0.112453
-0.096021
-0.132296
-0.0640191
-0.193746
0.0462254
-0.376623
0.390983
-0.879297
0.304225
0.304169
0.3041
0.304009
0.303903
0.303779
0.303625
0.303448
0.303247
0.303015
0.302748
0.302443
0.302103
0.30172
0.301292
0.300813
0.300284
0.299706
0.299065
0.298363
0.297607
0.296783
0.295892
0.294934
0.293913
0.292822
0.291673
0.290457
0.289183
0.28786
0.286491
0.285083
0.283641
0.28218
0.280714
0.279249
0.277803
0.276384
0.275023
0.273722
0.272491
0.271348
0.270317
0.269397
0.268607
0.267959
0.267455
0.267105
0.266909
0.266879
0.267013
0.267291
0.267696
0.268192
0.268743
0.2693
0.269821
0.270305
0.270686
0.270966
0.271127
0.271186
0.27115
0.271022
0.2709
0.27075
0.270706
0.272038
0.271296
0.269228
0.266096
0.262636
0.259758
0.261318
0.271953
0.275345
0.309536
0.409953
0.00587634
1.35265
)
;

boundaryField
{
    inlet
    {
        type            freestreamPressure;
        freestreamValue uniform 0;
        value           nonuniform List<scalar> 
134
(
0.739891
0.0414668
-0.686185
-1.31582
-1.76851
-2.04212
-2.08366
-1.88909
-1.46302
-0.682911
-0.125584
-0.203211
-0.339923
-0.468859
-0.599388
-0.736179
-0.880468
-1.033
-1.19592
-1.37312
1.42286
-1.56994
-1.78912
-2.02052
-2.23804
-2.39529
-2.47168
-2.60654
-2.60997
-2.66154
-3.17789
-2.92167
-2.93262
-2.98966
-3.03207
-3.05318
-3.07361
-3.12634
-3.25842
-3.4185
2.06693
2.73118
3.29538
3.60792
3.55774
2.95264
1.59355
-3.76982
-3.68766
-3.55917
-3.47599
-3.4145
-3.34552
-3.26769
-3.18797
-3.10839
-3.02778
-2.94517
-2.86054
-2.77391
-2.6848
-2.59232
-2.49493
-2.38999
-2.27477
-2.14578
-2.06391
-1.98697
-1.89413
-1.78595
-1.66073
-1.50021
-1.28287
-0.897608
-0.387671
0.552195
1.22225
1.96443
2.69742
3.4096
4.0844
4.65681
5.09434
5.40748
5.60657
5.7186
5.77369
5.79807
5.81296
5.84938
5.95692
6.15463
6.36986
6.54641
6.69121
6.81663
6.92496
7.01233
7.07679
7.11955
7.14444
7.16051
7.1861
7.26768
7.47561
7.92549
8.11516
7.92408
7.70435
7.56368
7.4484
7.31727
7.17373
7.02846
6.88259
6.73322
6.57866
6.41817
6.25081
6.07473
5.88708
5.68422
5.45925
5.20713
4.89822
4.69969
4.50512
4.25885
3.96597
3.6258
3.20456
2.66529
1.82675
0.765217
)
;
    }
    outlet
    {
        type            freestreamPressure;
        freestreamValue uniform 0;
        value           nonuniform List<scalar> 
160
(
0.000907999
0.000908038
0.000907882
0.000907955
0.000907825
0.000907841
0.000907766
0.000907666
0.000907674
0.000907453
0.000907568
0.000907192
0.000907452
0.000906849
0.000907311
0.000906443
0.000907144
0.000905973
0.000906969
0.000905417
0.000906799
0.000904768
0.000906625
0.000904013
0.000906446
0.000903164
0.000906271
0.000902198
0.000906139
0.000901108
0.000906057
0.00089988
0.000906042
0.000898514
0.000906122
0.000897015
0.000906328
0.000895343
0.000906713
0.000893507
0.000907337
0.000891525
0.000908266
0.00088936
0.000909622
0.000887012
0.000911477
0.000884487
0.000913844
0.000881794
0.00091655
0.000878918
0.000919291
0.00087589
0.000922082
0.000872692
0.000926159
0.000869348
0.000935166
0.000865887
0.000955669
0.000862322
0.000995028
0.000858676
0.00105586
0.000854965
0.00112886
0.000851236
0.00118941
0.000847537
0.00120278
0.000843887
0.00113623
0.000840342
0.00097286
0.000836933
0.000722192
0.000833756
0.000423512
0.000830822
0.000136651
0.000828169
-8.00471e-05
0.000825855
-0.000195054
0.000823957
-0.000216277
0.000822489
-0.000180983
0.000821505
-0.000130416
0.000821063
-8.945e-05
0.000821172
-6.3751e-05
0.000821874
-4.90409e-05
0.000823189
-4.04062e-05
0.000825159
-3.58279e-05
0.000827801
-3.52275e-05
0.000831065
-3.87982e-05
0.000834919
-4.62686e-05
0.000839273
-5.71046e-05
0.000844025
-7.07084e-05
0.000849054
-8.65842e-05
0.000854237
-0.000104214
0.000859597
-0.000123141
0.000864941
-0.000142903
0.000870296
-0.000163099
0.000875622
-0.000183369
0.00088099
-0.00020333
0.00088645
-0.000222892
0.000892033
-0.000241378
0.000898076
-0.000259649
0.000904514
-0.000275781
0.000911828
-0.000292137
0.000923152
-0.000299796
0.000926868
-0.000314903
0.000926772
-0.000310719
0.000923698
-0.000343633
0.000920212
-0.000296307
0.000919571
-0.00040689
0.000935615
-0.000201602
0.000985935
-0.000595101
0.00101356
0.000151774
0.00115642
-0.00112029
0.00155936
0.00141958
2.35519e-05
-0.00227769
0.00500719
)
;
    }
    walls
    {
        type            zeroGradient;
    }
    frontAndBack
    {
        type            empty;
    }
}


// ************************************************************************* //
