/*--------------------------------*- C++ -*----------------------------------*\
| =========                 |                                                 |
| \\      /  F ield         | OpenFOAM: The Open Source CFD Toolbox           |
|  \\    /   O peration     | Version:  2206                                  |
|   \\  /    A nd           | Website:  www.openfoam.com                      |
|    \\/     M anipulation  |                                                 |
\*---------------------------------------------------------------------------*/
FoamFile
{
    version     2.0;
    format      ascii;
    arch        "LSB;label=32;scalar=64";
    note        "nPoints:6306  nCells:5092  nFaces:16438  nInternalFaces:14125";
    class       labelList;
    location    "constant/polyMesh";
    object      neighbour;
}
// * * * * * * * * * * * * * * * * * * * * * * * * * * * * * * * * * * * * * //


14125
(
12
14
81
943
944
947
948
950
952
16
19
21
91
991
992
995
996
998
999
1002
1003
23
26
28
102
1045
1046
1049
1050
1052
1053
1056
1057
30
33
35
113
1099
1100
1103
1104
1106
1107
1110
1111
37
40
42
124
1153
1154
1157
1158
1160
1161
1164
1165
44
47
49
135
1207
1208
1211
1212
1214
1215
1218
1219
51
54
56
146
1261
1262
1265
1266
1268
1269
1272
1273
58
61
63
157
1315
1316
1319
1320
1322
1323
1326
1327
65
68
70
168
1369
1370
1373
1374
1376
1377
1380
1381
72
74
75
179
1423
1424
1427
1428
1430
1431
1434
1435
12
14
188
1476
1477
1480
1482
1483
1486
13
15
17
196
1524
1525
1529
1530
1531
1532
1536
1537
205
1566
1567
1571
1572
1573
1574
1577
1578
16
19
214
1620
1621
1624
1626
1627
1628
1632
1633
223
1668
1671
1672
1674
16
21
230
1712
1713
1716
1718
1719
1720
1724
1725
242
1771
1772
1775
1776
1778
1779
1782
1783
19
21
259
1837
1838
1841
1843
1844
1845
1848
1850
20
22
24
268
1891
1892
1896
1897
1898
1899
1903
1904
277
1933
1934
1938
1939
1940
1941
1944
1945
23
26
286
1987
1988
1991
1993
1994
1995
1999
2000
297
2035
2036
2040
2041
2042
2043
2046
2047
23
28
306
2089
2090
2093
2095
2096
2097
2101
2102
319
2149
2150
2153
2154
2156
2157
2160
2161
26
28
336
2215
2216
2219
2221
2222
2223
2226
2228
27
29
31
345
2269
2270
2274
2275
2276
2277
2281
2282
354
2311
2312
2316
2317
2318
2319
2322
2323
30
33
363
2365
2366
2369
2371
2372
2373
2377
2378
374
2413
2414
2418
2419
2420
2421
2424
2425
30
35
383
2467
2468
2471
2473
2474
2475
2479
2480
396
2527
2528
2531
2532
2534
2535
2538
2539
33
35
413
2593
2594
2597
2599
2600
2601
2604
2606
34
36
38
422
2647
2648
2652
2653
2654
2655
2659
2660
431
2689
2690
2694
2695
2696
2697
2700
2701
37
40
440
2743
2744
2747
2749
2750
2751
2755
2756
451
2791
2792
2796
2797
2798
2799
2802
2803
37
42
460
2845
2846
2849
2851
2852
2853
2857
2858
473
2905
2906
2909
2910
2912
2913
2916
2917
40
42
490
2971
2972
2975
2977
2978
2979
2982
2984
41
43
45
499
3025
3026
3030
3031
3032
3033
3037
3038
508
3067
3068
3072
3073
3074
3075
3078
3079
44
47
517
3121
3122
3125
3127
3128
3129
3133
3134
528
3169
3170
3174
3175
3176
3177
3180
3181
44
49
537
3223
3224
3227
3229
3230
3231
3235
3236
550
3283
3284
3287
3288
3290
3291
3294
3295
47
49
567
3349
3350
3353
3355
3356
3357
3360
3362
48
50
52
576
3403
3404
3408
3409
3410
3411
3415
3416
585
3445
3446
3450
3451
3452
3453
3456
3457
51
54
594
3499
3500
3503
3505
3506
3507
3511
3512
605
3547
3548
3552
3553
3554
3555
3558
3559
51
56
614
3601
3602
3605
3607
3608
3609
3613
3614
627
3661
3662
3665
3666
3668
3669
3672
3673
54
56
644
3727
3728
3731
3733
3734
3735
3738
3740
55
57
59
653
3781
3782
3786
3787
3788
3789
3793
3794
662
3823
3824
3828
3829
3830
3831
3834
3835
58
61
671
3877
3878
3881
3883
3884
3885
3889
3890
682
3925
3926
3930
3931
3932
3933
3936
3937
58
63
691
3979
3980
3983
3985
3986
3987
3991
3992
704
4039
4040
4043
4044
4046
4047
4050
4051
61
63
721
4105
4106
4109
4111
4112
4113
4116
4118
62
64
66
730
4159
4160
4164
4165
4166
4167
4171
4172
739
4201
4202
4206
4207
4208
4209
4212
4213
65
68
748
4255
4256
4259
4261
4262
4263
4267
4268
759
4303
4304
4308
4309
4310
4311
4314
4315
65
70
768
4357
4358
4361
4363
4364
4365
4369
4370
781
4417
4418
4421
4422
4424
4425
4428
4429
68
70
798
4483
4484
4487
4489
4490
4491
4494
4496
69
71
73
807
4537
4538
4542
4543
4544
4545
4549
4550
816
4579
4580
4584
4585
4586
4587
4590
4591
72
74
825
4633
4634
4637
4639
4640
4641
4645
4646
836
4681
4682
4686
4687
4688
4689
4692
4693
72
75
845
4735
4736
4739
4741
4742
4743
4747
4748
858
4795
4796
4799
4800
4802
4803
4806
4807
74
75
875
4861
4862
4865
4867
4868
4869
4872
4874
888
4930
4931
4935
4936
4937
4938
4941
4942
903
5005
5006
5010
5011
5012
5013
5016
5017
183
203
925
926
184
207
212
928
929
185
224
228
933
934
241
937
938
939
204
238
944
945
946
205
223
242
958
961
962
964
965
968
969
971
208
239
245
959
960
961
225
240
246
966
967
968
211
252
275
972
973
253
279
284
975
976
227
254
295
978
979
255
299
304
981
982
318
985
986
987
243
276
314
992
993
994
244
296
316
999
1000
1001
277
297
319
1012
1015
1016
1018
1019
1022
1023
1025
247
1006
1007
1008
280
315
322
1013
1014
1015
300
317
323
1020
1021
1022
283
329
352
1026
1027
330
356
361
1029
1030
303
331
372
1032
1033
332
376
381
1035
1036
395
1039
1040
1041
320
353
391
1046
1047
1048
321
373
393
1053
1054
1055
354
374
396
1066
1069
1070
1072
1073
1076
1077
1079
324
1060
1061
1062
357
392
399
1067
1068
1069
377
394
400
1074
1075
1076
360
406
429
1080
1081
407
433
438
1083
1084
380
408
449
1086
1087
409
453
458
1089
1090
472
1093
1094
1095
397
430
468
1100
1101
1102
398
450
470
1107
1108
1109
431
451
473
1120
1123
1124
1126
1127
1130
1131
1133
401
1114
1115
1116
434
469
476
1121
1122
1123
454
471
477
1128
1129
1130
437
483
506
1134
1135
484
510
515
1137
1138
457
485
526
1140
1141
486
530
535
1143
1144
549
1147
1148
1149
474
507
545
1154
1155
1156
475
527
547
1161
1162
1163
508
528
550
1174
1177
1178
1180
1181
1184
1185
1187
478
1168
1169
1170
511
546
553
1175
1176
1177
531
548
554
1182
1183
1184
514
560
583
1188
1189
561
587
592
1191
1192
534
562
603
1194
1195
563
607
612
1197
1198
626
1201
1202
1203
551
584
622
1208
1209
1210
552
604
624
1215
1216
1217
585
605
627
1228
1231
1232
1234
1235
1238
1239
1241
555
1222
1223
1224
588
623
630
1229
1230
1231
608
625
631
1236
1237
1238
591
637
660
1242
1243
638
664
669
1245
1246
611
639
680
1248
1249
640
684
689
1251
1252
703
1255
1256
1257
628
661
699
1262
1263
1264
629
681
701
1269
1270
1271
662
682
704
1282
1285
1286
1288
1289
1292
1293
1295
632
1276
1277
1278
665
700
707
1283
1284
1285
685
702
708
1290
1291
1292
668
714
737
1296
1297
715
741
746
1299
1300
688
716
757
1302
1303
717
761
766
1305
1306
780
1309
1310
1311
705
738
776
1316
1317
1318
706
758
778
1323
1324
1325
739
759
781
1336
1339
1340
1342
1343
1346
1347
1349
709
1330
1331
1332
742
777
784
1337
1338
1339
762
779
785
1344
1345
1346
745
791
814
1350
1351
792
818
823
1353
1354
765
793
834
1356
1357
794
838
843
1359
1360
857
1363
1364
1365
782
815
853
1370
1371
1372
783
835
855
1377
1378
1379
816
836
858
1390
1393
1394
1396
1397
1400
1401
1403
786
1384
1385
1386
819
854
861
1391
1392
1393
839
856
862
1398
1399
1400
822
868
886
1404
1405
869
890
894
1407
1408
842
870
901
1410
1411
871
905
909
1413
1414
919
1417
1418
1419
859
887
915
1424
1425
1426
860
902
917
1431
1432
1433
888
903
920
1444
1447
1448
1450
1451
1454
1455
1457
863
1438
1439
1440
891
916
921
1445
1446
1447
906
918
922
1452
1453
1454
187
1458
1459
189
192
1461
1462
190
194
1466
1467
195
1470
1471
1472
203
1477
1478
1479
196
205
223
1491
1494
1496
1497
1498
1501
1503
1504
199
207
1492
1493
1494
200
224
1499
1500
1501
197
211
252
1505
1506
199
212
1508
1509
198
227
254
1511
1512
200
228
1514
1515
1518
1519
1520
214
230
1538
1540
1542
1544
1545
1547
1549
1551
215
257
1525
1526
1527
231
258
1532
1533
1534
217
1539
1540
1541
233
1546
1547
1548
260
1553
1554
1555
213
1560
1561
1562
1567
1568
1569
209
1574
1575
1576
214
1587
1590
1592
1593
1594
1597
1598
1600
1581
1582
1583
217
1588
1589
1590
210
218
1595
1596
1597
238
1601
1602
221
239
1604
1605
215
1607
1608
217
1610
1611
1614
1615
1616
242
1634
1636
1638
1639
1641
1643
1645
1647
275
1621
1622
1623
220
243
276
1628
1629
1630
1635
1636
1637
221
245
1642
1643
1644
278
1649
1650
1651
248
281
1655
1656
249
1658
1659
229
1662
1663
1664
230
1680
1683
1685
1686
1687
1690
1691
1693
233
1681
1682
1683
226
234
1688
1689
1690
237
240
1696
1697
231
1699
1700
233
1702
1703
1706
1707
1708
242
1726
1728
1730
1731
1733
1735
1737
1739
295
1713
1714
1715
236
244
296
1720
1721
1722
1727
1728
1729
237
246
1734
1735
1736
298
1741
1742
1743
250
301
1747
1748
251
1750
1751
1753
1754
249
1756
1757
251
1761
1762
1765
1766
1767
1785
1787
1789
1790
1792
1794
1796
1797
248
1772
1773
1774
250
1779
1780
1781
249
1786
1787
1788
251
1793
1794
1795
1800
1801
1802
314
1806
1807
1809
1810
316
1812
1813
1815
1816
257
1818
1819
261
264
1821
1822
258
1824
1825
262
266
1827
1828
267
1831
1832
1833
275
1838
1839
1840
295
1845
1846
1847
268
277
297
1858
1861
1863
1864
1865
1868
1870
1871
1852
1853
1854
271
279
1859
1860
1861
272
299
1866
1867
1868
269
283
329
1872
1873
271
284
1875
1876
270
303
331
1878
1879
272
304
1881
1882
1885
1886
1887
286
306
1905
1907
1909
1911
1912
1914
1916
1918
287
334
1892
1893
1894
307
335
1899
1900
1901
289
1906
1907
1908
309
1913
1914
1915
337
1920
1921
1922
285
1927
1928
1929
1934
1935
1936
281
1941
1942
1943
286
1954
1957
1959
1960
1961
1964
1965
1967
1948
1949
1950
289
1955
1956
1957
282
290
1962
1963
1964
314
1968
1969
293
315
1971
1972
287
1974
1975
289
1977
1978
1981
1982
1983
319
2001
2003
2005
2006
2008
2010
2012
2014
352
1988
1989
1990
292
320
353
1995
1996
1997
2002
2003
2004
293
322
2009
2010
2011
355
2016
2017
2018
325
358
2022
2023
326
2025
2026
305
2029
2030
2031
2036
2037
2038
301
2043
2044
2045
306
2056
2059
2061
2062
2063
2066
2067
2069
2050
2051
2052
309
2057
2058
2059
302
310
2064
2065
2066
316
2070
2071
313
317
2073
2074
307
2076
2077
309
2079
2080
2083
2084
2085
319
2103
2105
2107
2108
2110
2112
2114
2116
372
2090
2091
2092
312
321
373
2097
2098
2099
2104
2105
2106
313
323
2111
2112
2113
375
2118
2119
2120
327
378
2124
2125
328
2127
2128
2130
2131
326
2133
2134
2136
2137
328
2139
2140
2143
2144
2145
2163
2165
2167
2168
2170
2172
2174
2175
325
2150
2151
2152
327
2157
2158
2159
326
2164
2165
2166
328
2171
2172
2173
2178
2179
2180
391
2184
2185
2187
2188
393
2190
2191
2193
2194
334
2196
2197
338
341
2199
2200
335
2202
2203
339
343
2205
2206
344
2209
2210
2211
352
2216
2217
2218
372
2223
2224
2225
345
354
374
2236
2239
2241
2242
2243
2246
2248
2249
2230
2231
2232
348
356
2237
2238
2239
349
376
2244
2245
2246
346
360
406
2250
2251
348
361
2253
2254
347
380
408
2256
2257
349
381
2259
2260
2263
2264
2265
363
383
2283
2285
2287
2289
2290
2292
2294
2296
364
411
2270
2271
2272
384
412
2277
2278
2279
366
2284
2285
2286
386
2291
2292
2293
414
2298
2299
2300
362
2305
2306
2307
2312
2313
2314
358
2319
2320
2321
363
2332
2335
2337
2338
2339
2342
2343
2345
2326
2327
2328
366
2333
2334
2335
359
367
2340
2341
2342
391
2346
2347
370
392
2349
2350
364
2352
2353
366
2355
2356
2359
2360
2361
396
2379
2381
2383
2384
2386
2388
2390
2392
429
2366
2367
2368
369
397
430
2373
2374
2375
2380
2381
2382
370
399
2387
2388
2389
432
2394
2395
2396
402
435
2400
2401
403
2403
2404
382
2407
2408
2409
2414
2415
2416
378
2421
2422
2423
383
2434
2437
2439
2440
2441
2444
2445
2447
2428
2429
2430
386
2435
2436
2437
379
387
2442
2443
2444
393
2448
2449
390
394
2451
2452
384
2454
2455
386
2457
2458
2461
2462
2463
396
2481
2483
2485
2486
2488
2490
2492
2494
449
2468
2469
2470
389
398
450
2475
2476
2477
2482
2483
2484
390
400
2489
2490
2491
452
2496
2497
2498
404
455
2502
2503
405
2505
2506
2508
2509
403
2511
2512
2514
2515
405
2517
2518
2521
2522
2523
2541
2543
2545
2546
2548
2550
2552
2553
402
2528
2529
2530
404
2535
2536
2537
403
2542
2543
2544
405
2549
2550
2551
2556
2557
2558
468
2562
2563
2565
2566
470
2568
2569
2571
2572
411
2574
2575
415
418
2577
2578
412
2580
2581
416
420
2583
2584
421
2587
2588
2589
429
2594
2595
2596
449
2601
2602
2603
422
431
451
2614
2617
2619
2620
2621
2624
2626
2627
2608
2609
2610
425
433
2615
2616
2617
426
453
2622
2623
2624
423
437
483
2628
2629
425
438
2631
2632
424
457
485
2634
2635
426
458
2637
2638
2641
2642
2643
440
460
2661
2663
2665
2667
2668
2670
2672
2674
441
488
2648
2649
2650
461
489
2655
2656
2657
443
2662
2663
2664
463
2669
2670
2671
491
2676
2677
2678
439
2683
2684
2685
2690
2691
2692
435
2697
2698
2699
440
2710
2713
2715
2716
2717
2720
2721
2723
2704
2705
2706
443
2711
2712
2713
436
444
2718
2719
2720
468
2724
2725
447
469
2727
2728
441
2730
2731
443
2733
2734
2737
2738
2739
473
2757
2759
2761
2762
2764
2766
2768
2770
506
2744
2745
2746
446
474
507
2751
2752
2753
2758
2759
2760
447
476
2765
2766
2767
509
2772
2773
2774
479
512
2778
2779
480
2781
2782
459
2785
2786
2787
2792
2793
2794
455
2799
2800
2801
460
2812
2815
2817
2818
2819
2822
2823
2825
2806
2807
2808
463
2813
2814
2815
456
464
2820
2821
2822
470
2826
2827
467
471
2829
2830
461
2832
2833
463
2835
2836
2839
2840
2841
473
2859
2861
2863
2864
2866
2868
2870
2872
526
2846
2847
2848
466
475
527
2853
2854
2855
2860
2861
2862
467
477
2867
2868
2869
529
2874
2875
2876
481
532
2880
2881
482
2883
2884
2886
2887
480
2889
2890
2892
2893
482
2895
2896
2899
2900
2901
2919
2921
2923
2924
2926
2928
2930
2931
479
2906
2907
2908
481
2913
2914
2915
480
2920
2921
2922
482
2927
2928
2929
2934
2935
2936
545
2940
2941
2943
2944
547
2946
2947
2949
2950
488
2952
2953
492
495
2955
2956
489
2958
2959
493
497
2961
2962
498
2965
2966
2967
506
2972
2973
2974
526
2979
2980
2981
499
508
528
2992
2995
2997
2998
2999
3002
3004
3005
2986
2987
2988
502
510
2993
2994
2995
503
530
3000
3001
3002
500
514
560
3006
3007
502
515
3009
3010
501
534
562
3012
3013
503
535
3015
3016
3019
3020
3021
517
537
3039
3041
3043
3045
3046
3048
3050
3052
518
565
3026
3027
3028
538
566
3033
3034
3035
520
3040
3041
3042
540
3047
3048
3049
568
3054
3055
3056
516
3061
3062
3063
3068
3069
3070
512
3075
3076
3077
517
3088
3091
3093
3094
3095
3098
3099
3101
3082
3083
3084
520
3089
3090
3091
513
521
3096
3097
3098
545
3102
3103
524
546
3105
3106
518
3108
3109
520
3111
3112
3115
3116
3117
550
3135
3137
3139
3140
3142
3144
3146
3148
583
3122
3123
3124
523
551
584
3129
3130
3131
3136
3137
3138
524
553
3143
3144
3145
586
3150
3151
3152
556
589
3156
3157
557
3159
3160
536
3163
3164
3165
3170
3171
3172
532
3177
3178
3179
537
3190
3193
3195
3196
3197
3200
3201
3203
3184
3185
3186
540
3191
3192
3193
533
541
3198
3199
3200
547
3204
3205
544
548
3207
3208
538
3210
3211
540
3213
3214
3217
3218
3219
550
3237
3239
3241
3242
3244
3246
3248
3250
603
3224
3225
3226
543
552
604
3231
3232
3233
3238
3239
3240
544
554
3245
3246
3247
606
3252
3253
3254
558
609
3258
3259
559
3261
3262
3264
3265
557
3267
3268
3270
3271
559
3273
3274
3277
3278
3279
3297
3299
3301
3302
3304
3306
3308
3309
556
3284
3285
3286
558
3291
3292
3293
557
3298
3299
3300
559
3305
3306
3307
3312
3313
3314
622
3318
3319
3321
3322
624
3324
3325
3327
3328
565
3330
3331
569
572
3333
3334
566
3336
3337
570
574
3339
3340
575
3343
3344
3345
583
3350
3351
3352
603
3357
3358
3359
576
585
605
3370
3373
3375
3376
3377
3380
3382
3383
3364
3365
3366
579
587
3371
3372
3373
580
607
3378
3379
3380
577
591
637
3384
3385
579
592
3387
3388
578
611
639
3390
3391
580
612
3393
3394
3397
3398
3399
594
614
3417
3419
3421
3423
3424
3426
3428
3430
595
642
3404
3405
3406
615
643
3411
3412
3413
597
3418
3419
3420
617
3425
3426
3427
645
3432
3433
3434
593
3439
3440
3441
3446
3447
3448
589
3453
3454
3455
594
3466
3469
3471
3472
3473
3476
3477
3479
3460
3461
3462
597
3467
3468
3469
590
598
3474
3475
3476
622
3480
3481
601
623
3483
3484
595
3486
3487
597
3489
3490
3493
3494
3495
627
3513
3515
3517
3518
3520
3522
3524
3526
660
3500
3501
3502
600
628
661
3507
3508
3509
3514
3515
3516
601
630
3521
3522
3523
663
3528
3529
3530
633
666
3534
3535
634
3537
3538
613
3541
3542
3543
3548
3549
3550
609
3555
3556
3557
614
3568
3571
3573
3574
3575
3578
3579
3581
3562
3563
3564
617
3569
3570
3571
610
618
3576
3577
3578
624
3582
3583
621
625
3585
3586
615
3588
3589
617
3591
3592
3595
3596
3597
627
3615
3617
3619
3620
3622
3624
3626
3628
680
3602
3603
3604
620
629
681
3609
3610
3611
3616
3617
3618
621
631
3623
3624
3625
683
3630
3631
3632
635
686
3636
3637
636
3639
3640
3642
3643
634
3645
3646
3648
3649
636
3651
3652
3655
3656
3657
3675
3677
3679
3680
3682
3684
3686
3687
633
3662
3663
3664
635
3669
3670
3671
634
3676
3677
3678
636
3683
3684
3685
3690
3691
3692
699
3696
3697
3699
3700
701
3702
3703
3705
3706
642
3708
3709
646
649
3711
3712
643
3714
3715
647
651
3717
3718
652
3721
3722
3723
660
3728
3729
3730
680
3735
3736
3737
653
662
682
3748
3751
3753
3754
3755
3758
3760
3761
3742
3743
3744
656
664
3749
3750
3751
657
684
3756
3757
3758
654
668
714
3762
3763
656
669
3765
3766
655
688
716
3768
3769
657
689
3771
3772
3775
3776
3777
671
691
3795
3797
3799
3801
3802
3804
3806
3808
672
719
3782
3783
3784
692
720
3789
3790
3791
674
3796
3797
3798
694
3803
3804
3805
722
3810
3811
3812
670
3817
3818
3819
3824
3825
3826
666
3831
3832
3833
671
3844
3847
3849
3850
3851
3854
3855
3857
3838
3839
3840
674
3845
3846
3847
667
675
3852
3853
3854
699
3858
3859
678
700
3861
3862
672
3864
3865
674
3867
3868
3871
3872
3873
704
3891
3893
3895
3896
3898
3900
3902
3904
737
3878
3879
3880
677
705
738
3885
3886
3887
3892
3893
3894
678
707
3899
3900
3901
740
3906
3907
3908
710
743
3912
3913
711
3915
3916
690
3919
3920
3921
3926
3927
3928
686
3933
3934
3935
691
3946
3949
3951
3952
3953
3956
3957
3959
3940
3941
3942
694
3947
3948
3949
687
695
3954
3955
3956
701
3960
3961
698
702
3963
3964
692
3966
3967
694
3969
3970
3973
3974
3975
704
3993
3995
3997
3998
4000
4002
4004
4006
757
3980
3981
3982
697
706
758
3987
3988
3989
3994
3995
3996
698
708
4001
4002
4003
760
4008
4009
4010
712
763
4014
4015
713
4017
4018
4020
4021
711
4023
4024
4026
4027
713
4029
4030
4033
4034
4035
4053
4055
4057
4058
4060
4062
4064
4065
710
4040
4041
4042
712
4047
4048
4049
711
4054
4055
4056
713
4061
4062
4063
4068
4069
4070
776
4074
4075
4077
4078
778
4080
4081
4083
4084
719
4086
4087
723
726
4089
4090
720
4092
4093
724
728
4095
4096
729
4099
4100
4101
737
4106
4107
4108
757
4113
4114
4115
730
739
759
4126
4129
4131
4132
4133
4136
4138
4139
4120
4121
4122
733
741
4127
4128
4129
734
761
4134
4135
4136
731
745
791
4140
4141
733
746
4143
4144
732
765
793
4146
4147
734
766
4149
4150
4153
4154
4155
748
768
4173
4175
4177
4179
4180
4182
4184
4186
749
796
4160
4161
4162
769
797
4167
4168
4169
751
4174
4175
4176
771
4181
4182
4183
799
4188
4189
4190
747
4195
4196
4197
4202
4203
4204
743
4209
4210
4211
748
4222
4225
4227
4228
4229
4232
4233
4235
4216
4217
4218
751
4223
4224
4225
744
752
4230
4231
4232
776
4236
4237
755
777
4239
4240
749
4242
4243
751
4245
4246
4249
4250
4251
781
4269
4271
4273
4274
4276
4278
4280
4282
814
4256
4257
4258
754
782
815
4263
4264
4265
4270
4271
4272
755
784
4277
4278
4279
817
4284
4285
4286
787
820
4290
4291
788
4293
4294
767
4297
4298
4299
4304
4305
4306
763
4311
4312
4313
768
4324
4327
4329
4330
4331
4334
4335
4337
4318
4319
4320
771
4325
4326
4327
764
772
4332
4333
4334
778
4338
4339
775
779
4341
4342
769
4344
4345
771
4347
4348
4351
4352
4353
781
4371
4373
4375
4376
4378
4380
4382
4384
834
4358
4359
4360
774
783
835
4365
4366
4367
4372
4373
4374
775
785
4379
4380
4381
837
4386
4387
4388
789
840
4392
4393
790
4395
4396
4398
4399
788
4401
4402
4404
4405
790
4407
4408
4411
4412
4413
4431
4433
4435
4436
4438
4440
4442
4443
787
4418
4419
4420
789
4425
4426
4427
788
4432
4433
4434
790
4439
4440
4441
4446
4447
4448
853
4452
4453
4455
4456
855
4458
4459
4461
4462
796
4464
4465
800
803
4467
4468
797
4470
4471
801
805
4473
4474
806
4477
4478
4479
814
4484
4485
4486
834
4491
4492
4493
807
816
836
4504
4507
4509
4510
4511
4514
4516
4517
4498
4499
4500
810
818
4505
4506
4507
811
838
4512
4513
4514
808
822
868
4518
4519
810
823
4521
4522
809
842
870
4524
4525
811
843
4527
4528
4531
4532
4533
825
845
4551
4553
4555
4557
4558
4560
4562
4564
826
873
4538
4539
4540
846
874
4545
4546
4547
828
4552
4553
4554
848
4559
4560
4561
876
4566
4567
4568
824
4573
4574
4575
4580
4581
4582
820
4587
4588
4589
825
4600
4603
4605
4606
4607
4610
4611
4613
4594
4595
4596
828
4601
4602
4603
821
829
4608
4609
4610
853
4614
4615
832
854
4617
4618
826
4620
4621
828
4623
4624
4627
4628
4629
858
4647
4649
4651
4652
4654
4656
4658
4660
886
4634
4635
4636
831
859
887
4641
4642
4643
4648
4649
4650
832
861
4655
4656
4657
889
4662
4663
4664
864
892
4668
4669
865
4671
4672
844
4675
4676
4677
4682
4683
4684
840
4689
4690
4691
845
4702
4705
4707
4708
4709
4712
4713
4715
4696
4697
4698
848
4703
4704
4705
841
849
4710
4711
4712
855
4716
4717
852
856
4719
4720
846
4722
4723
848
4725
4726
4729
4730
4731
858
4749
4751
4753
4754
4756
4758
4760
4762
901
4736
4737
4738
851
860
902
4743
4744
4745
4750
4751
4752
852
862
4757
4758
4759
904
4764
4765
4766
866
907
4770
4771
867
4773
4774
4776
4777
865
4779
4780
4782
4783
867
4785
4786
4789
4790
4791
4809
4811
4813
4814
4816
4818
4820
4821
864
4796
4797
4798
866
4803
4804
4805
865
4810
4811
4812
867
4817
4818
4819
4824
4825
4826
915
4830
4831
4833
4834
917
4836
4837
4839
4840
873
4842
4843
877
879
4845
4846
874
4848
4849
878
880
4851
4852
881
4855
4856
4857
886
4862
4863
4864
901
4869
4870
4871
882
888
903
4882
4885
4887
4888
4889
4892
4894
4895
4876
4877
4878
883
890
4883
4884
4885
884
905
4890
4891
4892
883
894
4896
4897
884
909
4899
4900
4903
4904
4905
896
911
4909
4911
4913
4915
4916
4918
4920
4922
897
4910
4911
4912
912
4917
4918
4919
895
4924
4925
4926
4931
4932
4933
892
4938
4939
4940
896
4951
4954
4956
4957
4958
4961
4962
4964
4945
4946
4947
897
4952
4953
4954
893
898
4959
4960
4961
915
4965
4966
899
916
4968
4969
897
4971
4972
4975
4976
4977
920
4981
4983
4985
4986
4988
4990
4992
4994
4982
4983
4984
899
921
4989
4990
4991
923
4995
4996
910
4999
5000
5001
5006
5007
5008
907
5013
5014
5015
911
5026
5029
5031
5032
5033
5036
5037
5039
5020
5021
5022
912
5027
5028
5029
908
913
5034
5035
5036
917
5040
5041
914
918
5043
5044
912
5046
5047
5049
5050
920
5052
5054
5056
5057
5060
5061
5053
5054
5055
914
922
5059
5060
924
5062
5063
5064
923
5066
5067
5069
5070
924
5072
5073
5075
5076
5078
5080
5082
5083
5086
5087
923
5079
5080
5081
924
5085
5086
5088
5089
5091
927
1568
927
929
1459
1569
930
1570
930
1588
1610
930
1462
1589
1591
932
934
1464
1669
935
1670
935
1681
1702
935
1467
1682
1684
940
941
942
954
958
965
940
941
955
940
942
959
1765
941
942
966
1766
956
963
957
970
964
971
1768
947
948
949
954
958
947
948
1574
947
949
1753
948
949
960
1576
1754
962
1577
956
963
1755
952
953
954
965
952
953
967
1673
1759
969
1674
957
970
1760
956
957
956
957
962
963
964
963
964
1756
1786
962
963
1596
1757
962
964
1597
1787
1598
1758
1789
969
970
971
970
971
1761
1793
969
970
1689
1762
969
971
1690
1794
1691
1763
1796
974
1608
1935
974
976
1819
1936
977
1937
977
1955
1977
977
1822
1956
1958
980
1700
2037
980
982
1825
2038
983
2039
983
2057
2079
983
1828
2058
2060
988
989
990
1005
1012
1019
988
989
1006
988
990
1013
2143
989
990
1020
2144
1010
1017
1011
1024
1018
1025
2146
995
996
997
1005
1012
995
996
1772
1941
995
997
1007
1774
2130
996
997
1014
1943
2131
1009
1775
1016
1944
1010
1017
2132
1002
1003
1004
1005
1019
1002
1003
1779
2043
1002
1004
1008
1781
2136
1003
1004
1021
2045
2137
1009
1782
1023
2046
1011
1024
2138
1009
1010
1011
1010
1011
1009
1010
1801
1009
1011
1802
1803
1016
1017
1018
1017
1018
2133
2164
1016
1017
1963
2134
1016
1018
1964
2165
1965
2135
2167
1023
1024
1025
1024
1025
2139
2171
1023
1024
2065
2140
1023
1025
2066
2172
2067
2141
2174
1028
1975
2313
1028
1030
2197
2314
1031
2315
1031
2333
2355
1031
2200
2334
2336
1034
2077
2415
1034
1036
2203
2416
1037
2417
1037
2435
2457
1037
2206
2436
2438
1042
1043
1044
1059
1066
1073
1042
1043
1060
1042
1044
1067
2521
1043
1044
1074
2522
1064
1071
1065
1078
1072
1079
2524
1049
1050
1051
1059
1066
1049
1050
2150
2319
1049
1051
1061
2152
2508
1050
1051
1068
2321
2509
1063
2153
1070
2322
1064
1071
2510
1056
1057
1058
1059
1073
1056
1057
2157
2421
1056
1058
1062
2159
2514
1057
1058
1075
2423
2515
1063
2160
1077
2424
1065
1078
2516
1063
1064
1065
1064
1065
1063
1064
2179
1063
1065
2180
2181
1070
1071
1072
1071
1072
2511
2542
1070
1071
2341
2512
1070
1072
2342
2543
2343
2513
2545
1077
1078
1079
1078
1079
2517
2549
1077
1078
2443
2518
1077
1079
2444
2550
2445
2519
2552
1082
2353
2691
1082
1084
2575
2692
1085
2693
1085
2711
2733
1085
2578
2712
2714
1088
2455
2793
1088
1090
2581
2794
1091
2795
1091
2813
2835
1091
2584
2814
2816
1096
1097
1098
1113
1120
1127
1096
1097
1114
1096
1098
1121
2899
1097
1098
1128
2900
1118
1125
1119
1132
1126
1133
2902
1103
1104
1105
1113
1120
1103
1104
2528
2697
1103
1105
1115
2530
2886
1104
1105
1122
2699
2887
1117
2531
1124
2700
1118
1125
2888
1110
1111
1112
1113
1127
1110
1111
2535
2799
1110
1112
1116
2537
2892
1111
1112
1129
2801
2893
1117
2538
1131
2802
1119
1132
2894
1117
1118
1119
1118
1119
1117
1118
2557
1117
1119
2558
2559
1124
1125
1126
1125
1126
2889
2920
1124
1125
2719
2890
1124
1126
2720
2921
2721
2891
2923
1131
1132
1133
1132
1133
2895
2927
1131
1132
2821
2896
1131
1133
2822
2928
2823
2897
2930
1136
2731
3069
1136
1138
2953
3070
1139
3071
1139
3089
3111
1139
2956
3090
3092
1142
2833
3171
1142
1144
2959
3172
1145
3173
1145
3191
3213
1145
2962
3192
3194
1150
1151
1152
1167
1174
1181
1150
1151
1168
1150
1152
1175
3277
1151
1152
1182
3278
1172
1179
1173
1186
1180
1187
3280
1157
1158
1159
1167
1174
1157
1158
2906
3075
1157
1159
1169
2908
3264
1158
1159
1176
3077
3265
1171
2909
1178
3078
1172
1179
3266
1164
1165
1166
1167
1181
1164
1165
2913
3177
1164
1166
1170
2915
3270
1165
1166
1183
3179
3271
1171
2916
1185
3180
1173
1186
3272
1171
1172
1173
1172
1173
1171
1172
2935
1171
1173
2936
2937
1178
1179
1180
1179
1180
3267
3298
1178
1179
3097
3268
1178
1180
3098
3299
3099
3269
3301
1185
1186
1187
1186
1187
3273
3305
1185
1186
3199
3274
1185
1187
3200
3306
3201
3275
3308
1190
3109
3447
1190
1192
3331
3448
1193
3449
1193
3467
3489
1193
3334
3468
3470
1196
3211
3549
1196
1198
3337
3550
1199
3551
1199
3569
3591
1199
3340
3570
3572
1204
1205
1206
1221
1228
1235
1204
1205
1222
1204
1206
1229
3655
1205
1206
1236
3656
1226
1233
1227
1240
1234
1241
3658
1211
1212
1213
1221
1228
1211
1212
3284
3453
1211
1213
1223
3286
3642
1212
1213
1230
3455
3643
1225
3287
1232
3456
1226
1233
3644
1218
1219
1220
1221
1235
1218
1219
3291
3555
1218
1220
1224
3293
3648
1219
1220
1237
3557
3649
1225
3294
1239
3558
1227
1240
3650
1225
1226
1227
1226
1227
1225
1226
3313
1225
1227
3314
3315
1232
1233
1234
1233
1234
3645
3676
1232
1233
3475
3646
1232
1234
3476
3677
3477
3647
3679
1239
1240
1241
1240
1241
3651
3683
1239
1240
3577
3652
1239
1241
3578
3684
3579
3653
3686
1244
3487
3825
1244
1246
3709
3826
1247
3827
1247
3845
3867
1247
3712
3846
3848
1250
3589
3927
1250
1252
3715
3928
1253
3929
1253
3947
3969
1253
3718
3948
3950
1258
1259
1260
1275
1282
1289
1258
1259
1276
1258
1260
1283
4033
1259
1260
1290
4034
1280
1287
1281
1294
1288
1295
4036
1265
1266
1267
1275
1282
1265
1266
3662
3831
1265
1267
1277
3664
4020
1266
1267
1284
3833
4021
1279
3665
1286
3834
1280
1287
4022
1272
1273
1274
1275
1289
1272
1273
3669
3933
1272
1274
1278
3671
4026
1273
1274
1291
3935
4027
1279
3672
1293
3936
1281
1294
4028
1279
1280
1281
1280
1281
1279
1280
3691
1279
1281
3692
3693
1286
1287
1288
1287
1288
4023
4054
1286
1287
3853
4024
1286
1288
3854
4055
3855
4025
4057
1293
1294
1295
1294
1295
4029
4061
1293
1294
3955
4030
1293
1295
3956
4062
3957
4031
4064
1298
3865
4203
1298
1300
4087
4204
1301
4205
1301
4223
4245
1301
4090
4224
4226
1304
3967
4305
1304
1306
4093
4306
1307
4307
1307
4325
4347
1307
4096
4326
4328
1312
1313
1314
1329
1336
1343
1312
1313
1330
1312
1314
1337
4411
1313
1314
1344
4412
1334
1341
1335
1348
1342
1349
4414
1319
1320
1321
1329
1336
1319
1320
4040
4209
1319
1321
1331
4042
4398
1320
1321
1338
4211
4399
1333
4043
1340
4212
1334
1341
4400
1326
1327
1328
1329
1343
1326
1327
4047
4311
1326
1328
1332
4049
4404
1327
1328
1345
4313
4405
1333
4050
1347
4314
1335
1348
4406
1333
1334
1335
1334
1335
1333
1334
4069
1333
1335
4070
4071
1340
1341
1342
1341
1342
4401
4432
1340
1341
4231
4402
1340
1342
4232
4433
4233
4403
4435
1347
1348
1349
1348
1349
4407
4439
1347
1348
4333
4408
1347
1349
4334
4440
4335
4409
4442
1352
4243
4581
1352
1354
4465
4582
1355
4583
1355
4601
4623
1355
4468
4602
4604
1358
4345
4683
1358
1360
4471
4684
1361
4685
1361
4703
4725
1361
4474
4704
4706
1366
1367
1368
1383
1390
1397
1366
1367
1384
1366
1368
1391
4789
1367
1368
1398
4790
1388
1395
1389
1402
1396
1403
4792
1373
1374
1375
1383
1390
1373
1374
4418
4587
1373
1375
1385
4420
4776
1374
1375
1392
4589
4777
1387
4421
1394
4590
1388
1395
4778
1380
1381
1382
1383
1397
1380
1381
4425
4689
1380
1382
1386
4427
4782
1381
1382
1399
4691
4783
1387
4428
1401
4692
1389
1402
4784
1387
1388
1389
1388
1389
1387
1388
4447
1387
1389
4448
4449
1394
1395
1396
1395
1396
4779
4810
1394
1395
4609
4780
1394
1396
4610
4811
4611
4781
4813
1401
1402
1403
1402
1403
4785
4817
1401
1402
4711
4786
1401
1403
4712
4818
4713
4787
4820
1406
4621
4932
1406
1408
4843
4933
1409
4934
1409
4952
4971
1409
4846
4953
4955
1412
4723
5007
1412
1414
4849
5008
1415
5009
1415
5027
5046
1415
4852
5028
5030
1420
1421
1422
1437
1444
1451
1420
1421
1438
1420
1422
1445
5075
1421
1422
1452
5076
1442
1449
1443
1456
1450
1457
5077
1427
1428
1429
1437
1444
1427
1428
4796
4938
1427
1429
1439
4798
5063
1428
1429
1446
4940
5064
1441
4799
1448
4941
1442
1449
5065
1434
1435
1436
1437
1451
1434
1435
4803
5013
1434
1436
1440
4805
5069
1435
1436
1453
5015
5070
1441
4806
1455
5016
1443
1456
5071
1441
1442
1443
1442
1443
1441
1442
4825
1441
1443
4826
4827
1448
1449
1450
1449
1450
5066
5079
1448
1449
4960
5067
1448
1450
4961
5080
4962
5068
5082
1455
1456
1457
1456
1457
5072
5085
1455
1456
5035
5073
1455
1457
5036
5086
5037
5074
5087
1460
1478
1460
1462
1479
1463
1481
1463
1492
1508
1463
1493
1495
1465
1467
1484
1468
1485
1468
1499
1514
1468
1500
1502
1473
1474
1475
1487
1491
1498
1473
1474
1488
1473
1475
1492
1518
1474
1475
1499
1519
1489
1495
1490
1502
1496
1503
1521
1480
1481
1482
1487
1491
1480
1482
1567
1480
1481
1481
1482
1493
1569
1489
1495
1497
1572
1485
1486
1487
1498
1485
1486
1500
1669
1490
1502
1504
1671
1489
1490
1489
1490
1495
1496
1497
1495
1496
1539
1495
1497
1589
1496
1497
1540
1590
1542
1592
1502
1503
1504
1502
1503
1546
1502
1504
1682
1503
1504
1547
1683
1549
1685
1507
1509
1526
1607
1507
1527
1818
1510
1528
1510
1539
1510
1541
1611
1543
1513
1515
1533
1699
1513
1534
1824
1516
1535
1516
1546
1516
1548
1703
1550
1521
1522
1523
1538
1545
1552
1521
1522
1539
1521
1523
1546
1522
1523
1553
1542
1549
1543
1556
1550
1557
1528
1529
1530
1538
1552
1529
1530
1621
1838
1528
1529
1541
1622
1528
1530
1554
1839
1543
1556
1544
1624
1558
1841
1535
1536
1537
1545
1552
1536
1537
1713
1845
1535
1536
1548
1714
1535
1537
1555
1846
1550
1557
1551
1716
1558
1848
1542
1543
1544
1542
1543
1542
1544
1636
1543
1544
1637
1638
1549
1550
1551
1549
1550
1549
1551
1728
1550
1551
1729
1730
1556
1557
1558
1556
1557
1556
1558
1853
1557
1558
1854
1855
1563
1564
1565
1580
1587
1594
1563
1564
1581
1563
1565
1588
1614
1564
1565
1595
1615
1584
1591
1586
1599
1593
1600
1617
1570
1571
1572
1580
1587
1571
1572
1570
1571
1582
1570
1572
1589
1584
1591
1585
1592
1577
1578
1579
1580
1594
1577
1578
1578
1579
1583
1601
1577
1579
1596
1602
1598
1585
1586
1599
1603
1584
1585
1586
1584
1586
1584
1585
1585
1586
1591
1592
1593
1591
1593
1635
1591
1592
1592
1593
1636
1639
1598
1599
1600
1599
1600
1604
1642
1598
1599
1605
1598
1600
1643
1606
1645
1603
1603
1605
1754
1606
1606
1658
1606
1757
1609
1611
1622
1609
1623
1612
1625
1612
1635
1612
1637
1640
1617
1618
1619
1634
1641
1648
1617
1618
1635
1617
1619
1642
1618
1619
1649
1639
1645
1640
1652
1646
1653
1624
1625
1626
1634
1648
1624
1626
1934
1624
1625
1637
1625
1626
1650
1935
1638
1640
1652
1654
1938
1631
1632
1633
1641
1648
1632
1633
1772
1941
1631
1632
1644
1655
1773
1631
1633
1651
1656
1942
1646
1653
1657
1647
1776
1654
1945
1638
1639
1640
1639
1640
1638
1639
1638
1640
1645
1646
1647
1645
1646
1658
1645
1647
1787
1646
1647
1659
1788
1660
1790
1652
1653
1654
1652
1653
1652
1654
1949
1653
1654
1950
1952
1657
1659
1806
1657
1968
1660
1660
1660
1810
1665
1666
1667
1676
1680
1687
1665
1666
1677
1665
1667
1681
1706
1666
1667
1688
1707
1678
1684
1679
1692
1686
1693
1709
1670
1671
1676
1680
1670
1671
1682
1678
1684
1685
1674
1675
1676
1687
1674
1675
1689
1694
1691
1679
1692
1695
1678
1679
1678
1679
1684
1685
1686
1684
1686
1727
1684
1685
1685
1686
1728
1731
1691
1692
1693
1692
1693
1696
1734
1691
1692
1697
1691
1693
1735
1698
1737
1695
1697
1759
1698
1698
1750
1698
1762
1701
1703
1714
1701
1715
1704
1717
1704
1727
1704
1729
1732
1709
1710
1711
1726
1733
1740
1709
1710
1727
1709
1711
1734
1710
1711
1741
1731
1737
1732
1744
1738
1745
1716
1717
1718
1726
1740
1716
1718
2036
1716
1717
1729
1717
1718
1742
2037
1730
1732
1744
1746
2040
1723
1724
1725
1733
1740
1724
1725
1779
2043
1723
1724
1736
1747
1780
1723
1725
1743
1748
2044
1738
1745
1749
1739
1783
1746
2047
1730
1731
1732
1731
1732
1730
1731
1730
1732
1737
1738
1739
1737
1738
1750
1737
1739
1794
1738
1739
1751
1795
1752
1797
1744
1745
1746
1744
1745
1744
1746
2051
1745
1746
2052
2054
1749
1751
1812
1749
2070
1752
1752
1752
1816
1755
1755
1757
1758
1758
1809
1758
1760
1762
1763
1763
1815
1763
1768
1769
1770
1785
1792
1799
1768
1769
1786
1768
1770
1793
1769
1770
1800
1789
1796
1791
1804
1798
1805
1775
1776
1777
1785
1799
1775
1776
1776
1777
1788
1806
1775
1777
1801
1807
1803
1790
1791
1804
1808
1782
1783
1784
1792
1799
1782
1783
1783
1784
1795
1812
1782
1784
1802
1813
1803
1797
1798
1805
1814
1789
1790
1791
1789
1791
1809
1789
1790
1790
1791
1810
1811
1796
1797
1798
1796
1798
1815
1796
1797
1797
1798
1816
1817
1803
1804
1805
1804
1805
1803
1804
1803
1805
1808
1810
1808
2130
1811
1811
1811
1814
1816
1814
2136
1817
1817
1817
1820
1839
1820
1822
1840
1823
1842
1823
1859
1875
1823
1860
1862
1826
1846
1826
1828
1847
1829
1849
1829
1866
1881
1829
1867
1869
1834
1835
1836
1851
1858
1865
1834
1835
1852
1834
1836
1859
1885
1835
1836
1866
1886
1856
1862
1857
1869
1863
1870
1888
1841
1842
1843
1851
1858
1841
1843
1934
1841
1842
1853
1842
1843
1860
1936
1855
1856
1862
1864
1939
1848
1849
1850
1851
1865
1848
1850
2036
1848
1849
1854
1849
1850
1867
2038
1855
1857
1869
1871
2041
1855
1856
1857
1856
1857
1855
1856
1855
1857
1862
1863
1864
1862
1863
1906
1862
1864
1956
1863
1864
1907
1957
1909
1959
1869
1870
1871
1869
1870
1913
1869
1871
2058
1870
1871
1914
2059
1916
2061
1874
1876
1893
1974
1874
1894
2196
1877
1895
1877
1906
1877
1908
1978
1910
1880
1882
1900
2076
1880
1901
2202
1883
1902
1883
1913
1883
1915
2080
1917
1888
1889
1890
1905
1912
1919
1888
1889
1906
1888
1890
1913
1889
1890
1920
1909
1916
1910
1923
1917
1924
1895
1896
1897
1905
1919
1896
1897
1988
2216
1895
1896
1908
1989
1895
1897
1921
2217
1910
1923
1911
1991
1925
2219
1902
1903
1904
1912
1919
1903
1904
2090
2223
1902
1903
1915
2091
1902
1904
1922
2224
1917
1924
1918
2093
1925
2226
1909
1910
1911
1909
1910
1909
1911
2003
1910
1911
2004
2005
1916
1917
1918
1916
1917
1916
1918
2105
1917
1918
2106
2107
1923
1924
1925
1923
1924
1923
1925
2231
1924
1925
2232
2233
1930
1931
1932
1947
1954
1961
1930
1931
1948
1930
1932
1955
1981
1931
1932
1962
1982
1951
1958
1953
1966
1960
1967
1984
1937
1938
1939
1947
1954
1938
1939
1937
1938
1949
1937
1939
1956
1951
1958
1952
1959
1944
1945
1946
1947
1961
1944
1945
1945
1946
1950
1968
1944
1946
1963
1969
1965
1952
1953
1966
1970
1951
1952
1953
1951
1953
1951
1952
1952
1953
1958
1959
1960
1958
1960
2002
1958
1959
1959
1960
2003
2006
1965
1966
1967
1966
1967
1971
2009
1965
1966
1972
1965
1967
2010
1973
2012
1970
1970
1972
2131
1973
1973
2025
1973
2134
1976
1978
1989
1976
1990
1979
1992
1979
2002
1979
2004
2007
1984
1985
1986
2001
2008
2015
1984
1985
2002
1984
1986
2009
1985
1986
2016
2006
2012
2007
2019
2013
2020
1991
1992
1993
2001
2015
1991
1993
2312
1991
1992
2004
1992
1993
2017
2313
2005
2007
2019
2021
2316
1998
1999
2000
2008
2015
1999
2000
2150
2319
1998
1999
2011
2022
2151
1998
2000
2018
2023
2320
2013
2020
2024
2014
2154
2021
2323
2005
2006
2007
2006
2007
2005
2006
2005
2007
2012
2013
2014
2012
2013
2025
2012
2014
2165
2013
2014
2026
2166
2027
2168
2019
2020
2021
2019
2020
2019
2021
2327
2020
2021
2328
2330
2024
2026
2184
2024
2346
2027
2027
2027
2188
2032
2033
2034
2049
2056
2063
2032
2033
2050
2032
2034
2057
2083
2033
2034
2064
2084
2053
2060
2055
2068
2062
2069
2086
2039
2040
2041
2049
2056
2040
2041
2039
2040
2051
2039
2041
2058
2053
2060
2054
2061
2046
2047
2048
2049
2063
2046
2047
2047
2048
2052
2070
2046
2048
2065
2071
2067
2054
2055
2068
2072
2053
2054
2055
2053
2055
2053
2054
2054
2055
2060
2061
2062
2060
2062
2104
2060
2061
2061
2062
2105
2108
2067
2068
2069
2068
2069
2073
2111
2067
2068
2074
2067
2069
2112
2075
2114
2072
2072
2074
2137
2075
2075
2127
2075
2140
2078
2080
2091
2078
2092
2081
2094
2081
2104
2081
2106
2109
2086
2087
2088
2103
2110
2117
2086
2087
2104
2086
2088
2111
2087
2088
2118
2108
2114
2109
2121
2115
2122
2093
2094
2095
2103
2117
2093
2095
2414
2093
2094
2106
2094
2095
2119
2415
2107
2109
2121
2123
2418
2100
2101
2102
2110
2117
2101
2102
2157
2421
2100
2101
2113
2124
2158
2100
2102
2120
2125
2422
2115
2122
2126
2116
2161
2123
2425
2107
2108
2109
2108
2109
2107
2108
2107
2109
2114
2115
2116
2114
2115
2127
2114
2116
2172
2115
2116
2128
2173
2129
2175
2121
2122
2123
2121
2122
2121
2123
2429
2122
2123
2430
2432
2126
2128
2190
2126
2448
2129
2129
2129
2194
2132
2132
2134
2135
2135
2187
2135
2138
2138
2140
2141
2141
2193
2141
2146
2147
2148
2163
2170
2177
2146
2147
2164
2146
2148
2171
2147
2148
2178
2167
2174
2169
2182
2176
2183
2153
2154
2155
2163
2177
2153
2154
2154
2155
2166
2184
2153
2155
2179
2185
2181
2168
2169
2182
2186
2160
2161
2162
2170
2177
2160
2161
2161
2162
2173
2190
2160
2162
2180
2191
2181
2175
2176
2183
2192
2167
2168
2169
2167
2169
2187
2167
2168
2168
2169
2188
2189
2174
2175
2176
2174
2176
2193
2174
2175
2175
2176
2194
2195
2181
2182
2183
2182
2183
2181
2182
2181
2183
2186
2188
2186
2508
2189
2189
2189
2192
2194
2192
2514
2195
2195
2195
2198
2217
2198
2200
2218
2201
2220
2201
2237
2253
2201
2238
2240
2204
2224
2204
2206
2225
2207
2227
2207
2244
2259
2207
2245
2247
2212
2213
2214
2229
2236
2243
2212
2213
2230
2212
2214
2237
2263
2213
2214
2244
2264
2234
2240
2235
2247
2241
2248
2266
2219
2220
2221
2229
2236
2219
2221
2312
2219
2220
2231
2220
2221
2238
2314
2233
2234
2240
2242
2317
2226
2227
2228
2229
2243
2226
2228
2414
2226
2227
2232
2227
2228
2245
2416
2233
2235
2247
2249
2419
2233
2234
2235
2234
2235
2233
2234
2233
2235
2240
2241
2242
2240
2241
2284
2240
2242
2334
2241
2242
2285
2335
2287
2337
2247
2248
2249
2247
2248
2291
2247
2249
2436
2248
2249
2292
2437
2294
2439
2252
2254
2271
2352
2252
2272
2574
2255
2273
2255
2284
2255
2286
2356
2288
2258
2260
2278
2454
2258
2279
2580
2261
2280
2261
2291
2261
2293
2458
2295
2266
2267
2268
2283
2290
2297
2266
2267
2284
2266
2268
2291
2267
2268
2298
2287
2294
2288
2301
2295
2302
2273
2274
2275
2283
2297
2274
2275
2366
2594
2273
2274
2286
2367
2273
2275
2299
2595
2288
2301
2289
2369
2303
2597
2280
2281
2282
2290
2297
2281
2282
2468
2601
2280
2281
2293
2469
2280
2282
2300
2602
2295
2302
2296
2471
2303
2604
2287
2288
2289
2287
2288
2287
2289
2381
2288
2289
2382
2383
2294
2295
2296
2294
2295
2294
2296
2483
2295
2296
2484
2485
2301
2302
2303
2301
2302
2301
2303
2609
2302
2303
2610
2611
2308
2309
2310
2325
2332
2339
2308
2309
2326
2308
2310
2333
2359
2309
2310
2340
2360
2329
2336
2331
2344
2338
2345
2362
2315
2316
2317
2325
2332
2316
2317
2315
2316
2327
2315
2317
2334
2329
2336
2330
2337
2322
2323
2324
2325
2339
2322
2323
2323
2324
2328
2346
2322
2324
2341
2347
2343
2330
2331
2344
2348
2329
2330
2331
2329
2331
2329
2330
2330
2331
2336
2337
2338
2336
2338
2380
2336
2337
2337
2338
2381
2384
2343
2344
2345
2344
2345
2349
2387
2343
2344
2350
2343
2345
2388
2351
2390
2348
2348
2350
2509
2351
2351
2403
2351
2512
2354
2356
2367
2354
2368
2357
2370
2357
2380
2357
2382
2385
2362
2363
2364
2379
2386
2393
2362
2363
2380
2362
2364
2387
2363
2364
2394
2384
2390
2385
2397
2391
2398
2369
2370
2371
2379
2393
2369
2371
2690
2369
2370
2382
2370
2371
2395
2691
2383
2385
2397
2399
2694
2376
2377
2378
2386
2393
2377
2378
2528
2697
2376
2377
2389
2400
2529
2376
2378
2396
2401
2698
2391
2398
2402
2392
2532
2399
2701
2383
2384
2385
2384
2385
2383
2384
2383
2385
2390
2391
2392
2390
2391
2403
2390
2392
2543
2391
2392
2404
2544
2405
2546
2397
2398
2399
2397
2398
2397
2399
2705
2398
2399
2706
2708
2402
2404
2562
2402
2724
2405
2405
2405
2566
2410
2411
2412
2427
2434
2441
2410
2411
2428
2410
2412
2435
2461
2411
2412
2442
2462
2431
2438
2433
2446
2440
2447
2464
2417
2418
2419
2427
2434
2418
2419
2417
2418
2429
2417
2419
2436
2431
2438
2432
2439
2424
2425
2426
2427
2441
2424
2425
2425
2426
2430
2448
2424
2426
2443
2449
2445
2432
2433
2446
2450
2431
2432
2433
2431
2433
2431
2432
2432
2433
2438
2439
2440
2438
2440
2482
2438
2439
2439
2440
2483
2486
2445
2446
2447
2446
2447
2451
2489
2445
2446
2452
2445
2447
2490
2453
2492
2450
2450
2452
2515
2453
2453
2505
2453
2518
2456
2458
2469
2456
2470
2459
2472
2459
2482
2459
2484
2487
2464
2465
2466
2481
2488
2495
2464
2465
2482
2464
2466
2489
2465
2466
2496
2486
2492
2487
2499
2493
2500
2471
2472
2473
2481
2495
2471
2473
2792
2471
2472
2484
2472
2473
2497
2793
2485
2487
2499
2501
2796
2478
2479
2480
2488
2495
2479
2480
2535
2799
2478
2479
2491
2502
2536
2478
2480
2498
2503
2800
2493
2500
2504
2494
2539
2501
2803
2485
2486
2487
2486
2487
2485
2486
2485
2487
2492
2493
2494
2492
2493
2505
2492
2494
2550
2493
2494
2506
2551
2507
2553
2499
2500
2501
2499
2500
2499
2501
2807
2500
2501
2808
2810
2504
2506
2568
2504
2826
2507
2507
2507
2572
2510
2510
2512
2513
2513
2565
2513
2516
2516
2518
2519
2519
2571
2519
2524
2525
2526
2541
2548
2555
2524
2525
2542
2524
2526
2549
2525
2526
2556
2545
2552
2547
2560
2554
2561
2531
2532
2533
2541
2555
2531
2532
2532
2533
2544
2562
2531
2533
2557
2563
2559
2546
2547
2560
2564
2538
2539
2540
2548
2555
2538
2539
2539
2540
2551
2568
2538
2540
2558
2569
2559
2553
2554
2561
2570
2545
2546
2547
2545
2547
2565
2545
2546
2546
2547
2566
2567
2552
2553
2554
2552
2554
2571
2552
2553
2553
2554
2572
2573
2559
2560
2561
2560
2561
2559
2560
2559
2561
2564
2566
2564
2886
2567
2567
2567
2570
2572
2570
2892
2573
2573
2573
2576
2595
2576
2578
2596
2579
2598
2579
2615
2631
2579
2616
2618
2582
2602
2582
2584
2603
2585
2605
2585
2622
2637
2585
2623
2625
2590
2591
2592
2607
2614
2621
2590
2591
2608
2590
2592
2615
2641
2591
2592
2622
2642
2612
2618
2613
2625
2619
2626
2644
2597
2598
2599
2607
2614
2597
2599
2690
2597
2598
2609
2598
2599
2616
2692
2611
2612
2618
2620
2695
2604
2605
2606
2607
2621
2604
2606
2792
2604
2605
2610
2605
2606
2623
2794
2611
2613
2625
2627
2797
2611
2612
2613
2612
2613
2611
2612
2611
2613
2618
2619
2620
2618
2619
2662
2618
2620
2712
2619
2620
2663
2713
2665
2715
2625
2626
2627
2625
2626
2669
2625
2627
2814
2626
2627
2670
2815
2672
2817
2630
2632
2649
2730
2630
2650
2952
2633
2651
2633
2662
2633
2664
2734
2666
2636
2638
2656
2832
2636
2657
2958
2639
2658
2639
2669
2639
2671
2836
2673
2644
2645
2646
2661
2668
2675
2644
2645
2662
2644
2646
2669
2645
2646
2676
2665
2672
2666
2679
2673
2680
2651
2652
2653
2661
2675
2652
2653
2744
2972
2651
2652
2664
2745
2651
2653
2677
2973
2666
2679
2667
2747
2681
2975
2658
2659
2660
2668
2675
2659
2660
2846
2979
2658
2659
2671
2847
2658
2660
2678
2980
2673
2680
2674
2849
2681
2982
2665
2666
2667
2665
2666
2665
2667
2759
2666
2667
2760
2761
2672
2673
2674
2672
2673
2672
2674
2861
2673
2674
2862
2863
2679
2680
2681
2679
2680
2679
2681
2987
2680
2681
2988
2989
2686
2687
2688
2703
2710
2717
2686
2687
2704
2686
2688
2711
2737
2687
2688
2718
2738
2707
2714
2709
2722
2716
2723
2740
2693
2694
2695
2703
2710
2694
2695
2693
2694
2705
2693
2695
2712
2707
2714
2708
2715
2700
2701
2702
2703
2717
2700
2701
2701
2702
2706
2724
2700
2702
2719
2725
2721
2708
2709
2722
2726
2707
2708
2709
2707
2709
2707
2708
2708
2709
2714
2715
2716
2714
2716
2758
2714
2715
2715
2716
2759
2762
2721
2722
2723
2722
2723
2727
2765
2721
2722
2728
2721
2723
2766
2729
2768
2726
2726
2728
2887
2729
2729
2781
2729
2890
2732
2734
2745
2732
2746
2735
2748
2735
2758
2735
2760
2763
2740
2741
2742
2757
2764
2771
2740
2741
2758
2740
2742
2765
2741
2742
2772
2762
2768
2763
2775
2769
2776
2747
2748
2749
2757
2771
2747
2749
3068
2747
2748
2760
2748
2749
2773
3069
2761
2763
2775
2777
3072
2754
2755
2756
2764
2771
2755
2756
2906
3075
2754
2755
2767
2778
2907
2754
2756
2774
2779
3076
2769
2776
2780
2770
2910
2777
3079
2761
2762
2763
2762
2763
2761
2762
2761
2763
2768
2769
2770
2768
2769
2781
2768
2770
2921
2769
2770
2782
2922
2783
2924
2775
2776
2777
2775
2776
2775
2777
3083
2776
2777
3084
3086
2780
2782
2940
2780
3102
2783
2783
2783
2944
2788
2789
2790
2805
2812
2819
2788
2789
2806
2788
2790
2813
2839
2789
2790
2820
2840
2809
2816
2811
2824
2818
2825
2842
2795
2796
2797
2805
2812
2796
2797
2795
2796
2807
2795
2797
2814
2809
2816
2810
2817
2802
2803
2804
2805
2819
2802
2803
2803
2804
2808
2826
2802
2804
2821
2827
2823
2810
2811
2824
2828
2809
2810
2811
2809
2811
2809
2810
2810
2811
2816
2817
2818
2816
2818
2860
2816
2817
2817
2818
2861
2864
2823
2824
2825
2824
2825
2829
2867
2823
2824
2830
2823
2825
2868
2831
2870
2828
2828
2830
2893
2831
2831
2883
2831
2896
2834
2836
2847
2834
2848
2837
2850
2837
2860
2837
2862
2865
2842
2843
2844
2859
2866
2873
2842
2843
2860
2842
2844
2867
2843
2844
2874
2864
2870
2865
2877
2871
2878
2849
2850
2851
2859
2873
2849
2851
3170
2849
2850
2862
2850
2851
2875
3171
2863
2865
2877
2879
3174
2856
2857
2858
2866
2873
2857
2858
2913
3177
2856
2857
2869
2880
2914
2856
2858
2876
2881
3178
2871
2878
2882
2872
2917
2879
3181
2863
2864
2865
2864
2865
2863
2864
2863
2865
2870
2871
2872
2870
2871
2883
2870
2872
2928
2871
2872
2884
2929
2885
2931
2877
2878
2879
2877
2878
2877
2879
3185
2878
2879
3186
3188
2882
2884
2946
2882
3204
2885
2885
2885
2950
2888
2888
2890
2891
2891
2943
2891
2894
2894
2896
2897
2897
2949
2897
2902
2903
2904
2919
2926
2933
2902
2903
2920
2902
2904
2927
2903
2904
2934
2923
2930
2925
2938
2932
2939
2909
2910
2911
2919
2933
2909
2910
2910
2911
2922
2940
2909
2911
2935
2941
2937
2924
2925
2938
2942
2916
2917
2918
2926
2933
2916
2917
2917
2918
2929
2946
2916
2918
2936
2947
2937
2931
2932
2939
2948
2923
2924
2925
2923
2925
2943
2923
2924
2924
2925
2944
2945
2930
2931
2932
2930
2932
2949
2930
2931
2931
2932
2950
2951
2937
2938
2939
2938
2939
2937
2938
2937
2939
2942
2944
2942
3264
2945
2945
2945
2948
2950
2948
3270
2951
2951
2951
2954
2973
2954
2956
2974
2957
2976
2957
2993
3009
2957
2994
2996
2960
2980
2960
2962
2981
2963
2983
2963
3000
3015
2963
3001
3003
2968
2969
2970
2985
2992
2999
2968
2969
2986
2968
2970
2993
3019
2969
2970
3000
3020
2990
2996
2991
3003
2997
3004
3022
2975
2976
2977
2985
2992
2975
2977
3068
2975
2976
2987
2976
2977
2994
3070
2989
2990
2996
2998
3073
2982
2983
2984
2985
2999
2982
2984
3170
2982
2983
2988
2983
2984
3001
3172
2989
2991
3003
3005
3175
2989
2990
2991
2990
2991
2989
2990
2989
2991
2996
2997
2998
2996
2997
3040
2996
2998
3090
2997
2998
3041
3091
3043
3093
3003
3004
3005
3003
3004
3047
3003
3005
3192
3004
3005
3048
3193
3050
3195
3008
3010
3027
3108
3008
3028
3330
3011
3029
3011
3040
3011
3042
3112
3044
3014
3016
3034
3210
3014
3035
3336
3017
3036
3017
3047
3017
3049
3214
3051
3022
3023
3024
3039
3046
3053
3022
3023
3040
3022
3024
3047
3023
3024
3054
3043
3050
3044
3057
3051
3058
3029
3030
3031
3039
3053
3030
3031
3122
3350
3029
3030
3042
3123
3029
3031
3055
3351
3044
3057
3045
3125
3059
3353
3036
3037
3038
3046
3053
3037
3038
3224
3357
3036
3037
3049
3225
3036
3038
3056
3358
3051
3058
3052
3227
3059
3360
3043
3044
3045
3043
3044
3043
3045
3137
3044
3045
3138
3139
3050
3051
3052
3050
3051
3050
3052
3239
3051
3052
3240
3241
3057
3058
3059
3057
3058
3057
3059
3365
3058
3059
3366
3367
3064
3065
3066
3081
3088
3095
3064
3065
3082
3064
3066
3089
3115
3065
3066
3096
3116
3085
3092
3087
3100
3094
3101
3118
3071
3072
3073
3081
3088
3072
3073
3071
3072
3083
3071
3073
3090
3085
3092
3086
3093
3078
3079
3080
3081
3095
3078
3079
3079
3080
3084
3102
3078
3080
3097
3103
3099
3086
3087
3100
3104
3085
3086
3087
3085
3087
3085
3086
3086
3087
3092
3093
3094
3092
3094
3136
3092
3093
3093
3094
3137
3140
3099
3100
3101
3100
3101
3105
3143
3099
3100
3106
3099
3101
3144
3107
3146
3104
3104
3106
3265
3107
3107
3159
3107
3268
3110
3112
3123
3110
3124
3113
3126
3113
3136
3113
3138
3141
3118
3119
3120
3135
3142
3149
3118
3119
3136
3118
3120
3143
3119
3120
3150
3140
3146
3141
3153
3147
3154
3125
3126
3127
3135
3149
3125
3127
3446
3125
3126
3138
3126
3127
3151
3447
3139
3141
3153
3155
3450
3132
3133
3134
3142
3149
3133
3134
3284
3453
3132
3133
3145
3156
3285
3132
3134
3152
3157
3454
3147
3154
3158
3148
3288
3155
3457
3139
3140
3141
3140
3141
3139
3140
3139
3141
3146
3147
3148
3146
3147
3159
3146
3148
3299
3147
3148
3160
3300
3161
3302
3153
3154
3155
3153
3154
3153
3155
3461
3154
3155
3462
3464
3158
3160
3318
3158
3480
3161
3161
3161
3322
3166
3167
3168
3183
3190
3197
3166
3167
3184
3166
3168
3191
3217
3167
3168
3198
3218
3187
3194
3189
3202
3196
3203
3220
3173
3174
3175
3183
3190
3174
3175
3173
3174
3185
3173
3175
3192
3187
3194
3188
3195
3180
3181
3182
3183
3197
3180
3181
3181
3182
3186
3204
3180
3182
3199
3205
3201
3188
3189
3202
3206
3187
3188
3189
3187
3189
3187
3188
3188
3189
3194
3195
3196
3194
3196
3238
3194
3195
3195
3196
3239
3242
3201
3202
3203
3202
3203
3207
3245
3201
3202
3208
3201
3203
3246
3209
3248
3206
3206
3208
3271
3209
3209
3261
3209
3274
3212
3214
3225
3212
3226
3215
3228
3215
3238
3215
3240
3243
3220
3221
3222
3237
3244
3251
3220
3221
3238
3220
3222
3245
3221
3222
3252
3242
3248
3243
3255
3249
3256
3227
3228
3229
3237
3251
3227
3229
3548
3227
3228
3240
3228
3229
3253
3549
3241
3243
3255
3257
3552
3234
3235
3236
3244
3251
3235
3236
3291
3555
3234
3235
3247
3258
3292
3234
3236
3254
3259
3556
3249
3256
3260
3250
3295
3257
3559
3241
3242
3243
3242
3243
3241
3242
3241
3243
3248
3249
3250
3248
3249
3261
3248
3250
3306
3249
3250
3262
3307
3263
3309
3255
3256
3257
3255
3256
3255
3257
3563
3256
3257
3564
3566
3260
3262
3324
3260
3582
3263
3263
3263
3328
3266
3266
3268
3269
3269
3321
3269
3272
3272
3274
3275
3275
3327
3275
3280
3281
3282
3297
3304
3311
3280
3281
3298
3280
3282
3305
3281
3282
3312
3301
3308
3303
3316
3310
3317
3287
3288
3289
3297
3311
3287
3288
3288
3289
3300
3318
3287
3289
3313
3319
3315
3302
3303
3316
3320
3294
3295
3296
3304
3311
3294
3295
3295
3296
3307
3324
3294
3296
3314
3325
3315
3309
3310
3317
3326
3301
3302
3303
3301
3303
3321
3301
3302
3302
3303
3322
3323
3308
3309
3310
3308
3310
3327
3308
3309
3309
3310
3328
3329
3315
3316
3317
3316
3317
3315
3316
3315
3317
3320
3322
3320
3642
3323
3323
3323
3326
3328
3326
3648
3329
3329
3329
3332
3351
3332
3334
3352
3335
3354
3335
3371
3387
3335
3372
3374
3338
3358
3338
3340
3359
3341
3361
3341
3378
3393
3341
3379
3381
3346
3347
3348
3363
3370
3377
3346
3347
3364
3346
3348
3371
3397
3347
3348
3378
3398
3368
3374
3369
3381
3375
3382
3400
3353
3354
3355
3363
3370
3353
3355
3446
3353
3354
3365
3354
3355
3372
3448
3367
3368
3374
3376
3451
3360
3361
3362
3363
3377
3360
3362
3548
3360
3361
3366
3361
3362
3379
3550
3367
3369
3381
3383
3553
3367
3368
3369
3368
3369
3367
3368
3367
3369
3374
3375
3376
3374
3375
3418
3374
3376
3468
3375
3376
3419
3469
3421
3471
3381
3382
3383
3381
3382
3425
3381
3383
3570
3382
3383
3426
3571
3428
3573
3386
3388
3405
3486
3386
3406
3708
3389
3407
3389
3418
3389
3420
3490
3422
3392
3394
3412
3588
3392
3413
3714
3395
3414
3395
3425
3395
3427
3592
3429
3400
3401
3402
3417
3424
3431
3400
3401
3418
3400
3402
3425
3401
3402
3432
3421
3428
3422
3435
3429
3436
3407
3408
3409
3417
3431
3408
3409
3500
3728
3407
3408
3420
3501
3407
3409
3433
3729
3422
3435
3423
3503
3437
3731
3414
3415
3416
3424
3431
3415
3416
3602
3735
3414
3415
3427
3603
3414
3416
3434
3736
3429
3436
3430
3605
3437
3738
3421
3422
3423
3421
3422
3421
3423
3515
3422
3423
3516
3517
3428
3429
3430
3428
3429
3428
3430
3617
3429
3430
3618
3619
3435
3436
3437
3435
3436
3435
3437
3743
3436
3437
3744
3745
3442
3443
3444
3459
3466
3473
3442
3443
3460
3442
3444
3467
3493
3443
3444
3474
3494
3463
3470
3465
3478
3472
3479
3496
3449
3450
3451
3459
3466
3450
3451
3449
3450
3461
3449
3451
3468
3463
3470
3464
3471
3456
3457
3458
3459
3473
3456
3457
3457
3458
3462
3480
3456
3458
3475
3481
3477
3464
3465
3478
3482
3463
3464
3465
3463
3465
3463
3464
3464
3465
3470
3471
3472
3470
3472
3514
3470
3471
3471
3472
3515
3518
3477
3478
3479
3478
3479
3483
3521
3477
3478
3484
3477
3479
3522
3485
3524
3482
3482
3484
3643
3485
3485
3537
3485
3646
3488
3490
3501
3488
3502
3491
3504
3491
3514
3491
3516
3519
3496
3497
3498
3513
3520
3527
3496
3497
3514
3496
3498
3521
3497
3498
3528
3518
3524
3519
3531
3525
3532
3503
3504
3505
3513
3527
3503
3505
3824
3503
3504
3516
3504
3505
3529
3825
3517
3519
3531
3533
3828
3510
3511
3512
3520
3527
3511
3512
3662
3831
3510
3511
3523
3534
3663
3510
3512
3530
3535
3832
3525
3532
3536
3526
3666
3533
3835
3517
3518
3519
3518
3519
3517
3518
3517
3519
3524
3525
3526
3524
3525
3537
3524
3526
3677
3525
3526
3538
3678
3539
3680
3531
3532
3533
3531
3532
3531
3533
3839
3532
3533
3840
3842
3536
3538
3696
3536
3858
3539
3539
3539
3700
3544
3545
3546
3561
3568
3575
3544
3545
3562
3544
3546
3569
3595
3545
3546
3576
3596
3565
3572
3567
3580
3574
3581
3598
3551
3552
3553
3561
3568
3552
3553
3551
3552
3563
3551
3553
3570
3565
3572
3566
3573
3558
3559
3560
3561
3575
3558
3559
3559
3560
3564
3582
3558
3560
3577
3583
3579
3566
3567
3580
3584
3565
3566
3567
3565
3567
3565
3566
3566
3567
3572
3573
3574
3572
3574
3616
3572
3573
3573
3574
3617
3620
3579
3580
3581
3580
3581
3585
3623
3579
3580
3586
3579
3581
3624
3587
3626
3584
3584
3586
3649
3587
3587
3639
3587
3652
3590
3592
3603
3590
3604
3593
3606
3593
3616
3593
3618
3621
3598
3599
3600
3615
3622
3629
3598
3599
3616
3598
3600
3623
3599
3600
3630
3620
3626
3621
3633
3627
3634
3605
3606
3607
3615
3629
3605
3607
3926
3605
3606
3618
3606
3607
3631
3927
3619
3621
3633
3635
3930
3612
3613
3614
3622
3629
3613
3614
3669
3933
3612
3613
3625
3636
3670
3612
3614
3632
3637
3934
3627
3634
3638
3628
3673
3635
3937
3619
3620
3621
3620
3621
3619
3620
3619
3621
3626
3627
3628
3626
3627
3639
3626
3628
3684
3627
3628
3640
3685
3641
3687
3633
3634
3635
3633
3634
3633
3635
3941
3634
3635
3942
3944
3638
3640
3702
3638
3960
3641
3641
3641
3706
3644
3644
3646
3647
3647
3699
3647
3650
3650
3652
3653
3653
3705
3653
3658
3659
3660
3675
3682
3689
3658
3659
3676
3658
3660
3683
3659
3660
3690
3679
3686
3681
3694
3688
3695
3665
3666
3667
3675
3689
3665
3666
3666
3667
3678
3696
3665
3667
3691
3697
3693
3680
3681
3694
3698
3672
3673
3674
3682
3689
3672
3673
3673
3674
3685
3702
3672
3674
3692
3703
3693
3687
3688
3695
3704
3679
3680
3681
3679
3681
3699
3679
3680
3680
3681
3700
3701
3686
3687
3688
3686
3688
3705
3686
3687
3687
3688
3706
3707
3693
3694
3695
3694
3695
3693
3694
3693
3695
3698
3700
3698
4020
3701
3701
3701
3704
3706
3704
4026
3707
3707
3707
3710
3729
3710
3712
3730
3713
3732
3713
3749
3765
3713
3750
3752
3716
3736
3716
3718
3737
3719
3739
3719
3756
3771
3719
3757
3759
3724
3725
3726
3741
3748
3755
3724
3725
3742
3724
3726
3749
3775
3725
3726
3756
3776
3746
3752
3747
3759
3753
3760
3778
3731
3732
3733
3741
3748
3731
3733
3824
3731
3732
3743
3732
3733
3750
3826
3745
3746
3752
3754
3829
3738
3739
3740
3741
3755
3738
3740
3926
3738
3739
3744
3739
3740
3757
3928
3745
3747
3759
3761
3931
3745
3746
3747
3746
3747
3745
3746
3745
3747
3752
3753
3754
3752
3753
3796
3752
3754
3846
3753
3754
3797
3847
3799
3849
3759
3760
3761
3759
3760
3803
3759
3761
3948
3760
3761
3804
3949
3806
3951
3764
3766
3783
3864
3764
3784
4086
3767
3785
3767
3796
3767
3798
3868
3800
3770
3772
3790
3966
3770
3791
4092
3773
3792
3773
3803
3773
3805
3970
3807
3778
3779
3780
3795
3802
3809
3778
3779
3796
3778
3780
3803
3779
3780
3810
3799
3806
3800
3813
3807
3814
3785
3786
3787
3795
3809
3786
3787
3878
4106
3785
3786
3798
3879
3785
3787
3811
4107
3800
3813
3801
3881
3815
4109
3792
3793
3794
3802
3809
3793
3794
3980
4113
3792
3793
3805
3981
3792
3794
3812
4114
3807
3814
3808
3983
3815
4116
3799
3800
3801
3799
3800
3799
3801
3893
3800
3801
3894
3895
3806
3807
3808
3806
3807
3806
3808
3995
3807
3808
3996
3997
3813
3814
3815
3813
3814
3813
3815
4121
3814
3815
4122
4123
3820
3821
3822
3837
3844
3851
3820
3821
3838
3820
3822
3845
3871
3821
3822
3852
3872
3841
3848
3843
3856
3850
3857
3874
3827
3828
3829
3837
3844
3828
3829
3827
3828
3839
3827
3829
3846
3841
3848
3842
3849
3834
3835
3836
3837
3851
3834
3835
3835
3836
3840
3858
3834
3836
3853
3859
3855
3842
3843
3856
3860
3841
3842
3843
3841
3843
3841
3842
3842
3843
3848
3849
3850
3848
3850
3892
3848
3849
3849
3850
3893
3896
3855
3856
3857
3856
3857
3861
3899
3855
3856
3862
3855
3857
3900
3863
3902
3860
3860
3862
4021
3863
3863
3915
3863
4024
3866
3868
3879
3866
3880
3869
3882
3869
3892
3869
3894
3897
3874
3875
3876
3891
3898
3905
3874
3875
3892
3874
3876
3899
3875
3876
3906
3896
3902
3897
3909
3903
3910
3881
3882
3883
3891
3905
3881
3883
4202
3881
3882
3894
3882
3883
3907
4203
3895
3897
3909
3911
4206
3888
3889
3890
3898
3905
3889
3890
4040
4209
3888
3889
3901
3912
4041
3888
3890
3908
3913
4210
3903
3910
3914
3904
4044
3911
4213
3895
3896
3897
3896
3897
3895
3896
3895
3897
3902
3903
3904
3902
3903
3915
3902
3904
4055
3903
3904
3916
4056
3917
4058
3909
3910
3911
3909
3910
3909
3911
4217
3910
3911
4218
4220
3914
3916
4074
3914
4236
3917
3917
3917
4078
3922
3923
3924
3939
3946
3953
3922
3923
3940
3922
3924
3947
3973
3923
3924
3954
3974
3943
3950
3945
3958
3952
3959
3976
3929
3930
3931
3939
3946
3930
3931
3929
3930
3941
3929
3931
3948
3943
3950
3944
3951
3936
3937
3938
3939
3953
3936
3937
3937
3938
3942
3960
3936
3938
3955
3961
3957
3944
3945
3958
3962
3943
3944
3945
3943
3945
3943
3944
3944
3945
3950
3951
3952
3950
3952
3994
3950
3951
3951
3952
3995
3998
3957
3958
3959
3958
3959
3963
4001
3957
3958
3964
3957
3959
4002
3965
4004
3962
3962
3964
4027
3965
3965
4017
3965
4030
3968
3970
3981
3968
3982
3971
3984
3971
3994
3971
3996
3999
3976
3977
3978
3993
4000
4007
3976
3977
3994
3976
3978
4001
3977
3978
4008
3998
4004
3999
4011
4005
4012
3983
3984
3985
3993
4007
3983
3985
4304
3983
3984
3996
3984
3985
4009
4305
3997
3999
4011
4013
4308
3990
3991
3992
4000
4007
3991
3992
4047
4311
3990
3991
4003
4014
4048
3990
3992
4010
4015
4312
4005
4012
4016
4006
4051
4013
4315
3997
3998
3999
3998
3999
3997
3998
3997
3999
4004
4005
4006
4004
4005
4017
4004
4006
4062
4005
4006
4018
4063
4019
4065
4011
4012
4013
4011
4012
4011
4013
4319
4012
4013
4320
4322
4016
4018
4080
4016
4338
4019
4019
4019
4084
4022
4022
4024
4025
4025
4077
4025
4028
4028
4030
4031
4031
4083
4031
4036
4037
4038
4053
4060
4067
4036
4037
4054
4036
4038
4061
4037
4038
4068
4057
4064
4059
4072
4066
4073
4043
4044
4045
4053
4067
4043
4044
4044
4045
4056
4074
4043
4045
4069
4075
4071
4058
4059
4072
4076
4050
4051
4052
4060
4067
4050
4051
4051
4052
4063
4080
4050
4052
4070
4081
4071
4065
4066
4073
4082
4057
4058
4059
4057
4059
4077
4057
4058
4058
4059
4078
4079
4064
4065
4066
4064
4066
4083
4064
4065
4065
4066
4084
4085
4071
4072
4073
4072
4073
4071
4072
4071
4073
4076
4078
4076
4398
4079
4079
4079
4082
4084
4082
4404
4085
4085
4085
4088
4107
4088
4090
4108
4091
4110
4091
4127
4143
4091
4128
4130
4094
4114
4094
4096
4115
4097
4117
4097
4134
4149
4097
4135
4137
4102
4103
4104
4119
4126
4133
4102
4103
4120
4102
4104
4127
4153
4103
4104
4134
4154
4124
4130
4125
4137
4131
4138
4156
4109
4110
4111
4119
4126
4109
4111
4202
4109
4110
4121
4110
4111
4128
4204
4123
4124
4130
4132
4207
4116
4117
4118
4119
4133
4116
4118
4304
4116
4117
4122
4117
4118
4135
4306
4123
4125
4137
4139
4309
4123
4124
4125
4124
4125
4123
4124
4123
4125
4130
4131
4132
4130
4131
4174
4130
4132
4224
4131
4132
4175
4225
4177
4227
4137
4138
4139
4137
4138
4181
4137
4139
4326
4138
4139
4182
4327
4184
4329
4142
4144
4161
4242
4142
4162
4464
4145
4163
4145
4174
4145
4176
4246
4178
4148
4150
4168
4344
4148
4169
4470
4151
4170
4151
4181
4151
4183
4348
4185
4156
4157
4158
4173
4180
4187
4156
4157
4174
4156
4158
4181
4157
4158
4188
4177
4184
4178
4191
4185
4192
4163
4164
4165
4173
4187
4164
4165
4256
4484
4163
4164
4176
4257
4163
4165
4189
4485
4178
4191
4179
4259
4193
4487
4170
4171
4172
4180
4187
4171
4172
4358
4491
4170
4171
4183
4359
4170
4172
4190
4492
4185
4192
4186
4361
4193
4494
4177
4178
4179
4177
4178
4177
4179
4271
4178
4179
4272
4273
4184
4185
4186
4184
4185
4184
4186
4373
4185
4186
4374
4375
4191
4192
4193
4191
4192
4191
4193
4499
4192
4193
4500
4501
4198
4199
4200
4215
4222
4229
4198
4199
4216
4198
4200
4223
4249
4199
4200
4230
4250
4219
4226
4221
4234
4228
4235
4252
4205
4206
4207
4215
4222
4206
4207
4205
4206
4217
4205
4207
4224
4219
4226
4220
4227
4212
4213
4214
4215
4229
4212
4213
4213
4214
4218
4236
4212
4214
4231
4237
4233
4220
4221
4234
4238
4219
4220
4221
4219
4221
4219
4220
4220
4221
4226
4227
4228
4226
4228
4270
4226
4227
4227
4228
4271
4274
4233
4234
4235
4234
4235
4239
4277
4233
4234
4240
4233
4235
4278
4241
4280
4238
4238
4240
4399
4241
4241
4293
4241
4402
4244
4246
4257
4244
4258
4247
4260
4247
4270
4247
4272
4275
4252
4253
4254
4269
4276
4283
4252
4253
4270
4252
4254
4277
4253
4254
4284
4274
4280
4275
4287
4281
4288
4259
4260
4261
4269
4283
4259
4261
4580
4259
4260
4272
4260
4261
4285
4581
4273
4275
4287
4289
4584
4266
4267
4268
4276
4283
4267
4268
4418
4587
4266
4267
4279
4290
4419
4266
4268
4286
4291
4588
4281
4288
4292
4282
4422
4289
4591
4273
4274
4275
4274
4275
4273
4274
4273
4275
4280
4281
4282
4280
4281
4293
4280
4282
4433
4281
4282
4294
4434
4295
4436
4287
4288
4289
4287
4288
4287
4289
4595
4288
4289
4596
4598
4292
4294
4452
4292
4614
4295
4295
4295
4456
4300
4301
4302
4317
4324
4331
4300
4301
4318
4300
4302
4325
4351
4301
4302
4332
4352
4321
4328
4323
4336
4330
4337
4354
4307
4308
4309
4317
4324
4308
4309
4307
4308
4319
4307
4309
4326
4321
4328
4322
4329
4314
4315
4316
4317
4331
4314
4315
4315
4316
4320
4338
4314
4316
4333
4339
4335
4322
4323
4336
4340
4321
4322
4323
4321
4323
4321
4322
4322
4323
4328
4329
4330
4328
4330
4372
4328
4329
4329
4330
4373
4376
4335
4336
4337
4336
4337
4341
4379
4335
4336
4342
4335
4337
4380
4343
4382
4340
4340
4342
4405
4343
4343
4395
4343
4408
4346
4348
4359
4346
4360
4349
4362
4349
4372
4349
4374
4377
4354
4355
4356
4371
4378
4385
4354
4355
4372
4354
4356
4379
4355
4356
4386
4376
4382
4377
4389
4383
4390
4361
4362
4363
4371
4385
4361
4363
4682
4361
4362
4374
4362
4363
4387
4683
4375
4377
4389
4391
4686
4368
4369
4370
4378
4385
4369
4370
4425
4689
4368
4369
4381
4392
4426
4368
4370
4388
4393
4690
4383
4390
4394
4384
4429
4391
4693
4375
4376
4377
4376
4377
4375
4376
4375
4377
4382
4383
4384
4382
4383
4395
4382
4384
4440
4383
4384
4396
4441
4397
4443
4389
4390
4391
4389
4390
4389
4391
4697
4390
4391
4698
4700
4394
4396
4458
4394
4716
4397
4397
4397
4462
4400
4400
4402
4403
4403
4455
4403
4406
4406
4408
4409
4409
4461
4409
4414
4415
4416
4431
4438
4445
4414
4415
4432
4414
4416
4439
4415
4416
4446
4435
4442
4437
4450
4444
4451
4421
4422
4423
4431
4445
4421
4422
4422
4423
4434
4452
4421
4423
4447
4453
4449
4436
4437
4450
4454
4428
4429
4430
4438
4445
4428
4429
4429
4430
4441
4458
4428
4430
4448
4459
4449
4443
4444
4451
4460
4435
4436
4437
4435
4437
4455
4435
4436
4436
4437
4456
4457
4442
4443
4444
4442
4444
4461
4442
4443
4443
4444
4462
4463
4449
4450
4451
4450
4451
4449
4450
4449
4451
4454
4456
4454
4776
4457
4457
4457
4460
4462
4460
4782
4463
4463
4463
4466
4485
4466
4468
4486
4469
4488
4469
4505
4521
4469
4506
4508
4472
4492
4472
4474
4493
4475
4495
4475
4512
4527
4475
4513
4515
4480
4481
4482
4497
4504
4511
4480
4481
4498
4480
4482
4505
4531
4481
4482
4512
4532
4502
4508
4503
4515
4509
4516
4534
4487
4488
4489
4497
4504
4487
4489
4580
4487
4488
4499
4488
4489
4506
4582
4501
4502
4508
4510
4585
4494
4495
4496
4497
4511
4494
4496
4682
4494
4495
4500
4495
4496
4513
4684
4501
4503
4515
4517
4687
4501
4502
4503
4502
4503
4501
4502
4501
4503
4508
4509
4510
4508
4509
4552
4508
4510
4602
4509
4510
4553
4603
4555
4605
4515
4516
4517
4515
4516
4559
4515
4517
4704
4516
4517
4560
4705
4562
4707
4520
4522
4539
4620
4520
4540
4842
4523
4541
4523
4552
4523
4554
4624
4556
4526
4528
4546
4722
4526
4547
4848
4529
4548
4529
4559
4529
4561
4726
4563
4534
4535
4536
4551
4558
4565
4534
4535
4552
4534
4536
4559
4535
4536
4566
4555
4562
4556
4569
4563
4570
4541
4542
4543
4551
4565
4542
4543
4634
4862
4541
4542
4554
4635
4541
4543
4567
4863
4556
4569
4557
4637
4571
4865
4548
4549
4550
4558
4565
4549
4550
4736
4869
4548
4549
4561
4737
4548
4550
4568
4870
4563
4570
4564
4739
4571
4872
4555
4556
4557
4555
4556
4555
4557
4649
4556
4557
4650
4651
4562
4563
4564
4562
4563
4562
4564
4751
4563
4564
4752
4753
4569
4570
4571
4569
4570
4569
4571
4877
4570
4571
4878
4879
4576
4577
4578
4593
4600
4607
4576
4577
4594
4576
4578
4601
4627
4577
4578
4608
4628
4597
4604
4599
4612
4606
4613
4630
4583
4584
4585
4593
4600
4584
4585
4583
4584
4595
4583
4585
4602
4597
4604
4598
4605
4590
4591
4592
4593
4607
4590
4591
4591
4592
4596
4614
4590
4592
4609
4615
4611
4598
4599
4612
4616
4597
4598
4599
4597
4599
4597
4598
4598
4599
4604
4605
4606
4604
4606
4648
4604
4605
4605
4606
4649
4652
4611
4612
4613
4612
4613
4617
4655
4611
4612
4618
4611
4613
4656
4619
4658
4616
4616
4618
4777
4619
4619
4671
4619
4780
4622
4624
4635
4622
4636
4625
4638
4625
4648
4625
4650
4653
4630
4631
4632
4647
4654
4661
4630
4631
4648
4630
4632
4655
4631
4632
4662
4652
4658
4653
4665
4659
4666
4637
4638
4639
4647
4661
4637
4639
4931
4637
4638
4650
4638
4639
4663
4932
4651
4653
4665
4667
4935
4644
4645
4646
4654
4661
4645
4646
4796
4938
4644
4645
4657
4668
4797
4644
4646
4664
4669
4939
4659
4666
4670
4660
4800
4667
4942
4651
4652
4653
4652
4653
4651
4652
4651
4653
4658
4659
4660
4658
4659
4671
4658
4660
4811
4659
4660
4672
4812
4673
4814
4665
4666
4667
4665
4666
4665
4667
4946
4666
4667
4947
4949
4670
4672
4830
4670
4965
4673
4673
4673
4834
4678
4679
4680
4695
4702
4709
4678
4679
4696
4678
4680
4703
4729
4679
4680
4710
4730
4699
4706
4701
4714
4708
4715
4732
4685
4686
4687
4695
4702
4686
4687
4685
4686
4697
4685
4687
4704
4699
4706
4700
4707
4692
4693
4694
4695
4709
4692
4693
4693
4694
4698
4716
4692
4694
4711
4717
4713
4700
4701
4714
4718
4699
4700
4701
4699
4701
4699
4700
4700
4701
4706
4707
4708
4706
4708
4750
4706
4707
4707
4708
4751
4754
4713
4714
4715
4714
4715
4719
4757
4713
4714
4720
4713
4715
4758
4721
4760
4718
4718
4720
4783
4721
4721
4773
4721
4786
4724
4726
4737
4724
4738
4727
4740
4727
4750
4727
4752
4755
4732
4733
4734
4749
4756
4763
4732
4733
4750
4732
4734
4757
4733
4734
4764
4754
4760
4755
4767
4761
4768
4739
4740
4741
4749
4763
4739
4741
5006
4739
4740
4752
4740
4741
4765
5007
4753
4755
4767
4769
5010
4746
4747
4748
4756
4763
4747
4748
4803
5013
4746
4747
4759
4770
4804
4746
4748
4766
4771
5014
4761
4768
4772
4762
4807
4769
5017
4753
4754
4755
4754
4755
4753
4754
4753
4755
4760
4761
4762
4760
4761
4773
4760
4762
4818
4761
4762
4774
4819
4775
4821
4767
4768
4769
4767
4768
4767
4769
5021
4768
4769
5022
5024
4772
4774
4836
4772
5040
4775
4775
4775
4840
4778
4778
4780
4781
4781
4833
4781
4784
4784
4786
4787
4787
4839
4787
4792
4793
4794
4809
4816
4823
4792
4793
4810
4792
4794
4817
4793
4794
4824
4813
4820
4815
4828
4822
4829
4799
4800
4801
4809
4823
4799
4800
4800
4801
4812
4830
4799
4801
4825
4831
4827
4814
4815
4828
4832
4806
4807
4808
4816
4823
4806
4807
4807
4808
4819
4836
4806
4808
4826
4837
4827
4821
4822
4829
4838
4813
4814
4815
4813
4815
4833
4813
4814
4814
4815
4834
4835
4820
4821
4822
4820
4822
4839
4820
4821
4821
4822
4840
4841
4827
4828
4829
4828
4829
4827
4828
4827
4829
4832
4834
4832
5063
4835
4835
4835
4838
4840
4838
5069
4841
4841
4841
4844
4863
4844
4846
4864
4847
4866
4847
4883
4896
4847
4884
4886
4850
4870
4850
4852
4871
4853
4873
4853
4890
4899
4853
4891
4893
4858
4859
4860
4875
4882
4889
4858
4859
4876
4858
4860
4883
4903
4859
4860
4890
4904
4880
4886
4881
4893
4887
4894
4906
4865
4866
4867
4875
4882
4865
4867
4931
4865
4866
4877
4866
4867
4884
4933
4879
4880
4886
4888
4936
4872
4873
4874
4875
4889
4872
4874
5006
4872
4873
4878
4873
4874
4891
5008
4879
4881
4893
4895
5011
4879
4880
4881
4880
4881
4879
4880
4879
4881
4886
4887
4888
4886
4887
4910
4886
4888
4953
4887
4888
4911
4954
4913
4956
4893
4894
4895
4893
4894
4917
4893
4895
5028
4894
4895
4918
5029
4920
5031
4898
4910
4898
4912
4972
4914
4901
4917
4901
4919
5047
4921
4906
4907
4908
4909
4916
4906
4907
4910
4906
4908
4917
4907
4908
4913
4920
4914
4921
4913
4914
4915
4913
4914
4913
4915
4983
4914
4915
4984
4985
4920
4921
4922
4920
4921
4920
4922
5054
4921
4922
5055
5056
4927
4928
4929
4944
4951
4958
4927
4928
4945
4927
4929
4952
4975
4928
4929
4959
4976
4948
4955
4950
4963
4957
4964
4978
4934
4935
4936
4944
4951
4935
4936
4934
4935
4946
4934
4936
4953
4948
4955
4949
4956
4941
4942
4943
4944
4958
4941
4942
4942
4943
4947
4965
4941
4943
4960
4966
4962
4949
4950
4963
4967
4948
4949
4950
4948
4950
4948
4949
4949
4950
4955
4956
4957
4955
4957
4982
4955
4956
4956
4957
4983
4986
4962
4963
4964
4963
4964
4968
4989
4962
4963
4969
4962
4964
4990
4970
4992
4967
4967
4969
5064
4970
4970
4995
4970
5067
4973
4982
4973
4984
4987
4978
4979
4980
4981
4988
4978
4979
4982
4978
4980
4989
4979
4980
4986
4992
4987
4993
4985
4986
4987
4986
4987
4985
4986
4985
4987
4992
4993
4994
4992
4993
4995
4992
4994
5080
4993
4994
4996
5081
4997
5083
4997
4997
5089
5002
5003
5004
5019
5026
5033
5002
5003
5020
5002
5004
5027
5049
5003
5004
5034
5050
5023
5030
5025
5038
5032
5039
5051
5009
5010
5011
5019
5026
5010
5011
5009
5010
5021
5009
5011
5028
5023
5030
5024
5031
5016
5017
5018
5019
5033
5016
5017
5017
5018
5022
5040
5016
5018
5035
5041
5037
5024
5025
5038
5042
5023
5024
5025
5023
5025
5023
5024
5024
5025
5030
5031
5032
5030
5032
5053
5030
5031
5031
5032
5054
5057
5037
5038
5039
5038
5039
5043
5059
5037
5038
5044
5037
5039
5060
5045
5061
5042
5042
5044
5070
5045
5045
5062
5045
5073
5048
5053
5048
5055
5058
5051
5053
5051
5059
5057
5061
5056
5057
5058
5057
5058
5056
5057
5056
5058
5061
5062
5061
5086
5065
5065
5067
5068
5068
5088
5068
5071
5071
5073
5074
5074
5091
5074
5077
5079
5077
5085
5082
5087
5082
5083
5084
5082
5084
5088
5082
5083
5083
5084
5089
5090
5087
5091
5087
5090
5090
)


// ************************************************************************* //
