/*--------------------------------*- C++ -*----------------------------------*\
| =========                 |                                                 |
| \\      /  F ield         | OpenFOAM: The Open Source CFD Toolbox           |
|  \\    /   O peration     | Version:  2206                                  |
|   \\  /    A nd           | Website:  www.openfoam.com                      |
|    \\/     M anipulation  |                                                 |
\*---------------------------------------------------------------------------*/
FoamFile
{
    version     2.0;
    format      ascii;
    arch        "LSB;label=32;scalar=64";
    class       volScalarField;
    location    "100";
    object      p;
}
// * * * * * * * * * * * * * * * * * * * * * * * * * * * * * * * * * * * * * //

dimensions      [0 2 -2 0 0 0 0];

internalField   nonuniform List<scalar> 
10720
(
64.2367
3.18565
-69.4418
-143.579
-215.161
-289.341
-357.619
-417.652
-471.653
-516.438
-553.155
-582.664
-605.139
-621.407
-632.214
-637.108
-636.722
-629.825
-617.4
-598.67
-575.377
-548.454
-521.409
-493.637
-460.222
-420.321
-378.629
-339.589
-304.474
-271.478
-238.951
-206.513
-174.089
-141.329
-108.047
-73.3183
-38.0737
2.28635
28.7082
122.783
175.18
227.952
274.9
311.148
332.025
338.559
334.785
319.7
296.113
269.32
242.627
217.212
193.836
172.935
153.75
136.104
119.427
103.392
87.4123
71.4409
55.1358
38.6183
22.3605
8.4368
-2.0768
-10.3945
-16.798
-21.1591
-23.5924
-24.333
-23.5274
-21.2603
-17.5403
-12.3668
-5.36793
4.03682
19.2319
44.2133
126.601
80.4776
27.7395
-29.5624
-89.6793
-152.353
-214.534
-274.198
-330.479
-381.642
-427.12
-466.557
-499.871
-527.185
-548.372
-563.107
-571.351
-572.932
-568.553
-558.13
-542.92
-523.946
-503.494
-480.571
-451.19
-414.696
-375.247
-337.409
-302.841
-270.152
-237.855
-205.578
-173.28
-140.659
-107.521
-72.9218
-37.781
2.56676
28.2294
167.328
205.262
241.935
275.693
302.913
320.522
327.702
325.028
313.022
294.282
271.983
248.451
224.989
202.488
181.495
161.868
143.51
126.112
109.397
92.9455
76.632
60.2203
43.8058
27.8683
14.0323
3.27565
-5.24216
-12.0167
-17.067
-20.2778
-21.6768
-21.3896
-19.5319
-16.138
-11.2163
-4.40493
4.86253
19.9646
44.0598
131.941
90.7096
43.3256
-9.71371
-65.8777
-124.707
-184.633
-243.302
-299.215
-351.226
-398.045
-439.136
-474.191
-502.819
-524.792
-540.362
-549.737
-552.835
-549.921
-541.114
-527.246
-509.284
-488.922
-466.028
-438.156
-404.404
-367.678
-331.895
-298.694
-267.025
-235.569
-203.958
-172.152
-139.866
-106.948
-72.5071
-37.4816
2.77529
28.2854
168.366
202.613
235.512
265.288
288.945
304.736
312.218
311.365
302.494
287.366
268.141
246.821
224.831
203.17
182.499
162.991
144.61
127.172
110.434
94.064
77.8789
61.7089
45.6217
30.0423
16.2465
5.18774
-3.60985
-10.5676
-15.6938
-18.9069
-20.3097
-20.0804
-18.3395
-15.0955
-10.3212
-3.63671
5.53394
20.4968
43.7389
139.372
104.619
64.2794
19.2297
-28.8749
-80.1053
-132.953
-185.805
-237.462
-286.756
-332.561
-374.12
-410.833
-442.229
-467.957
-487.976
-502.381
-510.765
-513.12
-509.53
-500.523
-486.879
-469.808
-449.472
-424.296
-393.555
-359.589
-325.848
-293.975
-263.28
-232.653
-201.749
-170.531
-138.737
-106.207
-72.0588
-37.2229
2.83298
28.5695
169.99
198.637
226.496
252.138
272.818
287.319
295.075
295.726
289.493
277.626
261.73
243.412
223.89
204.088
184.671
165.945
147.986
130.741
114.06
97.7174
81.5586
65.4791
49.549
34.1597
20.3555
9.03259
-0.0519251
-7.29349
-12.7452
-16.3555
-18.1956
-18.3837
-16.9975
-14.0322
-9.46103
-2.91802
6.15277
20.9428
43.3581
137.526
106.675
70.7044
30.3413
-12.8362
-59.2909
-107.77
-156.862
-205.671
-253.073
-297.973
-339.55
-377.064
-409.894
-437.555
-459.781
-476.264
-486.783
-491.224
-489.757
-482.825
-471.159
-455.747
-436.888
-413.483
-384.891
-352.957
-320.694
-289.748
-259.733
-229.726
-199.401
-168.711
-137.397
-105.297
-71.5362
-36.9902
2.76573
28.7915
164.754
190.102
214.871
237.751
256.336
269.898
277.839
279.671
275.578
266.422
253.392
237.756
220.513
202.494
184.353
166.474
149.042
132.11
115.622
99.4437
83.4573
67.5992
51.9437
36.8422
23.1449
11.6647
2.34064
-5.15016
-10.8586
-14.7232
-16.7761
-17.1321
-15.8776
-13.0268
-8.55771
-2.10939
6.86348
21.4365
42.9807
133.841
106.451
74.4106
38.4869
0.10665
-41.4364
-85.0033
-129.464
-174.173
-218.135
-260.425
-300.29
-336.963
-369.773
-398.168
-421.723
-440.049
-453.028
-460.45
-462.315
-458.852
-450.56
-438.126
-421.815
-400.877
-374.844
-345.257
-314.783
-285.062
-255.949
-226.688
-196.99
-166.837
-136.011
-104.357
-71.0159
-36.8248
2.5391
28.8541
158.051
180.542
202.705
223.349
240.291
253.099
261.14
263.857
261.429
254.477
243.909
230.737
215.763
199.691
183.116
166.429
149.866
133.553
117.504
101.664
85.9651
70.3853
55.0119
40.1716
26.5803
14.9734
5.42792
-2.29403
-8.24312
-12.3623
-14.6779
-15.2981
-14.3049
-11.7024
-7.45286
-1.19092
7.61564
21.9112
42.5592
128.214
103.493
74.5185
42.0317
7.41694
-30.2096
-69.8375
-110.488
-151.739
-192.718
-232.641
-270.848
-306.585
-339.174
-368.021
-392.599
-412.463
-427.261
-436.717
-440.697
-439.366
-433.156
-422.623
-408.065
-389.037
-365.196
-337.75
-308.981
-280.456
-252.224
-223.696
-194.619
-164.985
-134.619
-103.407
-70.5193
-36.764
2.11217
28.7184
150.102
170.397
190.532
209.404
225.035
237.206
245.272
248.645
247.507
242.33
233.82
222.792
209.885
195.673
180.674
165.25
149.655
134.064
118.552
103.128
87.7811
72.5284
57.4731
42.9197
29.4787
17.8124
8.09464
0.170428
-6.00351
-10.3729
-12.9479
-13.8154
-13.0444
-10.634
-6.54296
-0.413347
8.26475
22.2835
42.0565
121.876
99.4001
73.0296
43.4971
12.1386
-22.0221
-58.0625
-95.1301
-132.954
-170.798
-207.992
-243.991
-278.114
-309.715
-338.195
-362.992
-383.587
-399.572
-410.682
-416.737
-417.747
-413.967
-405.76
-393.352
-376.482
-354.926
-329.667
-302.674
-275.438
-248.176
-220.458
-192.072
-163.025
-133.165
-102.414
-70.0044
-36.7686
1.51288
28.3448
141.819
160.292
178.743
196.142
210.695
222.305
230.329
234.187
234.044
230.283
223.475
214.289
203.236
190.777
177.349
163.262
148.765
134.05
119.23
104.363
89.4828
74.642
59.9599
45.7239
32.4719
20.8035
10.9579
2.86025
-3.51675
-8.11802
-10.9364
-12.0447
-11.5047
-9.31045
-5.41433
0.536624
9.03263
22.7002
41.5621
115.168
94.5649
70.3795
43.3263
14.7075
-16.4975
-49.4512
-83.3867
-118.159
-153.128
-187.741
-221.561
-253.983
-284.415
-312.289
-337.03
-358.087
-375.018
-387.445
-395.12
-397.921
-396.017
-389.668
-379.077
-364.11
-344.627
-321.416
-296.148
-270.209
-243.94
-217.055
-189.388
-160.957
-131.639
-101.375
-69.459
-36.7944
0.82296
27.7145
133.489
150.45
167.494
183.648
197.289
208.395
216.328
220.538
221.161
218.53
213.122
205.497
196.069
185.209
173.273
160.515
147.16
133.397
119.356
105.127
90.784
76.4094
62.137
48.244
35.2135
23.5921
13.6612
5.41811
-1.14279
-5.96294
-9.02101
-10.3704
-10.0615
-8.08024
-4.37342
1.40458
9.71894
23.0218
40.9962
108.409
89.4061
67.0994
42.1868
15.9306
-12.702
-42.932
-74.0664
-106.047
-138.314
-170.417
-202.01
-232.561
-261.563
-288.481
-312.753
-333.836
-351.244
-364.571
-373.546
-377.947
-377.826
-373.321
-364.571
-351.51
-334.057
-312.856
-289.321
-264.723
-239.496
-213.485
-186.57
-158.784
-130.035
-100.29
-68.8844
-36.8185
0.0886254
26.8482
125.343
141.015
156.855
171.942
184.794
195.432
203.243
207.698
208.911
207.182
202.922
196.609
188.59
179.163
168.615
157.149
144.951
132.194
119.008
105.504
91.7779
77.9367
64.127
50.6166
37.8498
26.3308
16.366
8.01447
1.29772
-3.72005
-7.00231
-8.58358
-8.50386
-6.74083
-3.23558
2.34847
10.4507
23.3366
40.4037
101.754
84.1347
63.4554
40.3973
16.1919
-10.1979
-38.0389
-66.6987
-96.1703
-125.969
-155.727
-185.18
-213.867
-241.35
-267.154
-290.751
-311.61
-329.243
-343.196
-353.173
-358.865
-360.226
-357.315
-350.223
-338.922
-323.369
-304.081
-282.243
-259.002
-234.85
-209.743
-183.612
-156.505
-128.355
-99.1623
-68.2935
-36.8274
-0.699081
25.7811
117.49
132.051
146.845
161.003
173.158
183.361
191.022
195.641
197.307
196.3
192.978
187.767
180.959
172.799
163.519
153.274
142.21
130.474
118.188
105.465
92.415
79.1609
65.8563
52.7615
40.2949
28.9253
18.9727
10.5468
3.69865
-1.4985
-4.99384
-6.80188
-6.95016
-5.40602
-2.10513
3.27827
11.155
23.5992
39.7707
95.3045
78.8982
59.6476
38.2182
15.808
-8.60685
-34.3327
-60.7842
-87.9967
-115.539
-143.112
-170.517
-197.361
-223.277
-247.841
-270.572
-290.969
-308.553
-322.849
-333.54
-340.28
-342.925
-341.459
-335.921
-326.29
-312.542
-295.089
-274.917
-253.046
-230.001
-205.832
-180.517
-154.119
-126.599
-97.9896
-67.6968
-36.822
-1.56045
24.5545
109.994
123.584
137.458
150.793
162.325
172.117
179.612
184.329
186.339
185.909
183.358
179.067
173.295
166.245
158.109
148.997
139.022
128.3
116.935
105.033
92.709
80.0918
67.3356
54.695
42.5679
31.3966
21.5055
13.045
6.09612
0.743581
-2.94738
-4.97126
-5.34276
-4.01914
-0.930122
4.23753
11.8651
23.8308
39.1052
89.1201
73.7843
55.7994
35.8115
14.9879
-7.67719
-31.5235
-56.0021
-81.1813
-106.678
-132.236
-157.717
-182.786
-207.138
-230.408
-252.163
-271.941
-289.278
-303.704
-314.873
-322.427
-326.133
-325.92
-321.782
-313.693
-301.631
-285.919
-267.365
-246.866
-224.953
-201.751
-177.282
-151.626
-124.768
-96.7711
-67.0965
-36.8224
-2.50236
23.1928
102.88
115.616
128.667
141.267
152.233
161.64
168.956
173.717
175.988
176.018
174.098
170.578
165.689
159.606
152.488
144.415
135.465
125.728
115.285
104.225
92.6608
80.7171
68.5467
56.3957
44.6453
33.7164
23.9333
15.4772
8.45761
2.97337
-0.896253
-3.12601
-3.71613
-2.61329
0.259412
5.20105
12.5619
24.0225
38.4083
83.2295
68.8489
51.995
33.2948
13.8844
-7.21899
-29.3864
-52.0962
-75.4432
-99.0785
-122.786
-146.471
-169.85
-192.67
-214.627
-235.336
-254.37
-271.299
-285.662
-297.095
-305.251
-309.825
-310.696
-307.817
-301.15
-290.662
-276.596
-259.608
-240.474
-219.71
-197.5
-173.906
-149.023
-122.859
-95.504
-66.4849
-36.8447
-3.5152
21.7016
96.1576
108.13
120.441
132.376
142.826
151.866
158.994
163.763
166.226
166.624
165.223
162.346
158.208
152.964
146.747
139.614
131.618
122.822
113.282
103.07
92.2834
81.0414
69.4888
57.8601
46.5222
35.8785
26.2494
17.8383
10.7811
5.19183
1.16373
-1.25852
-2.05986
-1.17712
1.47416
6.17732
13.251
24.1798
37.6841
77.6457
64.1248
48.2893
30.7479
12.6049
-7.09799
-27.7549
-48.8742
-70.5642
-92.5046
-114.514
-136.533
-158.32
-179.671
-200.326
-219.951
-238.162
-254.561
-268.713
-280.239
-288.806
-294.065
-295.852
-294.084
-288.708
-279.675
-267.155
-251.672
-233.884
-214.281
-193.085
-170.391
-146.309
-120.872
-94.191
-65.8604
-36.8955
-4.58924
20.0907
89.8247
101.106
112.747
124.078
134.05
142.739
149.676
154.42
157.022
157.712
156.737
154.399
150.9
146.381
140.957
134.671
127.552
119.64
110.97
101.594
91.5925
81.0706
70.1606
59.0824
48.1889
37.8698
28.4381
20.1124
13.0512
7.38439
3.2191
0.618655
-0.385681
0.278704
2.70463
7.15857
13.9269
24.3024
36.9364
72.3706
59.6303
44.7178
28.2269
11.2266
-7.20985
-26.502
-46.1841
-66.3713
-86.7687
-107.224
-127.702
-147.997
-167.945
-187.331
-205.863
-223.201
-238.982
-252.8
-264.275
-273.087
-278.869
-281.415
-280.616
-276.4
-268.702
-257.627
-243.582
-227.114
-208.674
-188.507
-166.737
-143.486
-118.805
-92.8304
-65.22
-36.971
-5.71438
18.382
83.8698
94.5247
105.552
116.329
125.856
134.21
140.952
145.649
148.347
149.267
148.643
146.756
143.801
139.907
135.18
129.648
123.328
116.239
108.397
99.8335
90.6102
80.8152
70.5643
60.0601
49.641
39.6822
30.4886
22.2881
15.2574
9.54208
5.26282
2.50064
1.30339
1.7525
3.94974
8.14383
14.589
24.3925
36.1689
67.4013
55.3724
41.3018
25.7693
9.80625
-7.47988
-25.5346
-43.9108
-62.7317
-81.7242
-100.755
-119.807
-138.711
-157.332
-175.494
-192.946
-209.387
-224.49
-237.879
-249.188
-258.101
-264.26
-267.419
-267.449
-264.266
-257.782
-248.047
-235.365
-220.183
-202.902
-183.776
-162.948
-140.553
-116.66
-91.424
-64.5667
-37.0667
-6.88568
16.6015
78.2783
88.3611
98.8246
109.088
118.2
126.233
132.777
137.409
140.168
141.271
140.934
139.425
136.934
133.58
129.461
124.6
119.001
112.671
105.607
97.8239
89.3624
80.2914
70.7079
60.795
50.8744
41.3079
32.3903
24.3531
17.3877
11.6537
7.28495
4.37894
3.00019
3.2384
5.20462
9.12941
15.2354
24.4524
35.3862
62.7293
51.353
38.0566
23.4002
8.3856
-7.85238
-24.7773
-41.9651
-59.5391
-77.2465
-94.9696
-112.71
-130.319
-147.693
-164.686
-181.082
-196.621
-211.007
-223.897
-234.945
-243.841
-250.247
-253.887
-254.615
-252.338
-246.95
-238.449
-227.052
-213.112
-196.978
-178.898
-159.029
-137.513
-114.435
-89.9692
-63.8973
-37.1773
-8.09523
14.7705
73.0334
82.59
92.533
102.319
111.04
118.765
125.112
129.664
132.458
133.702
133.602
132.411
130.314
127.426
123.839
119.571
114.621
108.984
102.645
95.6014
87.8758
79.5173
70.6021
61.2911
51.8886
42.7418
34.1341
26.2966
19.4306
13.7082
9.27546
6.24511
4.69774
4.73086
6.46474
10.1119
15.8637
24.4842
34.5927
58.343
47.569
34.9858
21.1381
6.99205
-8.28368
-24.1748
-40.2739
-56.7086
-73.2387
-89.7614
-106.29
-122.698
-138.903
-154.786
-170.163
-184.808
-198.458
-210.801
-221.516
-230.296
-236.835
-240.836
-242.141
-240.648
-236.239
-228.868
-218.674
-205.927
-190.919
-173.885
-154.985
-134.369
-112.133
-88.4672
-63.2132
-37.3013
-9.33651
12.9005
68.1175
77.1874
86.648
95.9876
104.337
111.77
117.918
122.381
125.186
126.539
126.633
125.71
123.95
121.465
118.342
114.599
110.229
105.221
99.5509
93.2019
86.1795
78.5134
70.2589
61.5551
52.6855
43.9811
35.713
28.1088
21.3755
15.6951
11.2246
8.09063
6.38891
6.22422
7.72569
11.0882
16.4734
24.491
33.7939
54.2307
44.0155
32.0926
18.992
5.64723
-8.74346
-23.6832
-38.7844
-54.1728
-69.622
-85.0394
-100.45
-115.743
-130.854
-145.689
-160.09
-173.861
-186.77
-198.536
-208.861
-217.449
-224.024
-228.279
-230.048
-229.224
-225.682
-219.336
-210.26
-198.65
-184.741
-168.746
-150.824
-131.123
-109.754
-86.9164
-62.5101
-37.4352
-10.5999
10.9948
63.5128
72.1312
81.1415
90.062
98.0605
105.21
111.163
115.527
118.328
119.762
120.016
119.319
117.847
115.71
112.993
109.711
105.859
101.42
96.3625
90.6599
84.3028
77.3033
69.6961
61.5975
53.2689
45.0244
37.1213
29.7808
23.2117
17.6033
13.1216
9.90568
8.06518
7.71133
8.98161
12.0541
17.062
24.4749
32.9934
50.3791
40.6835
29.3755
16.9689
4.36501
-9.20753
-23.2702
-37.4517
-51.8771
-66.3311
-80.7319
-95.1098
-109.369
-123.461
-137.308
-150.779
-163.704
-175.877
-187.047
-196.942
-205.278
-211.807
-216.223
-218.354
-218.094
-215.309
-209.886
-201.844
-191.31
-178.466
-163.498
-146.554
-127.783
-107.302
-85.3185
-61.7883
-37.5771
-11.8771
9.05431
59.203
67.3994
75.9878
84.5131
92.1786
99.0564
104.817
109.077
111.858
113.352
113.737
113.231
112.006
110.17
107.807
104.932
101.541
97.613
93.1139
88.0082
82.2751
75.911
68.9319
61.4302
53.6452
45.8728
38.3558
31.3059
24.9305
19.4229
14.9568
11.6813
9.7187
9.18592
10.2276
13.0065
17.6292
24.4395
32.1973
46.7752
37.5651
26.8303
15.071
3.15517
-9.65873
-22.9091
-36.2416
-49.7764
-63.3128
-76.7749
-90.1993
-103.5
-116.641
-129.564
-142.152
-154.262
-165.714
-176.282
-185.721
-193.758
-200.172
-204.668
-207.072
-207.276
-205.147
-200.55
-193.455
-183.933
-172.115
-158.153
-142.185
-124.353
-104.777
-83.6725
-61.0438
-37.7225
-13.1568
7.08228
55.1701
62.971
71.1624
79.3154
86.6639
93.2806
98.851
103.003
105.754
107.29
107.781
107.436
106.424
104.85
102.796
100.28
97.2973
93.828
89.8349
85.2773
80.1251
74.3614
67.985
61.0666
53.8229
46.5301
39.4148
32.6783
26.5232
21.144
16.7196
13.4072
11.34
10.64
11.4572
13.9408
18.1727
24.3868
31.4094
43.4058
34.6501
24.4527
13.2987
2.0227
-10.0846
-22.581
-35.126
-47.8381
-60.5247
-73.119
-85.6598
-98.0719
-110.329
-122.384
-134.14
-145.471
-156.223
-166.191
-175.156
-182.863
-189.107
-193.615
-196.212
-196.791
-195.222
-191.356
-185.124
-176.547
-165.709
-152.731
-137.73
-120.841
-102.185
-81.9804
-60.2763
-37.8681
-14.4309
5.08806
51.3971
58.8271
66.6446
74.4448
81.4918
87.8572
93.2407
97.281
99.9925
101.557
102.135
101.927
101.097
99.7512
97.9674
95.7675
93.1473
90.0879
86.5513
82.4942
77.8793
72.6788
66.8764
60.5233
53.8129
47.0014
40.2992
33.8944
27.9831
22.7582
18.4007
15.0743
12.9207
12.0666
12.6649
14.8537
18.6927
24.3203
30.6354
40.258
31.9292
22.2364
11.6501
0.972069
-10.4762
-22.2704
-34.0843
-46.032
-57.9324
-69.7229
-81.4452
-93.0317
-104.465
-115.709
-126.68
-137.272
-147.346
-156.725
-165.207
-172.561
-178.593
-183.057
-185.777
-186.651
-185.555
-182.331
-176.879
-169.179
-159.273
-147.247
-133.2
-117.254
-99.5295
-80.2417
-59.4818
-38.007
-15.6882
3.08741
47.8693
54.9492
62.4141
69.8805
76.6391
82.7615
87.9622
91.8893
94.5556
96.1364
96.7845
96.692
96.0203
94.8724
93.3259
91.4045
89.1056
86.412
83.2865
79.684
75.5629
70.8869
65.6273
59.8169
53.6272
47.2938
41.0107
34.9522
29.3047
24.2569
19.9906
16.6724
14.4508
13.4569
13.8439
15.7404
19.187
24.2417
29.8788
37.3189
29.3926
20.1749
10.122
0.00482351
-10.8275
-21.9658
-33.098
-44.3357
-55.5056
-66.5501
-77.5124
-88.3326
-98.9993
-109.485
-119.719
-129.609
-139.035
-147.839
-155.838
-162.825
-168.613
-172.986
-175.769
-176.868
-176.165
-173.499
-168.749
-161.857
-152.831
-141.723
-128.611
-113.603
-96.8152
-78.4594
-58.6588
-38.1342
-16.9202
1.09818
44.5718
51.3215
58.4527
65.6009
72.0835
77.9721
82.9943
86.8082
89.4237
91.0106
91.7152
91.7214
91.1867
90.2119
88.8737
87.1977
85.1834
82.8157
80.0587
76.8679
73.1984
69.0076
64.2574
58.9646
53.2789
47.4165
41.5539
35.8513
30.484
25.6343
21.4812
18.193
15.9224
14.8037
14.9886
16.5978
19.6556
24.1543
29.1446
34.5768
27.0308
18.2612
8.71058
-0.880197
-11.1345
-21.6591
-32.1554
-42.7309
-53.2208
-63.5722
-73.8282
-83.9356
-93.8888
-103.666
-113.208
-122.435
-131.243
-139.49
-147.013
-153.623
-159.146
-163.39
-166.187
-167.448
-167.068
-164.883
-160.757
-154.606
-146.405
-136.177
-123.977
-109.898
-94.0482
-76.6324
-57.8038
-38.2415
-18.116
-0.863873
41.4909
47.9282
54.7424
61.5874
67.806
73.4691
78.317
82.0183
84.5791
86.1646
86.9143
87.0044
86.5886
85.7653
84.6105
83.1507
81.3885
79.3107
76.884
74.0645
70.8061
67.0619
62.7865
57.9831
52.782
47.3791
41.9342
36.5929
31.5183
26.8839
22.8643
19.6269
17.326
16.0982
16.0916
17.4209
20.0965
24.0592
28.4354
32.0205
24.8337
16.4883
7.41156
-1.68344
-11.3951
-21.3443
-31.2451
-41.2024
-51.0581
-60.7644
-70.3636
-79.8083
-89.0963
-98.2127
-107.105
-115.708
-123.928
-131.638
-138.697
-144.928
-150.17
-154.256
-157.025
-158.396
-158.275
-156.502
-152.928
-147.451
-140.02
-130.631
-119.316
-106.15
-91.2345
-74.7656
-56.9149
-38.3233
-19.2679
-2.7847
38.6133
44.7546
51.2676
57.8233
63.7887
69.235
73.9129
77.5018
80.0054
81.5832
82.3685
82.5302
82.2176
81.5275
80.534
79.2657
77.727
75.9072
73.7754
71.2896
68.4039
65.069
61.2338
56.8907
52.1514
47.193
42.1589
37.1803
32.4069
28.0021
24.1339
20.9666
18.6539
17.3332
17.1476
18.2065
20.5099
23.9589
27.7554
29.6389
22.793
14.8484
6.22046
-2.40789
-11.6079
-21.0165
-30.3603
-39.7386
-49.0023
-58.107
-67.0948
-75.9216
-84.5904
-93.0892
-101.374
-109.389
-117.051
-124.249
-130.855
-136.711
-141.664
-145.57
-148.277
-149.714
-149.797
-148.371
-145.283
-140.417
-133.699
-125.103
-114.641
-102.371
-88.3811
-72.8584
-55.9888
-38.3724
-20.3648
-4.6531
35.9265
41.7872
48.0135
54.2927
60.0154
65.2525
69.765
73.2428
75.6871
77.2522
78.0655
78.2882
78.0661
77.4929
76.6421
75.5429
74.2023
72.6115
70.7429
68.5565
66.0074
63.046
59.6169
55.7036
51.4015
46.8697
42.2361
37.6174
33.15
28.9857
25.2842
22.2042
19.8976
18.5003
18.1496
18.9499
20.8935
23.854
27.1059
27.4214
20.8989
13.3349
5.13183
-3.05549
-11.7741
-20.6734
-29.4935
-38.3298
-47.0401
-55.5824
-63.9998
-72.2515
-80.3421
-88.2647
-95.9817
-103.444
-110.579
-117.289
-123.457
-128.944
-133.605
-137.315
-139.935
-141.4
-141.638
-140.504
-137.841
-133.523
-127.464
-119.616
-109.972
-98.5725
-85.4968
-70.9154
-55.0242
-38.3809
-21.3992
-6.45638
33.4193
39.013
44.966
50.9803
56.4705
61.5059
65.8579
69.2258
71.6096
73.1582
73.9928
74.2677
74.1246
73.6549
72.9298
71.9806
70.8156
69.4286
67.7944
65.8761
63.6307
61.0082
57.9517
54.4376
50.5466
46.4212
42.1749
37.9102
33.7499
29.8336
26.3111
23.3345
21.0506
19.5933
19.0924
19.6481
21.2476
23.7464
26.4899
25.3586
19.1432
11.9407
4.14044
-3.63008
-11.893
-20.3128
-28.6407
-36.9679
-45.1595
-53.1766
-61.061
-68.7759
-76.3277
-83.7123
-90.8976
-97.8414
-104.48
-110.726
-116.475
-121.602
-125.972
-129.477
-131.988
-133.451
-133.804
-132.91
-130.616
-126.79
-121.335
-114.188
-105.325
-94.7686
-82.5878
-68.9386
-54.0177
-38.3428
-22.3612
-8.18306
31.0805
36.4199
42.112
47.8732
53.1399
57.9806
62.177
65.4369
67.7596
69.2882
70.1387
70.4585
70.3843
70.0062
69.3928
68.5767
67.5677
66.3613
64.9357
63.2571
61.2843
58.9686
56.2527
53.1076
49.601
45.8602
41.9851
38.0651
34.2096
30.5454
27.2117
24.3516
22.1061
20.6047
19.9695
20.2965
21.5698
23.6356
25.907
23.4406
17.5175
10.6587
3.24106
-4.13451
-11.9673
-19.9343
-27.7984
-35.6475
-43.3529
-50.878
-58.2643
-65.478
-72.5264
-79.4087
-86.0969
-92.5549
-98.7259
-104.533
-109.882
-114.66
-118.743
-122.038
-124.426
-125.862
-126.295
-125.598
-123.622
-120.236
-115.332
-108.838
-100.715
-90.9722
-79.6643
-66.9318
-52.969
-38.2519
-23.2441
-9.8217
28.8998
33.997
39.4398
44.9582
50.0104
54.6635
58.7084
61.8631
64.1244
65.6306
66.4921
66.85
66.8368
66.5395
66.0254
65.3273
64.4569
63.411
62.1712
60.7065
58.978
56.9392
54.5332
51.7272
48.5781
45.1989
41.677
38.0899
34.5337
31.1227
27.9843
25.2522
23.0594
21.5295
20.7768
20.8925
21.8599
23.5227
25.359
21.659
16.0142
9.48238
2.42839
-4.57322
-11.9981
-19.5376
-26.9651
-34.3643
-41.6128
-48.6771
-55.5971
-62.3422
-68.9204
-75.3336
-81.5572
-87.5599
-93.2917
-98.6837
-103.652
-108.095
-111.899
-114.981
-117.236
-118.627
-119.11
-118.573
-116.87
-113.873
-109.471
-103.583
-96.1599
-87.1955
-76.7337
-64.8981
-51.8764
-38.1021
-24.0401
-11.3629
26.8673
31.7337
36.9379
42.2235
47.0696
51.5417
55.44
58.4916
60.6915
62.1735
63.0423
63.4331
63.4733
63.2476
62.8216
62.2287
61.4811
60.5781
59.5035
58.2289
56.7192
54.9295
52.8047
50.3093
47.4906
44.4491
41.261
37.9925
34.7276
31.5677
28.6287
26.0332
23.9056
22.3623
21.5088
21.4321
22.1156
23.4064
24.8441
20.0049
14.6252
8.40531
1.69715
-4.94914
-11.9881
-19.1229
-26.1377
-33.1135
-39.9327
-46.565
-53.0485
-59.3553
-65.4947
-71.4692
-77.2585
-82.8348
-88.1547
-93.1561
-97.7636
-101.886
-105.42
-108.29
-110.406
-111.737
-112.248
-111.837
-110.368
-107.716
-103.769
-98.441
-91.6741
-83.452
-73.8058
-62.8428
-50.7394
-37.8891
-24.7431
-12.7967
24.9741
29.6199
34.5959
39.6581
44.3061
48.6038
52.3601
55.3108
57.45
58.9062
59.7791
60.1975
60.2847
60.1229
59.7753
59.2758
58.6375
57.8612
56.9333
55.8283
54.5138
52.9477
51.0769
48.8647
46.3501
43.6222
40.7475
37.7818
34.7976
31.8845
29.146
26.6936
24.642
23.0995
22.1626
21.9131
22.3365
23.287
24.3626
18.4705
13.344
7.42115
1.04238
-5.26676
-11.9393
-18.691
-25.3168
-31.8925
-38.3081
-44.5346
-50.6089
-56.5055
-62.2345
-67.7997
-73.1831
-78.361
-83.2948
-87.9285
-92.1952
-96.0121
-99.2861
-101.949
-103.923
-105.183
-105.704
-105.392
-104.122
-101.773
-98.2374
-93.4247
-87.272
-79.7531
-70.8886
-60.7695
-49.5584
-37.6079
-25.3475
-14.1166
23.2112
27.6465
32.4039
37.2519
41.7092
45.8387
49.4573
52.3098
54.3889
55.818
56.6922
57.1342
57.2627
57.1576
56.88
56.4636
55.9223
55.2587
54.4609
53.5067
52.3661
51.0003
49.3583
47.4032
45.1674
42.7294
40.1469
37.4667
34.751
32.0775
29.5381
27.233
25.2663
23.7375
22.7342
22.3322
22.52
23.1622
23.911
17.0484
12.1633
6.52406
0.458929
-5.52942
-11.8546
-18.2435
-24.5008
-30.6999
-36.7353
-42.5805
-48.2713
-53.784
-59.129
-64.3114
-69.3156
-74.1208
-78.6929
-82.982
-86.9275
-90.4548
-93.4804
-95.9419
-97.7741
-98.9568
-99.4719
-99.2367
-98.1354
-96.0538
-92.8877
-88.5477
-82.9666
-76.111
-67.9917
-58.684
-48.3345
-37.2567
-25.85
-15.316
21.5707
25.8045
30.3527
34.9947
39.2687
43.2361
46.7214
49.4782
51.4979
52.899
53.7724
54.2341
54.3993
54.3445
54.1294
53.7866
53.3318
52.7679
52.0858
51.2651
50.2796
49.0925
47.6561
45.9337
43.9521
41.7807
39.469
37.0564
34.5951
32.1524
29.8087
27.6529
25.7783
24.275
23.2219
22.6882
22.6658
23.0316
23.4887
15.7313
11.0769
5.70819
-0.0578813
-5.7415
-11.7362
-17.7811
-23.6904
-29.5338
-35.2109
-40.6977
-46.0285
-51.1814
-56.1675
-60.9922
-65.6422
-70.0991
-74.3329
-78.2989
-81.9425
-85.1966
-87.9857
-90.2539
-91.9458
-93.0469
-93.5454
-93.3685
-92.4097
-90.5628
-87.7286
-83.8205
-78.7692
-72.5361
-65.123
-56.5909
-47.0689
-36.8332
-26.2472
-16.3914
20.0447
24.086
28.4334
32.8779
36.9756
40.7864
44.1426
46.8061
48.7674
50.1401
51.0105
51.4889
51.6859
51.6762
51.5161
51.2397
50.8611
50.3862
49.806
49.1044
48.2559
47.2282
45.9761
44.4638
42.7131
40.7854
38.7236
36.5598
34.338
32.1156
29.962
27.9553
26.178
24.7105
23.6234
22.9785
22.7715
22.8922
23.091
14.5124
10.0784
4.96813
-0.5129
-5.90609
-11.5875
-17.3061
-22.8856
-28.393
-33.7325
-38.8821
-43.875
-48.6908
-53.3408
-57.8312
-62.1504
-66.2821
-70.2
-73.8636
-77.2244
-80.2212
-82.7863
-84.8698
-86.4254
-87.4431
-87.9169
-87.7829
-86.9443
-85.3034
-82.7672
-79.2524
-74.6902
-69.0382
-62.2911
-54.496
-45.7646
-36.3368
-26.5381
-17.3389
18.6263
22.4831
26.6383
30.8927
34.8207
38.4805
41.7117
44.2846
46.1883
47.5319
48.3976
48.8899
49.1152
49.145
49.0346
48.8164
48.5062
48.1093
47.6201
47.0232
46.2968
45.4107
44.3231
42.9997
41.4579
39.7522
37.9195
35.986
33.988
31.9739
30.0034
28.144
26.4676
25.045
23.9387
23.2028
22.8365
22.7431
22.7161
13.3855
9.16226
4.29863
-0.910289
-6.02754
-11.4104
-16.8196
-22.0872
-27.2766
-32.298
-37.1304
-41.8059
-46.3058
-50.6413
-54.8193
-58.8292
-62.6577
-66.2805
-69.6617
-72.7574
-75.5132
-77.8674
-79.7757
-81.1997
-82.1338
-82.5777
-82.4747
-81.7377
-80.2772
-78.0078
-74.8503
-70.7378
-65.6261
-59.5032
-52.4047
-44.4245
-35.7681
-26.7218
-18.1576
17.3082
20.9887
24.9591
29.0313
32.7959
36.31
39.4202
41.9048
43.752
45.0663
45.9255
46.429
46.6788
46.744
46.6776
46.5114
46.2615
45.9341
45.525
45.0208
44.4023
43.6417
42.7008
41.5467
40.1933
38.6889
37.0653
35.3435
33.5532
31.7349
29.9391
28.2233
26.6496
25.2794
24.1672
23.3598
22.859
22.5811
22.3587
12.3445
8.32248
3.69483
-1.25454
-6.10875
-11.2082
-16.3235
-21.2953
-26.1847
-30.9058
-35.4397
-39.817
-44.0206
-48.062
-51.9478
-55.6693
-59.2146
-62.5624
-65.6802
-68.5285
-71.0583
-73.2146
-74.9576
-76.2561
-77.1086
-77.5188
-77.4373
-76.7861
-75.4841
-73.4532
-70.6194
-66.9193
-62.3073
-56.767
-50.3232
-43.0525
-35.1291
-26.7998
-18.8468
16.0842
19.5958
23.3892
27.2857
30.8932
34.2668
37.2598
39.6585
41.4503
42.7349
43.5863
44.0987
44.3699
44.4662
44.4388
44.3188
44.1224
43.8563
43.5178
43.0956
42.5721
41.9229
41.1124
40.1093
38.9252
37.6027
36.169
34.6408
33.042
31.4063
29.7756
28.1987
26.7282
25.4165
24.3105
23.4499
22.8385
22.4048
22.0166
11.3837
7.55433
3.15188
-1.54968
-6.15365
-10.983
-15.8195
-20.5114
-25.1167
-29.5546
-33.8072
-37.9044
-41.8303
-45.5962
-49.2092
-52.6615
-55.943
-59.0343
-61.9066
-64.5244
-66.8434
-68.8147
-70.4026
-71.5824
-72.3559
-72.7304
-72.6634
-72.0849
-70.9222
-69.1044
-66.5635
-63.2397
-59.0881
-54.0886
-48.2565
-41.6529
-34.4223
-26.7739
-19.4084
14.9482
18.298
21.9215
25.6494
29.1055
32.3435
35.2231
37.5382
39.2755
40.5302
41.3725
41.8916
42.181
42.305
42.3121
42.2329
42.0837
41.8718
41.5955
41.2453
40.8058
40.2548
39.5597
38.6913
37.6588
36.4998
35.2378
33.8857
32.4626
30.9959
29.5203
28.0764
26.7081
25.4595
24.3702
23.4732
22.7738
22.211
21.6839
10.4977
6.85241
2.66544
-1.7997
-6.16501
-10.738
-15.3094
-19.7359
-24.0728
-28.2433
-32.2313
-36.0653
-39.7306
-43.2388
-46.5967
-49.7978
-52.8334
-55.6862
-58.3302
-60.7334
-62.8563
-64.655
-66.0982
-67.1663
-67.8645
-68.203
-68.145
-67.6281
-66.588
-64.9605
-62.6841
-59.703
-55.9738
-51.4739
-46.2108
-40.2308
-33.652
-26.6477
-19.8439
13.8945
17.0892
20.5499
24.1155
27.4258
30.5328
33.3026
35.5365
37.2203
38.445
39.2769
39.8007
40.1058
40.2538
40.2913
40.2481
40.1406
39.9763
39.7547
39.4678
39.102
38.6374
38.0444
37.2957
36.3983
35.386
34.2785
33.0857
31.8228
30.5116
29.1806
27.863
26.5949
25.4127
24.3492
23.4314
22.665
21.9984
21.3584
9.6814
6.2124
2.23118
-2.00819
-6.14643
-10.4751
-14.7949
-18.9702
-23.053
-26.9712
-30.71
-34.2966
-37.7177
-40.9844
-44.1043
-47.0712
-49.8777
-52.5085
-54.9404
-57.1444
-59.0851
-60.7234
-62.0322
-62.9961
-63.6234
-63.9262
-63.8733
-63.4091
-62.4769
-61.0195
-58.9815
-56.3115
-52.9684
-48.928
-44.191
-38.7914
-32.8226
-26.4254
-20.1582
12.9176
15.9638
19.2681
22.6778
25.8476
28.8283
31.4918
33.6465
35.2777
36.4722
37.2928
37.8194
38.1376
38.3064
38.3706
38.359
38.2881
38.1656
37.9919
37.7603
37.4591
37.0705
36.5675
35.9247
35.1478
34.2662
33.297
32.2479
31.1302
29.9614
28.7644
27.5657
26.3948
25.2811
24.251
23.3259
22.5116
21.7643
21.0343
8.93011
5.62948
1.84524
-2.17882
-6.10025
-10.197
-14.2779
-18.2148
-22.0574
-25.7375
-29.2415
-32.5957
-35.7878
-38.8288
-41.7262
-44.4748
-47.0683
-49.493
-51.7278
-53.7472
-55.519
-57.009
-58.1931
-59.0604
-59.6212
-59.8895
-59.839
-59.4203
-58.5833
-57.2779
-55.4545
-53.0664
-50.0749
-46.4551
-42.2028
-37.3401
-31.9397
-26.1127
-20.3551
12.0124
14.9163
18.0706
21.3303
24.3648
27.2235
29.784
31.8617
33.4413
34.6056
35.4138
35.9413
36.2702
36.4569
36.5443
36.5605
36.5215
36.4355
36.3036
36.1204
35.8757
35.5535
35.1295
34.5804
33.9102
33.1448
32.2992
31.3788
30.3923
29.353
28.2792
27.192
26.1145
25.0702
24.0796
23.1594
22.3145
21.5077
20.7098
8.23926
5.09988
1.50368
-2.31471
-6.03008
-9.90566
-13.7597
-17.4709
-21.0863
-24.5416
-27.8247
-30.9604
-33.9379
-36.7678
-39.4574
-42.0026
-44.398
-46.6312
-48.6836
-50.5319
-52.1477
-53.5007
-54.57
-55.3481
-55.8472
-56.0829
-56.0328
-55.6536
-54.9011
-53.7315
-52.101
-49.9676
-47.2951
-44.0589
-40.2505
-35.8827
-31.0095
-25.7156
-20.4412
11.1741
13.9417
16.9521
20.0675
22.9717
25.7125
28.1732
30.176
31.7049
32.8387
33.6336
34.1605
34.4979
34.6998
34.8072
34.8474
34.8362
34.7819
34.6864
34.5452
34.3495
34.0855
33.7309
33.2642
32.6881
32.0257
31.29
30.4847
29.616
28.694
27.733
26.7494
25.761
24.786
23.8397
22.9344
22.0741
21.2269
20.3796
7.6046
4.61938
1.20304
-2.41912
-5.93789
-9.60344
-13.2421
-16.7391
-20.1398
-23.3831
-26.4581
-29.3887
-32.165
-34.7974
-37.2933
-39.6491
-41.8603
-43.916
-45.7993
-47.4897
-48.9616
-50.1883
-51.1519
-51.848
-52.2905
-52.4959
-52.4452
-52.1004
-51.4229
-50.3747
-48.9175
-47.0136
-44.6299
-41.7422
-38.3388
-34.4248
-30.0384
-25.2412
-20.4224
10.3983
13.0353
15.9075
18.8842
21.6628
24.2899
26.6539
28.5837
30.0626
31.166
31.9467
32.4714
32.8152
33.0298
33.1542
33.2151
33.2279
33.2009
33.1368
33.032
32.8791
32.6655
32.3715
31.977
31.4839
30.9126
30.2742
29.5712
28.8078
27.9916
27.1333
26.2455
25.3415
24.4348
23.5364
22.6546
21.7921
20.9212
20.0427
7.02218
4.18454
0.93997
-2.49487
-5.82664
-9.29201
-12.7262
-16.0206
-19.2182
-22.2614
-25.1405
-27.8784
-30.4662
-32.914
-35.2293
-37.4089
-39.4491
-41.3402
-43.0673
-44.6118
-45.9512
-47.062
-47.9288
-48.5501
-48.9408
-49.1182
-49.0664
-48.7518
-48.1412
-47.2017
-45.8999
-44.2024
-42.0791
-39.5068
-36.4716
-32.9721
-29.033
-24.6968
-20.3066
9.68071
12.1925
14.932
17.7754
20.4329
22.9502
25.2205
27.0791
28.5091
29.582
30.3475
30.8687
31.2169
31.4418
31.5806
31.6591
31.6924
31.6889
31.6517
31.5783
31.4621
31.2923
31.051
30.7197
30.2995
29.8083
29.2558
28.6435
27.974
27.2527
26.4876
25.6878
24.8632
24.0232
23.175
22.3235
21.4701
20.59
19.6947
6.48823
3.79165
0.711339
-2.5448
-5.69817
-8.97369
-12.2137
-15.316
-18.3215
-21.1761
-23.8709
-26.4279
-28.8391
-31.1145
-33.2612
-35.2768
-37.1584
-38.8972
-40.48
-41.8903
-43.1079
-44.1123
-44.8908
-45.4439
-45.7877
-45.9397
-45.8865
-45.5989
-45.0479
-44.2057
-43.0432
-41.531
-39.642
-37.3542
-34.6523
-31.5298
-28.0005
-24.0902
-20.101
9.01735
11.4092
14.0213
16.7364
19.2773
21.6884
23.8679
25.6573
27.0391
28.0815
28.8311
29.3472
29.6982
29.9312
30.0819
30.1751
30.2258
30.2423
30.2281
30.1814
30.0968
29.9647
29.769
29.4929
29.1364
28.7155
28.2386
27.7064
27.1202
26.4838
25.8028
25.0837
24.3332
23.5577
22.7611
21.9453
21.1103
20.2335
19.3354
5.99924
3.43766
0.51422
-2.57142
-5.55518
-8.64973
-11.7056
-14.6262
-17.4501
-20.1267
-22.6481
-25.0353
-27.2811
-29.3955
-31.3851
-33.2485
-34.9829
-36.5809
-38.0306
-39.3173
-40.4231
-41.3304
-42.0285
-42.5199
-42.8213
-42.9503
-42.8958
-42.6322
-42.1349
-41.3797
-40.3419
-38.9958
-37.3171
-35.2851
-32.8839
-30.1031
-26.9475
-23.4293
-19.8143
8.40442
10.6813
13.171
15.7627
18.1913
20.4999
22.5913
24.3132
25.6477
26.6595
27.3925
27.9024
28.2544
28.4936
28.6538
28.7593
28.8245
28.8578
28.8631
28.839
28.7814
28.6815
28.5252
28.2969
27.996
27.6366
27.2261
26.7642
26.2519
25.6912
25.0858
24.4401
23.7586
23.0449
22.3003
21.5242
20.7151
19.8521
18.9614
5.55186
3.11929
0.345829
-2.57717
-5.39919
-8.32207
-11.2031
-13.9514
-16.6039
-19.1127
-21.471
-23.699
-25.79
-27.7539
-29.5973
-31.3191
-32.9172
-34.3851
-35.7121
-36.8853
-37.889
-38.7076
-39.3327
-39.7683
-40.0316
-40.14
-40.0845
-39.8426
-39.3934
-38.7163
-37.7901
-36.5925
-35.1021
-33.2996
-31.1688
-28.6966
-25.8806
-22.7222
-19.4544
7.83838
10.0051
12.3773
14.8504
17.1707
19.3803
21.3864
23.0424
24.3303
25.3116
26.0273
26.5297
26.8812
27.1247
27.2925
27.4079
27.4851
27.5323
27.5538
27.5489
27.5139
27.4416
27.3191
27.132
26.8794
26.5737
26.221
25.8213
25.374
24.8803
24.3427
23.7639
23.1462
22.4911
21.7982
21.0647
20.2874
19.4467
18.5739
5.14292
2.83381
0.203556
-2.56431
-5.23257
-7.99191
-10.7071
-13.2926
-15.783
-18.1338
-20.3387
-22.4172
-24.3634
-26.1869
-27.8942
-29.4846
-30.9565
-32.3042
-33.5183
-34.5874
-35.4977
-36.2356
-36.7947
-37.1801
-37.4093
-37.4994
-37.4432
-37.221
-36.815
-36.2079
-35.3814
-34.3166
-32.9944
-31.3973
-29.509
-27.3146
-24.8062
-21.9766
-19.0301
7.31585
9.37695
11.6365
13.9954
16.2114
18.3254
20.2486
21.8405
23.0826
24.0333
24.7311
25.2252
25.5746
25.8208
25.9942
26.1174
26.2043
26.263
26.2979
26.3088
26.2929
26.2438
26.15
25.9986
25.7878
25.5286
25.2265
24.8809
24.4908
24.0566
23.5796
23.0612
22.5023
21.9028
21.2605
20.5711
19.8302
19.0186
18.1703
4.76951
2.57834
0.0849703
-2.53499
-5.05668
-7.6609
-10.2188
-12.6498
-14.9873
-17.1892
-19.25
-21.1883
-22.9991
-24.6916
-26.2723
-27.7407
-29.0959
-30.3327
-31.4431
-32.4168
-33.2418
-33.9065
-34.4059
-34.7463
-34.9451
-35.0192
-34.9626
-34.7584
-34.3913
-33.8468
-33.1097
-32.1633
-30.9912
-29.5773
-27.9058
-25.9608
-23.7302
-21.2001
-18.5495
6.83374
8.79362
10.9449
13.1942
15.3097
17.3312
19.1741
20.7035
21.9006
22.8208
23.5001
23.9847
24.331
24.5782
24.7555
24.8847
24.9792
25.0471
25.0928
25.1168
25.1168
25.0871
25.0178
24.8967
24.7219
24.503
24.2448
23.9464
23.6065
23.2249
22.802
22.3382
21.8332
21.2857
20.6925
20.048
19.3464
18.5691
17.7525
4.42881
2.35048
-0.0122914
-2.49117
-4.87353
-7.33004
-9.73877
-12.0239
-14.2168
-16.2783
-18.2037
-20.0106
-21.6949
-23.2652
-24.7282
-26.0835
-27.3307
-28.4654
-29.4804
-30.3668
-31.1141
-31.7124
-32.1581
-32.4583
-32.6302
-32.6904
-32.6338
-32.446
-32.1139
-31.6256
-30.9682
-30.1275
-29.089
-27.8383
-26.3604
-24.6386
-22.658
-20.3999
-18.021
6.389
8.25195
10.2994
12.4431
14.4619
16.3942
18.1592
19.6275
20.7804
21.67
22.3303
22.8047
23.1465
23.3935
23.5733
23.7067
23.807
23.882
23.9365
23.971
23.9839
23.9704
23.9216
23.8264
23.6825
23.4983
23.278
23.0207
22.7248
22.3895
22.0147
21.6001
21.1445
20.6456
20.0995
19.4998
18.8396
18.1005
17.3193
4.11828
2.14772
-0.0902712
-2.43472
-4.68433
-7.00079
-9.26801
-11.4149
-13.4714
-15.4007
-17.1988
-18.8827
-20.4486
-21.9051
-23.2586
-24.5092
-25.6566
-26.6972
-27.6247
-28.4313
-29.1079
-29.6461
-30.0436
-30.3079
-30.4561
-30.5041
-30.4479
-30.2752
-29.9748
-29.5368
-28.9505
-28.2038
-27.2842
-26.1787
-24.873
-23.3507
-21.5946
-19.5827
-17.4523
5.97897
7.74904
9.69684
11.7392
13.6646
15.5106
17.2002
18.609
19.7184
20.5776
21.2185
21.6817
22.0182
22.2636
22.4444
22.5807
22.6852
22.7656
22.8267
22.8696
22.893
22.8928
22.8611
22.7877
22.6703
22.5158
22.3283
22.1066
21.849
21.5545
21.2224
20.852
20.4413
19.9878
19.4866
18.9309
18.3128
17.6143
16.8729
3.83554
1.96797
-0.150979
-2.36729
-4.49076
-6.6739
-8.80704
-10.8232
-12.7509
-14.5556
-16.2341
-17.8027
-19.258
-20.6085
-21.8603
-23.0138
-24.0691
-25.0231
-25.8704
-26.6042
-27.2165
-27.7005
-28.0546
-28.287
-28.4144
-28.452
-28.3967
-28.2378
-27.966
-27.573
-27.0501
-26.387
-25.573
-24.5964
-23.4439
-22.0993
-20.5443
-18.7547
-16.8509
5.60106
7.28214
9.13439
11.0792
12.9147
14.6775
16.2937
17.6446
18.7111
19.5401
20.1612
20.6126
20.9427
21.1855
21.3662
21.5039
21.6112
21.6955
21.7617
21.811
21.8428
21.8533
21.8358
21.7808
21.6857
21.5567
21.3973
21.2064
20.9822
20.7234
20.4293
20.0983
19.7287
19.317
18.8584
18.3453
17.7697
17.1135
16.4134
3.57838
1.80916
-0.196197
-2.29049
-4.29384
-6.35059
-8.35651
-10.2489
-12.055
-13.7425
-15.3087
-16.7691
-18.1211
-19.3727
-20.53
-21.5937
-22.564
-23.4385
-24.2122
-24.8795
-25.4336
-25.8685
-26.1839
-26.3881
-26.4972
-26.526
-26.472
-26.3258
-26.0798
-25.7273
-25.2608
-24.6721
-23.9517
-23.0894
-22.0728
-20.8863
-19.511
-17.9215
-16.2236
5.2529
6.84878
8.60927
10.4603
12.2092
13.8914
15.4365
16.731
17.7554
18.5542
19.1554
19.5944
19.9173
20.1565
20.3359
20.4741
20.5829
20.6698
20.7396
20.7937
20.8319
20.851
20.8451
20.8054
20.7292
20.6219
20.4867
20.3223
20.1271
19.8997
19.6389
19.3435
19.0109
18.6379
18.2191
17.7472
17.2133
16.5997
15.9428
3.34472
1.66944
-0.227597
-2.20563
-4.09491
-6.0315
-7.91691
-9.6924
-11.3836
-12.9605
-14.4212
-15.7804
-17.0358
-18.1953
-19.2649
-20.2454
-21.1372
-21.9385
-22.6449
-23.2517
-23.7528
-24.1437
-24.4246
-24.6038
-24.697
-24.7183
-24.6659
-24.5316
-24.309
-23.9926
-23.5765
-23.0538
-22.4164
-21.6553
-20.7591
-19.7129
-18.4979
-17.0882
-15.5768
4.93224
6.44649
8.11906
9.87993
11.5454
13.1497
14.6258
15.8651
16.8481
17.617
18.198
18.6241
18.9391
19.1739
19.3512
19.4887
19.5981
19.6864
19.7586
19.8162
19.8592
19.8851
19.8885
19.8615
19.8012
19.7124
19.5977
19.4562
19.2862
19.0861
18.8549
18.591
18.2921
17.9544
17.5731
17.1402
16.647
16.076
15.4623
3.13262
1.54701
-0.246721
-2.1141
-3.89485
-5.71753
-7.4887
-9.15348
-10.7363
-12.2092
-13.5707
-14.8349
-16
-17.0737
-18.0618
-18.9652
-19.7848
-20.5187
-21.1636
-21.7152
-22.1685
-22.5197
-22.7697
-22.9269
-23.0063
-23.0214
-22.9709
-22.8476
-22.6463
-22.3624
-21.9912
-21.5271
-20.9632
-20.2916
-19.5018
-18.58
-17.5078
-16.2593
-14.9163
4.63696
6.07308
7.66126
9.33554
10.9204
12.4495
13.8587
15.0442
15.9864
16.7257
17.2864
17.6993
18.0058
18.2354
18.4097
18.5458
18.6548
18.7436
18.8171
18.877
18.9236
18.9546
18.9655
18.9489
18.902
18.8287
18.7316
18.6097
18.4615
18.2854
18.0802
17.8445
17.5758
17.2707
16.9239
16.5279
16.0737
15.5444
14.9739
2.94024
1.44024
-0.255002
-2.01705
-3.69476
-5.4092
-7.07218
-8.63237
-10.1128
-11.4877
-12.7559
-13.9311
-15.0119
-16.0056
-16.9179
-17.75
-18.5027
-19.1748
-19.7634
-20.2648
-20.6748
-20.9904
-21.2129
-21.3507
-21.4182
-21.4282
-21.3798
-21.2669
-21.0848
-20.8301
-20.4991
-20.0871
-19.5883
-18.9957
-18.3001
-17.4883
-16.5429
-15.4386
-14.2473
4.36509
5.72639
7.23377
8.82469
10.332
11.7885
13.1324
14.2655
15.1676
15.8776
16.418
16.8173
17.1148
17.3387
17.5093
17.6432
17.7511
17.8396
17.9135
17.9748
18.0238
18.0588
18.0755
18.0675
18.0316
17.9714
17.8893
17.7843
17.6548
17.4997
17.3175
17.1069
16.8654
16.5898
16.275
15.9134
15.4966
15.0076
14.4792
2.76589
1.34756
-0.253787
-1.91564
-3.49533
-5.1072
-6.66765
-8.12882
-9.51272
-10.7952
-11.9759
-13.0676
-14.0694
-14.9886
-15.8304
-16.5964
-17.2874
-17.9027
-18.4397
-18.8954
-19.2662
-19.5498
-19.7479
-19.8688
-19.9261
-19.932
-19.8859
-19.7825
-19.618
-19.3896
-19.0945
-18.7288
-18.2876
-17.7649
-17.1524
-16.4381
-15.6052
-14.6295
-13.5745
4.11483
5.40456
6.83442
8.34535
9.77783
11.164
12.4447
13.5267
14.3892
15.0702
15.5905
15.976
16.2642
16.4816
16.6481
16.7791
16.8852
16.9727
17.0464
17.1083
17.1588
17.1966
17.218
17.2169
17.1903
17.1411
17.0715
16.981
16.8679
16.7309
16.569
16.3807
16.1637
15.9149
15.6294
15.3002
14.9183
14.4681
13.9804
2.60801
1.26753
-0.244388
-1.8109
-3.29756
-4.81199
-6.27532
-7.64293
-8.93556
-10.1311
-11.2293
-12.2427
-13.1707
-14.0203
-14.7966
-15.5012
-16.1354
-16.6983
-17.1881
-17.6022
-17.9376
-18.1925
-18.3689
-18.4749
-18.5235
-18.5262
-18.4826
-18.3881
-18.2396
-18.035
-17.7719
-17.4474
-17.0573
-16.5965
-16.0574
-15.4292
-14.6959
-13.8349
-12.9019
3.88447
5.10575
6.46147
7.89532
9.25577
10.574
11.7931
12.8252
13.6486
14.3011
14.8016
15.1733
15.4516
15.6624
15.8241
15.9518
16.0555
16.1415
16.2144
16.2761
16.3275
16.3672
16.3922
16.3967
16.3778
16.3379
16.2791
16.2008
16.1018
15.9808
15.8367
15.6682
15.4733
15.2488
14.9902
14.6907
14.342
13.9284
13.4793
2.46519
1.19884
-0.227959
-1.70386
-3.1021
-4.52422
-5.89546
-7.17448
-8.38089
-9.49434
-10.515
-11.4549
-12.3138
-13.0985
-13.8139
-14.4616
-15.043
-15.5578
-16.0044
-16.3805
-16.6838
-16.913
-17.0702
-17.1633
-17.2045
-17.2047
-17.1637
-17.0776
-16.9437
-16.7604
-16.5261
-16.2383
-15.8936
-15.4875
-15.0133
-14.4611
-13.8162
-13.0571
-12.2334
3.6725
4.82835
6.113
7.47288
8.76382
10.0163
11.1756
12.1589
12.9436
13.5683
14.0495
14.4072
14.6755
14.8791
15.0357
15.1597
15.2605
15.3445
15.416
15.4771
15.5287
15.5697
15.5973
15.6065
15.594
15.5619
15.5123
15.4446
15.3578
15.2506
15.1223
14.9714
14.7962
14.5937
14.3597
14.0878
13.7697
13.3908
12.9784
2.33607
1.14036
-0.205526
-1.59527
-2.90964
-4.24409
-5.52808
-6.72338
-7.84816
-8.88422
-9.83182
-10.7025
-11.4967
-12.221
-12.8796
-13.4743
-14.007
-14.4774
-14.8843
-15.2258
-15.5001
-15.7062
-15.8464
-15.9282
-15.9632
-15.9616
-15.9234
-15.845
-15.7245
-15.5606
-15.352
-15.097
-14.7925
-14.4349
-14.0181
-13.5332
-12.9665
-12.2981
-11.5718
3.47747
4.57074
5.7875
7.07609
8.30018
9.48906
10.5899
11.5257
12.2718
12.8697
13.332
13.6758
13.9338
14.1301
14.2813
14.4012
14.4989
14.5803
14.65
14.71
14.7613
14.8029
14.8326
14.8455
14.8384
14.8131
14.7714
14.7129
14.6366
14.5416
14.427
14.2918
14.1342
13.9517
13.7402
13.4935
13.2041
12.8575
12.4799
2.21939
1.09095
-0.178018
-1.48592
-2.72068
-3.97199
-5.17325
-6.28925
-7.33671
-8.29976
-9.17826
-9.98378
-10.7177
-11.3855
-11.9911
-12.5367
-13.0241
-13.4536
-13.824
-14.1339
-14.3819
-14.5672
-14.6923
-14.7644
-14.7942
-14.7913
-14.756
-14.685
-14.5768
-14.4303
-14.245
-14.0192
-13.7506
-13.436
-13.07
-12.6446
-12.1472
-11.5594
-10.9199
3.29791
4.33154
5.48341
6.70362
7.86337
8.99062
10.0345
10.9237
11.6309
12.2032
12.6475
12.9772
13.2248
13.4137
13.5596
13.6752
13.7694
13.8481
13.9155
13.9739
14.0243
14.0661
14.0972
14.1131
14.1107
14.0913
14.0565
14.0061
13.939
13.8546
13.7522
13.6308
13.489
13.3244
13.1333
12.91
12.647
12.3307
11.9857
2.11393
1.04931
-0.146611
-1.3769
-2.53607
-3.70861
-4.83137
-5.8722
-6.84614
-7.74046
-8.55288
-9.29665
-9.97439
-10.5897
-11.1457
-11.6453
-12.0909
-12.4827
-12.8196
-13.1007
-13.3247
-13.4914
-13.6031
-13.6666
-13.6922
-13.6885
-13.6561
-13.5921
-13.4951
-13.3646
-13.2002
-13.0005
-12.7639
-12.4874
-12.1665
-11.7939
-11.3579
-10.8418
-10.2797
3.1326
4.10941
5.19954
6.35418
7.45249
8.52035
9.50857
10.3519
11.018
11.5662
11.9937
12.3091
12.5463
12.7281
12.8687
12.9801
13.0708
13.1465
13.2115
13.268
13.3171
13.3585
13.3904
13.4088
13.4104
13.3963
13.3677
13.3244
13.2656
13.1906
13.0989
12.9897
12.8619
12.7134
12.5408
12.3388
12.1003
11.8122
11.4977
2.01883
1.0147
-0.112
-1.26881
-2.35638
-3.45448
-4.50276
-5.47242
-6.37654
-7.20644
-7.95461
-8.63908
-9.26452
-9.83077
-10.3401
-10.7967
-11.2036
-11.5606
-11.8668
-12.1216
-12.3241
-12.4742
-12.5743
-12.6306
-12.6527
-12.6488
-12.6193
-12.562
-12.4755
-12.3596
-12.214
-12.0379
-11.8298
-11.5873
-11.3063
-10.9804
-10.599
-10.1466
-9.65356
2.98057
3.9033
4.93466
6.02652
7.06599
8.0763
9.01109
9.80952
10.4316
10.9573
11.3689
11.6698
11.8963
12.0711
12.2067
12.314
12.4013
12.474
12.5363
12.5907
12.6381
12.6788
12.7111
12.7314
12.7365
12.7272
12.7043
12.6677
12.6164
12.55
12.468
12.3698
12.2544
12.1203
11.9644
11.7818
11.5658
11.3039
11.0179
1.93405
0.987491
-0.0733569
-1.16045
-2.18023
-3.20773
-4.18576
-5.08839
-5.92667
-6.69528
-7.38225
-8.01225
-8.58974
-9.10936
-9.57374
-9.9896
-10.3602
-10.6848
-10.9624
-11.1928
-11.3755
-11.5106
-11.6004
-11.6505
-11.6699
-11.6661
-11.6398
-11.5887
-11.512
-11.4094
-11.2809
-11.1259
-10.9434
-10.7311
-10.4857
-10.2013
-9.86842
-9.47278
-9.04121
2.84152
3.71262
4.68715
5.71786
6.7001
7.65347
8.53635
9.29119
9.87254
10.3799
10.7752
11.0599
11.2752
11.4431
11.5736
11.6767
11.7604
11.83
11.8896
11.9415
11.9871
12.0265
12.0587
12.0804
12.0884
12.0832
12.0656
12.035
11.9909
11.9324
11.8592
11.7709
11.6668
11.5455
11.4047
11.2395
11.0442
10.8065
10.5471
1.85897
0.967089
-0.0307657
-1.05156
-2.00656
-2.9666
-3.87737
-4.71671
-5.49263
-6.2026
-6.83035
-7.41542
-7.95214
-8.42599
-8.84578
-9.22297
-9.55979
-9.85408
-10.105
-10.3127
-10.4771
-10.5983
-10.6789
-10.7239
-10.7413
-10.7382
-10.7153
-10.6705
-10.603
-10.5129
-10.4002
-10.2644
-10.1048
-9.9197
-9.70581
-9.45831
-9.16845
-8.8236
-8.44724
2.71483
3.53645
4.45587
5.42646
6.35191
7.24709
8.07855
8.78673
9.33314
9.83468
10.214
10.4787
10.6822
10.8439
10.9698
11.0691
11.1497
11.2166
11.2737
11.3232
11.3667
11.4045
11.4361
11.4585
11.4689
11.4672
11.4541
11.4292
11.3916
11.3405
11.2754
11.1962
11.1022
10.9924
10.8647
10.7152
10.5381
10.3227
10.088
1.80078
0.951598
0.00218775
-0.963634
-1.86236
-2.75952
-3.59959
-4.36599
-5.05907
-5.69415
-6.217
-6.78275
-7.32016
-7.77481
-8.17295
-8.53522
-8.86073
-9.14462
-9.38633
-9.58655
-9.74506
-9.86197
-9.93993
-9.98343
-10.0008
-9.99917
-9.97931
-9.93909
-9.87828
-9.79732
-9.69413
-9.57107
-9.42714
-9.26055
-9.06834
-8.84629
-8.58654
-8.27761
-7.94096
2.61657
3.39793
4.27324
5.18845
6.0572
6.8839
7.63953
8.25344
8.72586
9.28849
9.68729
9.9485
10.1537
10.3209
10.4508
10.5527
10.6352
10.7038
10.762
10.8122
10.8562
10.8948
10.9275
10.9521
10.9656
10.9678
10.9591
10.9391
10.907
10.8618
10.8033
10.731
10.6444
10.5429
10.4246
10.2858
10.1215
9.92104
9.70356
1.75486
0.940927
0.0325109
-0.885833
-1.7331
-2.56907
-3.33735
-4.02429
-4.62236
-5.17012
-5.55973
-6.13175
-6.69721
-7.15026
-7.54191
-7.90448
-8.23302
-8.51956
-8.7636
-8.96615
-9.1269
-9.24589
-9.32583
-9.37104
-9.39041
-9.39105
-9.37424
-9.33744
-9.28169
-9.20757
-9.10955
-8.99444
-8.86113
-8.70699
-8.52955
-8.32506
-8.08656
-7.80325
-7.4952
2.53702
3.28419
4.1189
4.98106
5.79066
6.53989
7.20378
7.70345
8.0874
8.74313
9.18675
9.45766
9.67339
9.85323
9.99305
10.102
10.19
10.2631
10.3249
10.3782
10.4247
10.4657
10.5011
10.529
10.5463
10.5525
10.5479
10.5323
10.5047
10.4645
10.411
10.3441
10.2632
10.1678
10.0562
9.92527
9.7699
9.5801
9.37426
1.71024
0.931854
0.064814
-0.805844
-1.60191
-2.37715
-3.07564
-3.6856
-4.19448
-4.65848
-4.92475
-5.49413
-6.08052
-6.52993
-6.91217
-7.27142
-7.60033
-7.88758
-8.13247
-8.3363
-8.4987
-8.61937
-8.70078
-8.74769
-8.76924
-8.77252
-8.75918
-8.72641
-8.67623
-8.60976
-8.51756
-8.41099
-8.28884
-8.14762
-7.98508
-7.79819
-7.58077
-7.32275
-7.04379
2.4583
3.17117
3.96484
4.77396
5.52553
6.19789
6.77368
7.16642
7.46549
8.19518
8.68412
8.96537
9.18888
9.37941
9.52859
9.64423
9.73755
9.81494
9.88041
9.93672
9.98588
10.0292
10.0673
10.0982
10.1191
10.129
10.1284
10.1169
10.0939
10.0585
10.0102
9.94875
9.87381
9.7847
9.68005
9.55696
9.41086
9.23187
9.03797
1.66705
0.924218
0.0985648
-0.724701
-1.4701
-2.18561
-2.81679
-3.35223
-3.77846
-4.15928
-4.31673
-4.87294
-5.46972
-5.91383
-6.28509
-6.63758
-6.96376
-7.2496
-7.49372
-7.69773
-7.86103
-7.98298
-8.06563
-8.11428
-8.13813
-8.14412
-8.13438
-8.10565
-8.06112
-8.00214
-7.91561
-7.81728
-7.70588
-7.57727
-7.42919
-7.25957
-7.0626
-6.82879
-6.57502
2.38085
3.05971
3.81224
4.56905
5.26383
5.85965
6.35197
6.64295
6.86292
7.64552
8.1782
8.47244
8.70189
8.90087
9.05797
9.17993
9.27811
9.35979
9.42876
9.48826
9.54004
9.58597
9.62649
9.66038
9.68454
9.69795
9.70102
9.69365
9.67509
9.6446
9.60164
9.54597
9.47733
9.39501
9.29778
9.18288
9.04625
8.87822
8.6963
1.62566
0.91788
0.133253
-0.643397
-1.33925
-1.99642
-2.56315
-3.02672
-3.37685
-3.67409
-3.73841
-4.27095
-4.86591
-5.30182
-5.66097
-6.00391
-6.32437
-6.60664
-6.84848
-7.05151
-7.21514
-7.33805
-7.42207
-7.47295
-7.49969
-7.50924
-7.50428
-7.48106
-7.44382
-7.39388
-7.31506
-7.22657
-7.12729
-7.01219
-6.8793
-6.72688
-6.55013
-6.34088
-6.11836
2.30548
2.95085
3.66259
4.36816
5.00754
5.52717
5.94059
6.1316
6.27791
7.09419
7.66704
7.9774
8.21359
8.4198
8.58363
8.71038
8.81264
8.89814
8.97109
9.03407
9.08919
9.13793
9.18125
9.21811
9.24553
9.2623
9.26898
9.26563
9.25158
9.226
9.18836
9.13848
9.07609
9.00067
8.91099
8.80455
8.67735
8.52049
8.35042
1.58636
0.912805
0.168078
-0.563146
-1.21106
-1.81189
-2.3174
-2.71213
-2.99262
-3.20549
-3.19175
-3.69025
-4.27026
-4.69384
-5.03969
-5.37075
-5.68264
-5.9592
-6.19714
-6.39822
-6.56149
-6.68508
-6.77045
-6.82298
-6.85117
-6.86246
-6.86008
-6.84
-6.80725
-6.76326
-6.6894
-6.6082
-6.51866
-6.41523
-6.29618
-6.16016
-6.00224
-5.81287
-5.60315
2.23302
2.84586
3.51739
4.17337
4.75855
5.20228
5.54169
5.63066
5.70697
6.54174
7.14949
7.47743
7.72168
7.93671
8.10834
8.23977
8.34427
8.43158
8.50695
8.57307
8.6317
8.68406
8.73092
8.77132
8.80216
8.82234
8.83261
8.83348
8.82439
8.80446
8.77303
8.72976
8.67435
8.60627
8.52447
8.42652
8.30881
8.16259
8.00321
1.54947
0.908329
0.201631
-0.486338
-1.08836
-1.6353
-2.08278
-2.41178
-2.62832
-2.75599
-2.67829
-3.13241
-3.68426
-4.09033
-4.42096
-4.73775
-5.03849
-5.30712
-5.53964
-5.73748
-5.89999
-6.02515
-6.11452
-6.17292
-6.20839
-6.22776
-6.23473
-6.22507
-6.20445
-6.1742
-6.11278
-6.04533
-5.97084
-5.88305
-5.78009
-5.6615
-5.52461
-5.36532
-5.20738
2.16466
2.74658
3.37903
3.98747
4.51841
4.88549
5.1536
5.13462
5.14124
5.98727
6.62767
6.97207
7.22211
7.4444
7.62655
7.76713
7.87769
7.96759
8.04422
8.1115
8.17237
8.22776
8.27863
8.32309
8.35781
8.38089
8.39374
8.39721
8.39157
8.37603
8.35023
8.31366
8.26606
8.20683
8.13479
8.04769
7.94191
7.81022
7.66945
1.51501
0.90365
0.231732
-0.416197
-0.975191
-1.47128
-1.86332
-2.12874
-2.28583
-2.32779
-2.19873
-2.5986
-3.10943
-3.49177
-3.80422
-4.10404
-4.39095
-4.64972
-4.87517
-5.06806
-5.22721
-5.35012
-5.43662
-5.49017
-5.51937
-5.53324
-5.53581
-5.52278
-5.50009
-5.46873
-5.40694
-5.34222
-5.27391
-5.1954
-5.10518
-5.00196
-4.88007
-4.72583
-4.53522
2.10131
2.6545
3.24998
3.81357
4.28901
4.57729
4.77476
4.63555
4.56624
5.4229
6.10297
6.47178
6.72755
6.94882
7.13053
7.27517
7.39332
7.49218
7.57607
7.64902
7.7143
7.77445
7.83061
7.88169
7.92367
7.95381
7.97248
7.9809
7.97933
7.96759
7.94527
7.91216
7.86808
7.8128
7.74562
7.66448
7.56548
7.43774
7.28998
1.48303
0.898815
0.258482
-0.353589
-0.873752
-1.32375
-1.66395
-1.8693
-1.97145
-1.92653
-1.75357
-2.08935
-2.54752
-2.8988
-3.18884
-3.46799
-3.73747
-3.98398
-4.20298
-4.395
-4.55946
-4.69445
-4.80045
-4.88059
-4.93876
-4.97942
-5.00804
-5.02112
-5.02677
-5.02555
-4.99014
-4.94992
-4.90451
-4.84693
-4.77581
-4.69279
-4.60082
-4.50619
-4.4511
2.0427
2.56939
3.13077
3.65398
4.07409
4.28857
4.41844
4.13485
3.96762
4.82786
5.55191
5.96434
6.25409
6.49404
6.67531
6.80601
6.90702
6.99354
7.07175
7.14414
7.21204
7.27694
7.33945
7.39787
7.44756
7.48618
7.51464
7.53438
7.54582
7.54904
7.54365
7.52911
7.50466
7.46919
7.42145
7.35975
7.28381
7.19384
7.1192
1.45459
0.895187
0.283453
-0.296623
-0.78309
-1.19405
-1.48956
-1.64445
-1.69858
-1.56127
-1.34267
-1.60634
-2.00047
-2.31154
-2.57431
-2.82946
-3.07562
-3.30027
-3.49825
-3.6695
-3.81192
-3.921
-3.99255
-4.02765
-4.04022
-4.04505
-4.04447
-4.0321
-4.01229
-3.9854
-3.9318
-3.8813
-3.83242
-3.77864
-3.71752
-3.6463
-3.5525
-3.40934
-3.17625
1.99008
2.49269
3.02369
3.51142
3.8803
4.03798
4.10353
3.63062
3.34443
4.19884
4.93618
5.36813
5.69859
6.00174
6.25099
6.43344
6.55955
6.64619
6.70922
6.76111
6.80978
6.86048
6.91571
6.97302
7.02319
7.0592
7.08009
7.08741
7.08273
7.0673
7.04216
7.00867
6.9682
6.92162
6.86849
6.80508
6.72047
6.5874
6.37923
1.43215
0.888651
0.2972
-0.257818
-0.715746
-1.09183
-1.34486
-1.45527
-1.45866
-1.21853
-0.958557
-1.15344
-1.47277
-1.72953
-1.95654
-2.18828
-2.424
-2.65259
-2.86891
-3.07202
-3.26244
-3.44081
-3.60793
-3.75997
-3.88182
-3.96853
-4.03717
-4.09073
-4.14529
-4.19933
-4.20779
-4.20086
-4.18951
-4.16863
-4.13574
-4.09575
-4.06599
-4.07847
-4.22143
1.95224
2.43854
2.9456
3.39949
3.71372
3.81597
3.77253
3.05454
2.6848
3.59451
4.347
4.74171
5.00388
5.23994
5.46532
5.68383
5.89401
6.08524
6.24743
6.37846
6.48166
6.56394
6.63472
6.70864
6.79654
6.89038
6.97779
7.05513
7.12168
7.17697
7.21955
7.24737
7.25887
7.25312
7.23136
7.19874
7.17299
7.19303
7.3434
1.41548
0.864984
0.270488
-0.276364
-0.713194
-1.04945
-1.2426
-1.28237
-1.19167
-0.836611
-0.576528
-0.726249
-0.97473
-1.16522
-1.32235
-1.47196
-1.61644
-1.75101
-1.87179
-1.97503
-2.0531
-2.09366
-2.08749
-2.04006
-1.99283
-1.96927
-1.95622
-1.93226
-1.89368
-1.86536
-1.81236
-1.76648
-1.73249
-1.70051
-1.66581
-1.62311
-1.54325
-1.37265
-0.993977
1.9416
2.4288
2.92477
3.3427
3.58203
3.57248
3.27696
2.2724
1.90406
2.99869
3.95712
4.55264
4.91051
5.08514
5.10089
5.02028
4.9093
4.82163
4.77835
4.78138
4.82281
4.89538
4.98496
5.05948
5.08485
5.07632
5.0606
5.04157
5.01836
4.99084
4.96201
4.93555
4.91424
4.89857
4.88503
4.85953
4.78217
4.57129
4.09839
1.39827
0.822639
0.205325
-0.351576
-0.778072
-1.07562
-1.19873
-1.1426
-0.91394
-0.443245
-0.186481
-0.292411
-0.494228
-0.694242
-0.902087
-1.12218
-1.35502
-1.60071
-1.86136
-2.14188
-2.44956
-2.7884
-3.14309
-3.47496
-3.71372
-3.85848
-3.99895
-4.10829
-4.29204
-4.56487
-4.48389
-4.49197
-4.56781
-4.62254
-4.64512
-4.66477
-4.72978
-4.90976
-5.34064
1.94558
2.44644
2.94374
3.33266
3.49498
3.33726
2.70666
1.45079
0.882146
1.89279
2.99114
4.05357
5.07034
6.02433
6.82499
7.42961
7.85473
8.11753
8.25595
8.3133
8.32604
8.3239
8.34947
8.47241
8.72005
8.99195
9.20947
9.38232
9.52753
9.6485
9.7402
9.80012
9.83022
9.83539
9.82771
9.83128
9.9073
10.1486
10.7142
100.873
100.225
99.3894
98.2127
96.6326
94.5665
91.8511
88.3325
83.9723
78.916
73.4405
67.8373
62.3366
57.0777
52.1056
47.414
42.9768
38.7694
34.7702
30.9636
27.334
23.8721
20.57
17.4255
14.4345
11.5942
8.8978
6.34159
3.921
1.63524
-0.517926
-2.5367
-4.42245
-6.17287
-7.78852
-9.26755
-10.6106
-11.8165
-12.8869
-13.8218
-14.6241
-15.2961
-15.8421
-16.2659
-16.5735
-16.7706
-16.8643
-16.8614
-16.7698
-16.5974
-16.3523
-16.0428
-15.6766
-15.2617
-14.8052
-14.3144
-13.7956
-13.255
-12.6979
-12.1295
-11.554
-10.9755
-10.3976
-9.82305
-9.25533
-8.69431
-8.14647
-7.67545
-7.2549
-6.82985
-6.38062
-5.9534
-5.44203
-5.09941
-4.38396
-4.42786
-2.99429
-4.33264
-0.748893
-5.6548
100.884
97.8925
94.3442
90.6195
86.8072
82.9857
79.2223
75.5676
71.9957
68.5426
65.2024
61.9888
58.9067
55.9628
53.1605
50.5033
47.9916
45.6265
43.4058
41.3274
39.387
37.5809
35.9027
34.3478
32.9086
31.5802
30.3545
29.2267
28.1889
27.2364
26.3619
25.561
24.8263
24.1539
23.5367
22.9707
22.4488
21.967
21.5183
21.0988
20.7014
20.3229
19.9564
19.5991
19.2451
18.8924
18.5359
18.1748
17.8051
17.427
17.0376
16.6378
16.2264
15.8045
15.372
14.9301
14.4798
14.0225
13.5597
13.0933
12.625
12.1569
11.6913
11.2296
10.7743
10.326
9.8886
9.51939
9.20098
8.87603
8.54541
8.21077
7.87181
7.55551
7.16257
7.05969
6.19991
7.44625
3.77479
10.9446
44.9926
44.3074
43.6907
43.2562
42.979
42.8027
42.6996
42.6194
42.4781
42.1706
41.6328
40.8496
39.8571
38.6761
37.308
35.7445
33.9919
32.0629
29.9814
27.7727
25.471
23.1094
20.7235
18.3392
15.9791
13.6555
11.3821
9.16706
7.02203
4.95372
2.97159
1.08046
-0.713147
-2.40658
-3.99459
-5.47573
-6.84597
-8.10447
-9.24846
-10.2781
-11.1921
-11.992
-12.6784
-13.2536
-13.7201
-14.0821
-14.3436
-14.5097
-14.5861
-14.5788
-14.4948
-14.3402
-14.1224
-13.8481
-13.5242
-13.1575
-12.7542
-12.3203
-11.8615
-11.3829
-10.8893
-10.3851
-9.87417
-9.35986
-8.8463
-8.33398
-7.82917
-7.39247
-7.00091
-6.60456
-6.18053
-5.78031
-5.28947
-4.97293
-4.27561
-4.33673
-2.9421
-4.24465
-0.801551
-5.5376
45.5305
45.7624
45.989
46.149
46.2276
46.2141
46.0994
45.874
45.5358
45.0935
44.5459
43.9011
43.1646
42.3441
41.449
40.4884
39.4735
38.4144
37.3238
36.2123
35.0924
33.9737
32.8675
31.782
30.7266
29.7065
28.7289
27.7964
26.9134
26.0798
25.2979
24.5657
23.8836
23.2479
22.6579
22.109
21.5995
21.1242
20.6809
20.2638
19.8706
19.4953
19.1357
18.7859
18.4439
18.1046
17.7664
17.4249
17.0796
16.7267
16.3666
15.9969
15.6182
15.2293
14.8313
14.4238
14.0081
13.5848
13.1552
12.7205
12.2827
11.8436
11.4048
10.9686
10.5371
10.1109
9.69455
9.34209
9.03728
8.72615
8.40877
8.08681
7.75901
7.4555
7.07134
6.97897
6.13818
7.34535
3.82792
10.675
30.2024
29.6926
29.1071
28.5288
27.982
27.4788
27.0233
26.6143
26.2342
25.8475
25.4086
24.892
24.3068
23.6864
23.0287
22.3022
21.4797
20.568
19.5861
18.5511
17.462
16.3155
15.1069
13.8416
12.5224
11.156
9.74606
8.30348
6.83772
5.36328
3.89062
2.43361
1.00131
-0.394322
-1.74509
-3.04073
-4.27449
-5.43793
-6.526
-7.53249
-8.45419
-9.28712
-10.0297
-10.6799
-11.238
-11.7041
-12.0803
-12.3685
-12.5721
-12.6952
-12.7417
-12.717
-12.6261
-12.475
-12.2694
-12.0153
-11.7184
-11.3844
-11.0187
-10.6264
-10.2123
-9.78078
-9.3362
-8.88203
-8.42285
-7.95969
-7.49891
-7.09717
-6.73514
-6.36793
-5.97091
-5.59722
-5.13199
-4.83493
-4.17194
-4.22534
-2.91241
-4.11828
-0.892442
-5.34771
30.4815
30.5516
30.4837
30.3226
30.1312
29.9427
29.7698
29.6088
29.4619
29.3243
29.1922
29.0619
28.9283
28.7872
28.6333
28.4625
28.2701
28.053
27.8072
27.5319
27.2247
26.8868
26.5178
26.1213
25.6989
25.2559
24.7952
24.3233
23.8434
23.3621
22.8823
22.4098
21.9463
21.4965
21.0608
20.6423
20.2399
19.8554
19.4864
19.1336
18.7936
18.4661
18.1472
17.8361
17.5288
17.2242
16.9186
16.6112
16.2985
15.9804
15.6543
15.3204
14.9769
14.6247
14.2626
13.8917
13.5118
13.124
12.7289
12.3277
11.9217
11.5126
11.1023
10.6927
10.2859
9.88271
9.48805
9.15313
8.86325
8.56701
8.26391
7.95633
7.64135
7.35025
6.97954
6.88624
6.08964
7.20899
3.91803
10.366
25.3546
25.1359
24.8589
24.5489
24.2238
23.8955
23.5833
23.291
23.0212
22.7552
22.4663
22.1034
21.6294
21.0338
20.3482
19.604
18.8181
17.9817
17.0917
16.1569
15.2005
14.2328
13.254
12.2529
11.2263
10.1714
9.09182
7.98685
6.86188
5.71911
4.56547
3.40477
2.24468
1.09018
-0.0496399
-1.16848
-2.25687
-3.30835
-4.3142
-5.2686
-6.16414
-6.99627
-7.75925
-8.44999
-9.06484
-9.60269
-10.0619
-10.4431
-10.747
-10.975
-11.1298
-11.2143
-11.2325
-11.1888
-11.0879
-10.9346
-10.7342
-10.4916
-10.212
-9.90016
-9.56084
-9.19833
-8.81705
-8.42068
-8.01394
-7.59852
-7.18038
-6.81259
-6.47855
-6.13862
-5.76725
-5.41908
-4.97846
-4.70105
-4.06815
-4.12244
-2.86889
-4.02038
-0.930917
-5.22157
25.4386
25.4473
25.4482
25.4231
25.3712
25.2992
25.2096
25.1005
24.9759
24.8341
24.6788
24.5102
24.3316
24.1433
23.9488
23.7481
23.5442
23.3367
23.1277
22.916
22.7031
22.4868
22.268
22.044
21.8158
21.5806
21.3394
21.0902
20.8346
20.5714
20.3028
20.0283
19.7509
19.4704
19.1899
18.9093
18.6316
18.3561
18.085
17.8172
17.5541
17.2937
17.0367
16.7804
16.525
16.2676
16.0081
15.7435
15.4738
15.1964
14.9116
14.6172
14.314
14.0003
13.6773
13.3441
13.002
12.6507
12.2914
11.9246
11.5516
11.1737
10.7926
10.4102
10.0286
9.64873
9.27579
8.95833
8.68297
8.40151
8.11311
7.81983
7.51836
7.23949
6.88234
6.79263
6.02516
7.10003
3.93656
10.1602
18.4266
18.3372
18.2279
18.1157
18.0003
17.8853
17.7708
17.6654
17.5684
17.4854
17.4104
17.3389
17.2443
17.0985
16.8672
16.5418
16.1257
15.6388
15.0893
14.4794
13.8039
13.0746
12.3079
11.5166
10.6955
9.84178
8.95522
8.04318
7.10835
6.1563
5.18833
4.21005
3.22343
2.23467
1.24728
0.268522
-0.697192
-1.64226
-2.5618
-3.44814
-4.29631
-5.09922
-5.85249
-6.55005
-7.18881
-7.76435
-8.27485
-8.71815
-9.09315
-9.39969
-9.63839
-9.81083
-9.91916
-9.96642
-9.95586
-9.89146
-9.77732
-9.6179
-9.41759
-9.181
-8.9123
-8.61575
-8.29562
-7.9556
-7.60045
-7.23209
-6.85665
-6.52255
-6.21624
-5.90357
-5.55814
-5.23542
-4.81928
-4.5631
-3.95706
-4.02064
-2.81092
-3.93633
-0.938172
-5.12858
18.4481
18.472
18.5508
18.6511
18.7511
18.8512
18.9482
19.0423
19.13
19.2109
19.2818
19.3424
19.3897
19.4239
19.4422
19.4458
19.4323
19.4037
19.3584
19.2989
19.2244
19.1377
19.0385
18.9297
18.8109
18.6851
18.5515
18.4126
18.2676
18.1184
17.9639
17.8058
17.643
17.4769
17.3066
17.1336
16.9569
16.7782
16.5964
16.413
16.2268
16.0389
15.8476
15.6538
15.4554
15.2529
15.0439
14.8291
14.6057
14.3745
14.1331
13.8823
13.6204
13.3483
13.0648
12.7714
12.4673
12.1538
11.8308
11.4997
11.1607
10.8151
10.4645
10.1105
9.75526
9.39985
9.04957
8.74986
8.48937
8.22274
7.94903
7.67086
7.38393
7.11858
6.77514
6.69265
5.94742
6.99708
3.91847
9.98624
13.1551
13.1164
13.0929
13.0924
13.1111
13.1382
13.1684
13.1976
13.2259
13.2501
13.2706
13.2836
13.2894
13.2803
13.2452
13.1612
13.0113
12.7843
12.4862
12.1263
11.7147
11.2489
10.7286
10.1612
9.56113
8.92942
8.26408
7.56473
6.83758
6.08528
5.31175
4.51808
3.70846
2.88515
2.05373
1.21747
0.382648
-0.446786
-1.26398
-2.06444
-2.84113
-3.58958
-4.30311
-4.9777
-5.60766
-6.18966
-6.71944
-7.19414
-7.61116
-7.96892
-8.2667
-8.50442
-8.68285
-8.80322
-8.86774
-8.87898
-8.84017
-8.75468
-8.62639
-8.45894
-8.25642
-8.02247
-7.76116
-7.47603
-7.17164
-6.85023
-6.51736
-6.21737
-5.93948
-5.65462
-5.33582
-5.03927
-4.64861
-4.41449
-3.83617
-3.91003
-2.74523
-3.84443
-0.941967
-5.02565
13.1763
13.2236
13.3122
13.4152
13.5224
13.6333
13.7481
13.8664
13.9882
14.1129
14.2403
14.3694
14.4997
14.6298
14.759
14.8853
15.0081
15.125
15.2353
15.3366
15.4285
15.5088
15.5776
15.6329
15.6755
15.7042
15.72
15.7223
15.7126
15.6906
15.658
15.6146
15.562
15.5001
15.4302
15.3521
15.2671
15.1747
15.0759
14.9702
14.8585
14.7399
14.615
14.4828
14.3439
14.1965
14.0417
13.8769
13.7032
13.5183
13.3232
13.1158
12.8974
12.6665
12.4243
12.1701
11.9052
11.6292
11.3436
11.0481
10.744
10.4321
10.113
9.78878
9.46127
9.13171
8.80532
8.52442
8.27924
8.02793
7.76966
7.50674
7.23533
6.98425
6.65687
6.58167
5.86317
6.87913
3.89873
9.79091
9.86454
9.81879
9.7905
9.79394
9.83317
9.90135
9.98735
10.084
10.1851
10.2872
10.385
10.4741
10.5492
10.6073
10.6458
10.6612
10.643
10.5775
10.4508
10.2589
10.0058
9.70214
9.35271
8.95562
8.51099
8.03056
7.52146
6.9838
6.41642
5.82273
5.20473
4.56523
3.90507
3.22736
2.53416
1.82973
1.11708
0.401417
-0.313425
-1.02153
-1.7188
-2.39916
-3.05856
-3.69113
-4.29303
-4.85919
-5.38566
-5.86841
-6.30439
-6.691
-7.02634
-7.30917
-7.53875
-7.71522
-7.83941
-7.91287
-7.93752
-7.91596
-7.85093
-7.74579
-7.60358
-7.42765
-7.22166
-6.98886
-6.73348
-6.4577
-6.16708
-5.90107
-5.65154
-5.39462
-5.10291
-4.83248
-4.46797
-4.25593
-3.70688
-3.78971
-2.67421
-3.74196
-0.944275
-4.90836
9.91124
9.9765
10.0638
10.1604
10.2639
10.3729
10.4872
10.6059
10.7287
10.855
10.9846
11.1169
11.2516
11.3884
11.5269
11.6669
11.8077
11.9488
12.0898
12.2299
12.3682
12.5039
12.6358
12.7631
12.8845
12.999
13.1053
13.2029
13.2905
13.3677
13.4338
13.4886
13.5318
13.5637
13.584
13.5933
13.5913
13.5791
13.5562
13.5235
13.4806
13.4282
13.3658
13.2939
13.2115
13.12
13.0169
12.9036
12.7778
12.6408
12.4906
12.3283
12.1524
11.9639
11.762
11.5479
11.3212
11.0834
10.8342
10.5752
10.3061
10.0279
9.74132
9.44785
9.14923
8.84673
8.54543
8.28416
8.05516
7.81964
7.57675
7.32959
7.07408
6.83805
6.52776
6.45858
5.77238
6.74525
3.87583
9.5793
8.18547
8.12832
8.06873
8.02257
8.00694
8.02711
8.07851
8.15541
8.25107
8.35975
8.4747
8.59032
8.69983
8.79737
8.87707
8.93558
8.97055
8.9783
8.94963
8.87322
8.74019
8.5488
8.30519
8.01775
7.68925
7.31952
6.91689
6.49015
6.04061
5.56594
5.06709
4.54515
4.00174
3.43753
2.855
2.25634
1.64554
1.02584
0.401879
-0.222888
-0.843641
-1.45687
-2.05771
-2.64233
-3.20595
-3.7445
-4.25339
-4.72897
-5.16756
-5.56614
-5.92201
-6.23294
-6.49746
-6.71464
-6.88437
-7.00695
-7.08345
-7.11531
-7.1048
-7.05392
-6.96538
-6.84198
-6.68688
-6.50288
-6.29379
-6.06187
-5.8119
-5.57919
-5.35769
-5.12823
-4.86335
-4.6189
-4.28079
-4.09054
-3.5716
-3.66244
-2.59771
-3.63352
-0.939818
-4.78741
8.22836
8.27619
8.33274
8.39565
8.46442
8.53963
8.62041
8.7076
8.79999
8.89845
9.00157
9.11018
9.22272
9.33998
9.4604
9.58471
9.71133
9.84089
9.97199
10.1051
10.2389
10.3738
10.5083
10.6427
10.7758
10.9074
11.0363
11.1622
11.2838
11.4005
11.5112
11.6152
11.7116
11.7995
11.8784
11.9475
12.0065
12.0549
12.0926
12.1192
12.1348
12.1391
12.1324
12.1138
12.0847
12.043
11.9902
11.924
11.8457
11.7535
11.6484
11.5288
11.3957
11.2479
11.0867
10.9112
10.7232
10.522
10.3097
10.0859
9.85154
9.60707
9.35316
9.09095
8.82202
8.54744
8.27214
8.03153
7.81925
7.60004
7.37328
7.14161
6.90207
6.68058
6.38889
6.32455
5.67378
6.60108
3.84177
9.36674
7.05025
7.01738
6.96954
6.91447
6.86983
6.84786
6.85353
6.88572
6.94353
7.0228
7.11866
7.22349
7.33215
7.43805
7.5362
7.61958
7.68365
7.72414
7.73936
7.72356
7.66874
7.56548
7.40911
7.20143
6.95045
6.66264
6.34098
5.99168
5.62351
5.2383
4.83321
4.40699
3.95944
3.49115
3.00304
2.49745
1.97703
1.44532
0.905199
0.360223
-0.186823
-0.732308
-1.27296
-1.80475
-2.32387
-2.826
-3.30736
-3.76403
-4.19243
-4.58915
-4.95118
-5.27583
-5.56107
-5.80529
-6.00742
-6.16699
-6.284
-6.35939
-6.39396
-6.38935
-6.34755
-6.27079
-6.1616
-6.02235
-5.85637
-5.66561
-5.45468
-5.25408
-5.05975
-4.85718
-4.61904
-4.40014
-4.08855
-3.91972
-3.43135
-3.52985
-2.51549
-3.52172
-0.926804
-4.66692
7.06517
7.08084
7.10318
7.13082
7.16532
7.20577
7.25353
7.30753
7.36912
7.43696
7.51232
7.59371
7.68231
7.77646
7.87725
7.98292
8.09446
8.21007
8.33062
8.45429
8.58179
8.7114
8.84367
8.97695
9.1117
9.24637
9.38124
9.51489
9.64747
9.77764
9.90528
10.0292
10.149
10.2637
10.3726
10.4748
10.5696
10.6562
10.7341
10.8024
10.8607
10.9087
10.9455
10.972
10.986
10.9889
10.9784
10.9558
10.9192
10.8696
10.8052
10.7271
10.6336
10.526
10.403
10.266
10.1144
9.95006
9.77254
9.58344
9.38277
9.17146
8.94978
8.71902
8.48016
8.23417
7.98571
7.76641
7.57176
7.36966
7.15917
6.94352
6.71992
6.51306
6.24005
6.17966
5.56575
6.44801
3.79519
9.15318
6.16804
6.15775
6.13247
6.09384
6.05155
6.01519
5.99165
5.98669
6.00231
6.03975
6.09685
6.17056
6.25493
6.34603
6.43822
6.5269
6.60495
6.66685
6.70694
6.72309
6.71173
6.66765
6.58264
6.45122
6.27186
6.05016
5.79339
5.5072
5.19769
4.87262
4.5335
4.17725
3.80172
3.40712
2.9949
2.56705
2.12598
1.67373
1.21242
0.743582
0.269316
-0.208263
-0.686282
-1.16151
-1.63033
-2.08921
-2.53443
-2.96245
-3.36968
-3.75283
-4.10878
-4.43471
-4.7282
-4.98711
-5.20976
-5.3949
-5.54208
-5.65086
-5.72167
-5.75538
-5.75336
-5.71712
-5.64857
-5.54963
-5.42308
-5.27081
-5.09649
-4.9265
-4.7585
-4.58209
-4.37018
-4.17653
-3.89148
-3.74368
-3.28613
-3.39203
-2.4271
-3.40566
-0.90623
-4.5456
6.16424
6.16183
6.16477
6.17312
6.18659
6.20609
6.23089
6.26218
6.2991
6.34291
6.39262
6.44948
6.51237
6.58248
6.65857
6.74171
6.83056
6.9261
7.02689
7.13379
7.24527
7.36206
7.4826
7.60742
7.73497
7.86564
7.99785
8.13188
8.26623
8.40105
8.53484
8.66765
8.79816
8.92616
9.05042
9.17065
9.28562
9.395
9.49758
9.59298
9.68032
9.75864
9.82851
9.8874
9.93641
9.97324
9.999
10.0116
10.0122
9.99856
9.97176
9.92996
9.87416
9.80272
9.71681
9.61525
9.49981
9.36954
9.22622
9.06985
8.90184
8.72229
8.53241
8.3325
8.12365
7.90649
7.68526
7.4881
7.31169
7.12733
6.93425
6.7348
6.52745
6.33458
6.08106
6.024
5.44804
6.28526
3.73892
8.93539
5.49404
5.50007
5.49424
5.47566
5.4498
5.42127
5.39355
5.37043
5.35738
5.3579
5.37356
5.4043
5.45008
5.50811
5.57518
5.64608
5.71601
5.7786
5.82852
5.86005
5.87063
5.85756
5.81742
5.74369
5.63103
5.47631
5.28238
5.05516
4.80113
4.52601
4.23547
3.93036
3.60842
3.26914
2.91459
2.54757
2.17017
1.78381
1.389
0.986359
0.576577
0.161133
-0.257793
-0.677524
-1.0952
-1.5078
-1.9122
-2.30525
-2.68383
-3.04488
-3.38551
-3.70289
-3.99439
-4.25762
-4.49042
-4.69131
-4.85872
-4.99191
-5.09063
-5.15513
-5.18601
-5.18414
-5.15086
-5.08761
-4.99668
-4.8795
-4.73933
-4.59823
-4.45526
-4.30394
-4.11771
-3.94857
-3.68987
-3.56256
-3.13585
-3.24882
-2.33241
-3.28434
-0.878379
-4.42072
5.47858
5.46441
5.45577
5.45158
5.4527
5.45853
5.46971
5.4857
5.50722
5.53374
5.56605
5.60362
5.64728
5.69643
5.75189
5.81301
5.88053
5.95368
6.0332
6.11821
6.20936
6.30565
6.40768
6.51437
6.62617
6.7419
6.86192
6.98498
7.11126
7.23948
7.36964
7.50051
7.63194
7.76266
7.89238
8.0199
8.14483
8.26596
8.38282
8.49445
8.59988
8.69921
8.78999
8.87294
8.94586
9.00959
9.06205
9.10416
9.13373
9.1515
9.15563
9.14684
9.12329
9.08577
9.03268
8.96547
8.88253
8.78532
8.67358
8.54886
8.4114
8.26278
8.10289
7.93298
7.75329
7.56466
7.37087
7.19608
7.03853
6.87274
6.69735
6.51502
6.32427
6.14576
5.91145
5.85711
5.31988
6.11137
3.6734
8.71004
4.96326
4.97779
4.98214
4.97512
4.96067
4.94206
4.92071
4.8968
4.87186
4.84978
4.83512
4.83066
4.83887
4.86104
4.89592
4.93926
4.98656
5.03307
5.07484
5.1071
5.1258
5.12724
5.10959
5.06957
5.00293
4.90426
4.77076
4.60253
4.40362
4.17902
3.93408
3.67288
3.39717
3.1068
2.80335
2.48933
2.16675
1.83607
1.49706
1.14947
0.793727
0.431136
0.0636388
-0.30649
-0.676884
-1.04512
-1.40871
-1.76519
-2.11203
-2.44669
-2.76653
-3.06889
-3.35119
-3.61086
-3.84588
-4.05397
-4.23352
-4.38331
-4.50257
-4.59087
-4.64818
-4.67478
-4.6715
-4.63933
-4.57993
-4.49455
-4.38558
-4.27133
-4.15201
-4.02452
-3.86285
-3.71732
-3.48454
-3.37708
-2.98101
-3.10063
-2.23184
-3.15716
-0.843632
-4.29187
4.94151
4.92058
4.90403
4.89126
4.883
4.87902
4.87973
4.88489
4.89486
4.90936
4.92882
4.95291
4.98214
5.01619
5.05562
5.10007
5.15015
5.20538
5.2664
5.33265
5.4047
5.4819
5.5648
5.65263
5.74592
5.84377
5.94664
6.0536
6.16498
6.27975
6.39809
6.51886
6.64213
6.76662
6.89225
7.01775
7.14283
7.26638
7.38791
7.50631
7.62123
7.73074
7.83487
7.93186
8.02212
8.10372
8.17716
8.24037
8.29385
8.33575
8.36659
8.38441
8.38974
8.38073
8.35846
8.32078
8.2686
8.20118
8.11957
8.02395
7.91604
7.79577
7.66463
7.52269
7.3711
7.21003
7.04306
6.89077
6.75219
6.60516
6.44848
6.28367
6.11027
5.94584
5.73132
5.67935
5.18165
5.92653
3.59909
8.47804
4.48808
4.5033
4.51008
4.50741
4.49796
4.48416
4.4669
4.44567
4.41982
4.39043
4.36127
4.33787
4.32429
4.32211
4.33079
4.34806
4.37031
4.39461
4.41845
4.43973
4.45514
4.46107
4.4537
4.4308
4.38972
4.32715
4.23878
4.12191
3.97525
3.80045
3.60145
3.38362
3.15142
2.908
2.6545
2.39213
2.12148
1.84237
1.55377
1.25525
0.947249
0.631327
0.309514
-0.0160168
-0.343223
-0.67021
-0.995142
-1.31618
-1.63135
-1.93846
-2.23518
-2.51908
-2.78766
-3.03874
-3.26984
-3.47894
-3.66423
-3.82423
-3.95767
-4.06358
-4.14142
-4.19103
-4.21279
-4.20716
-4.17537
-4.11811
-4.03747
-3.94791
-3.85057
-3.74528
-3.60702
-3.48393
-3.27639
-3.18806
-2.8223
-2.94819
-2.12626
-3.02499
-0.802733
-4.15914
4.46629
4.44449
4.42546
4.40908
4.39578
4.38588
4.37951
4.37707
4.37852
4.38424
4.39406
4.40835
4.42686
4.45001
4.4775
4.50982
4.54664
4.5885
4.63505
4.68685
4.74347
4.80545
4.87227
4.94445
5.02138
5.10352
5.19018
5.28177
5.37755
5.47781
5.58174
5.68954
5.80033
5.91418
6.03009
6.14797
6.26676
6.38617
6.50509
6.62299
6.73883
6.8521
6.96176
7.06739
7.16743
7.26166
7.34845
7.42785
7.49825
7.55979
7.61067
7.65111
7.67927
7.69592
7.69863
7.68782
7.6623
7.62244
7.56796
7.50011
7.41876
7.32549
7.22035
7.10491
6.97921
6.84433
6.70308
6.57252
6.45271
6.3247
6.18663
6.04019
5.88458
5.73519
5.54023
5.49046
5.0329
5.73062
3.51552
8.23722
3.98312
3.99457
3.99956
3.99729
3.98941
3.97749
3.96248
3.94429
3.92302
3.89922
3.87445
3.85116
3.83305
3.82209
3.81749
3.81695
3.81917
3.82315
3.82869
3.83513
3.84131
3.84439
3.8409
3.82693
3.80012
3.75821
3.69881
3.61868
3.51556
3.38742
3.23458
3.06069
2.87167
2.67251
2.46617
2.25263
2.0309
1.79953
1.55747
1.30427
1.04081
0.768801
0.490375
0.207436
-0.0784712
-0.366043
-0.654049
-0.941052
-1.22535
-1.50497
-1.77775
-2.0414
-2.29384
-2.53271
-2.75595
-2.96161
-3.14784
-3.31289
-3.45514
-3.57331
-3.6665
-3.73424
-3.77639
-3.79306
-3.78472
-3.75226
-3.69677
-3.62963
-3.55239
-3.46774
-3.35135
-3.24941
-3.06623
-2.99611
-2.66026
-2.79191
-2.01637
-2.88798
-0.756894
-4.02268
3.96591
3.94817
3.93266
3.9188
3.90713
3.89757
3.89061
3.88626
3.88503
3.88691
3.89237
3.90134
3.91424
3.9309
3.9517
3.97641
4.00545
4.03852
4.07609
4.11786
4.16429
4.21507
4.27068
4.33072
4.39565
4.46503
4.53925
4.61778
4.70099
4.78827
4.87989
4.97521
5.07442
5.1768
5.2824
5.39044
5.50083
5.61267
5.72572
5.839
5.95209
6.064
6.17418
6.28171
6.38603
6.4861
6.58139
6.67056
6.75324
6.82804
6.89473
6.95173
6.99934
7.03525
7.05957
7.07087
7.06898
7.05308
7.02373
6.98024
6.92388
6.85456
6.77387
6.68206
6.58055
6.46957
6.35221
6.24227
6.14041
6.03067
5.9116
5.78355
5.64645
5.51208
5.33749
5.29021
4.87347
5.52373
3.42372
7.98661
3.487
3.4956
3.49908
3.49682
3.48975
3.47931
3.46687
3.45335
3.43947
3.42589
3.41256
3.39887
3.38443
3.3703
3.35734
3.34483
3.33176
3.31908
3.30829
3.30051
3.2954
3.29156
3.2862
3.276
3.25737
3.22807
3.18633
3.13045
3.05819
2.96784
2.85739
2.7267
2.5794
2.4213
2.25625
2.08517
1.90606
1.71677
1.51599
1.30392
1.08175
0.851367
0.614559
0.372671
0.126529
-0.123252
-0.375836
-0.63006
-0.884268
-1.1366
-1.38496
-1.62739
-1.86182
-2.08631
-2.29899
-2.49798
-2.68137
-2.84723
-2.99385
-3.11976
-3.22389
-3.30536
-3.36369
-3.39837
-3.40996
-3.39863
-3.36536
-3.31807
-3.25918
-3.19325
-3.09726
-3.01489
-2.85488
-2.80179
-2.49523
-2.63187
-1.90264
-2.7463
-0.707162
-3.88126
3.47376
3.46039
3.44923
3.43973
3.43199
3.42598
3.42169
3.41929
3.41885
3.42069
3.42492
3.43192
3.44178
3.45488
3.47123
3.49118
3.51466
3.54198
3.57299
3.60803
3.64689
3.68992
3.73691
3.78821
3.84357
3.90336
3.96726
4.03563
4.10808
4.18492
4.26568
4.3506
4.43918
4.53156
4.62713
4.72596
4.82736
4.93125
5.03685
5.14398
5.25174
5.35981
5.46725
5.57361
5.67799
5.77978
5.87815
5.97246
6.06183
6.14556
6.22244
6.29217
6.35286
6.40436
6.44527
6.47509
6.49275
6.49809
6.48988
6.46867
6.43395
6.38693
6.32767
6.25783
6.1776
6.08832
5.99241
5.90122
5.81596
5.72394
5.62274
5.51309
5.39433
5.276
5.12171
5.07744
4.70227
5.30464
3.32411
7.72116
3.04188
3.04904
3.05272
3.05254
3.04909
3.0435
3.0373
3.03121
3.02575
3.02058
3.01481
3.00644
2.99392
2.97651
2.95564
2.9333
2.91075
2.88814
2.86696
2.84879
2.8345
2.8232
2.81326
2.80212
2.78702
2.76502
2.73434
2.69381
2.6425
2.57917
2.50274
2.41118
2.30376
2.18337
2.05428
1.91808
1.7738
1.61923
1.4534
1.27684
1.09124
0.898314
0.699326
0.494838
0.284918
0.0696964
-0.150295
-0.373872
-0.599483
-0.825254
-1.04942
-1.27014
-1.48574
-1.69449
-1.89471
-2.08451
-2.26198
-2.42524
-2.57259
-2.70252
-2.81372
-2.90507
-2.9755
-3.02476
-3.05252
-3.05922
-3.04487
-3.01523
-2.97264
-2.92369
-2.84632
-2.78183
-2.64348
-2.60582
-2.32786
-2.46792
-1.78573
-2.59873
-0.654793
-3.7327
3.03071
3.01956
3.01078
3.0038
2.99884
2.99563
2.99424
2.99444
2.99638
2.99991
3.00531
3.01251
3.02189
3.03345
3.04762
3.0644
3.08423
3.10703
3.13321
3.16264
3.19569
3.23215
3.27237
3.31614
3.36379
3.41508
3.47037
3.5294
3.5925
3.6594
3.73037
3.8051
3.88381
3.96609
4.0521
4.14133
4.23383
4.32901
4.42678
4.52648
4.62788
4.73023
4.83321
4.93599
5.03812
5.13877
5.23737
5.3331
5.42535
5.5133
5.59632
5.67318
5.74336
5.80567
5.85941
5.90357
5.93745
5.95964
5.96991
5.96726
5.9522
5.92436
5.88496
5.83418
5.77323
5.70292
5.62609
5.55145
5.48136
5.40494
5.32092
5.2286
5.12799
5.02518
4.89173
4.85113
4.51877
5.07153
3.219
7.43734
2.64539
2.65302
2.65802
2.66064
2.66111
2.66049
2.6595
2.65831
2.65622
2.65259
2.64616
2.63583
2.6204
2.59988
2.57526
2.54904
2.52365
2.50037
2.47851
2.45829
2.4405
2.42572
2.413
2.40104
2.3879
2.37164
2.34998
2.3214
2.28475
2.23941
2.18496
2.12125
2.0466
1.95963
1.86164
1.75486
1.63974
1.51512
1.37991
1.23473
1.08139
0.921483
0.755692
0.583836
0.405517
0.220574
0.0296289
-0.166185
-0.365217
-0.565922
-0.766637
-0.966018
-1.16252
-1.35474
-1.54098
-1.71954
-1.88858
-2.04641
-2.1914
-2.322
-2.43681
-2.53421
-2.61346
-2.67357
-2.71444
-2.7357
-2.73748
-2.72292
-2.6948
-2.66078
-2.60029
-2.55164
-2.4336
-2.40904
-2.15943
-2.2998
-1.66738
-2.44328
-0.602493
-3.5728
2.63419
2.6228
2.61339
2.60589
2.60053
2.59745
2.59654
2.59787
2.6012
2.6066
2.61379
2.62289
2.6337
2.64644
2.661
2.67769
2.69647
2.71772
2.74142
2.76793
2.7972
2.82957
2.86493
2.90358
2.94536
2.99055
3.03896
3.09088
3.14613
3.20497
3.26721
3.33312
3.40251
3.47557
3.55203
3.63203
3.71521
3.80159
3.89071
3.98246
4.07629
4.17193
4.26875
4.36637
4.46409
4.56141
4.6576
4.75208
4.84413
4.93309
5.01826
5.09894
5.17438
5.24375
5.30625
5.36084
5.40643
5.44211
5.46673
5.47999
5.48113
5.47054
5.44802
5.41448
5.37029
5.31686
5.25633
5.19632
5.13887
5.07677
5.00751
4.93108
4.84707
4.76008
4.64691
4.61015
4.32297
4.8209
3.11293
7.12539
2.3318
2.33693
2.34007
2.3417
2.34206
2.34168
2.34083
2.33858
2.33387
2.32591
2.31483
2.3009
2.28465
2.26628
2.24662
2.22693
2.20909
2.19423
2.18158
2.16737
2.1481
2.12297
2.0934
2.06076
2.02622
1.99063
1.95516
1.92116
1.89098
1.86672
1.84873
1.83511
1.82113
1.79696
1.75094
1.67629
1.57622
1.46164
1.34146
1.21755
1.08857
0.953641
0.812538
0.665
0.510554
0.349216
0.181588
0.00893276
-0.16737
-0.345973
-0.525714
-0.705406
-0.883937
-1.05991
-1.23192
-1.39832
-1.55757
-1.70815
-1.84847
-1.97713
-2.09235
-2.19299
-2.2777
-2.34577
-2.39637
-2.42941
-2.44431
-2.44258
-2.42689
-2.4059
-2.36047
-2.32551
-2.22677
-2.21204
-1.99209
-2.12679
-1.55078
-2.27769
-0.555404
-3.39783
2.32309
2.31328
2.30422
2.2959
2.28888
2.28332
2.27957
2.27773
2.27799
2.28033
2.28481
2.29131
2.29982
2.31023
2.32256
2.33673
2.35287
2.37096
2.39123
2.41371
2.43868
2.46619
2.4965
2.52963
2.56582
2.60501
2.64738
2.69284
2.74159
2.79351
2.84874
2.9072
2.96904
3.03418
3.10272
3.17449
3.24958
3.32778
3.40901
3.49296
3.57946
3.66806
3.75846
3.85013
3.94263
4.03537
4.12782
4.21937
4.30946
4.39745
4.48273
4.56469
4.6426
4.71583
4.78355
4.84485
4.89872
4.94414
4.98009
5.00576
5.02076
5.02442
5.01698
4.99848
4.96947
4.93074
4.88476
4.83677
4.7908
4.74011
4.68373
4.62108
4.55263
4.4799
4.38683
4.35295
4.11602
4.54817
3.01273
6.77992
1.98195
1.98191
1.98069
1.97829
1.97437
1.96944
1.96404
1.95759
1.94909
1.93795
1.92455
1.91005
1.89589
1.88285
1.87081
1.85904
1.84701
1.83459
1.82202
1.8098
1.79776
1.78476
1.77033
1.75552
1.74171
1.72945
1.71838
1.7071
1.69373
1.67712
1.65692
1.63216
1.60082
1.56043
1.50922
1.44767
1.37681
1.29668
1.20831
1.11386
1.01418
0.908913
0.797268
0.678703
0.552843
0.420017
0.280935
0.136796
-0.0113405
-0.162465
-0.315849
-0.470623
-0.625979
-0.780704
-0.933619
-1.08327
-1.22841
-1.36756
-1.4994
-1.62232
-1.73498
-1.83593
-1.92405
-1.99819
-2.05748
-2.10145
-2.12931
-2.14021
-2.13782
-2.12971
-2.10145
-2.0792
-2.00476
-1.99567
-1.81611
-1.93338
-1.43529
-2.08986
-0.520392
-3.20273
1.97967
1.97649
1.97344
1.97035
1.96743
1.96481
1.9627
1.96137
1.96105
1.96197
1.96436
1.96834
1.97403
1.98153
1.99085
2.002
2.01501
2.02989
2.04666
2.0654
2.08618
2.10911
2.13431
2.1619
2.19199
2.22471
2.26013
2.29832
2.33936
2.38331
2.43016
2.47994
2.53272
2.58852
2.64733
2.70915
2.77399
2.84182
2.91256
2.98606
3.06221
3.14074
3.22145
3.30399
3.38797
3.47299
3.55855
3.64417
3.72935
3.81356
3.89626
3.97693
4.05489
4.1296
4.20036
4.26635
4.3266
4.38027
4.4263
4.46395
4.49239
4.51108
4.51958
4.51776
4.50553
4.4838
4.45367
4.41996
4.38586
4.34801
4.30532
4.2582
4.20618
4.15
4.08125
4.04873
3.88039
4.2181
2.9213
6.36192
1.68233
1.68133
1.67963
1.67672
1.6716
1.66477
1.65748
1.65035
1.64307
1.63502
1.6254
1.61418
1.60252
1.59217
1.58367
1.57585
1.56642
1.55407
1.53907
1.52328
1.50893
1.49775
1.48946
1.48277
1.47635
1.46971
1.46197
1.45162
1.43603
1.41253
1.37908
1.33581
1.28387
1.22558
1.16411
1.10315
1.04414
0.985055
0.92195
0.85353
0.780668
0.703937
0.622295
0.534757
0.440791
0.340828
0.235625
0.126176
0.0130882
-0.103189
-0.222533
-0.344577
-0.468803
-0.594265
-0.720011
-0.844829
-0.96771
-1.08737
-1.20264
-1.31212
-1.41462
-1.5088
-1.59353
-1.66758
-1.72989
-1.77985
-1.81621
-1.83688
-1.8447
-1.84806
-1.8337
-1.82549
-1.76986
-1.77422
-1.62136
-1.74445
-1.28977
-1.92663
-0.43984
-3.07513
1.68289
1.68362
1.68496
1.68674
1.68881
1.69112
1.69358
1.6963
1.69925
1.7027
1.70668
1.71153
1.7173
1.72436
1.73267
1.74255
1.75394
1.76705
1.7818
1.79835
1.81661
1.83678
1.85875
1.88273
1.90865
1.93671
1.96687
1.99929
2.03391
2.07087
2.11009
2.15167
2.19557
2.24185
2.29043
2.34138
2.39467
2.45032
2.50828
2.56855
2.63105
2.69572
2.76245
2.83104
2.90131
2.973
3.04577
3.11928
3.19316
3.26703
3.34045
3.4131
3.48443
3.55407
3.6214
3.68581
3.74644
3.80255
3.85316
3.89753
3.9348
3.96429
3.98529
3.99726
3.99986
3.99329
3.9788
3.95796
3.93564
3.90986
3.88089
3.84832
3.81302
3.77393
3.72866
3.70599
3.58988
3.89186
2.72293
6.08627
1.41272
1.41086
1.40901
1.40689
1.40286
1.3969
1.39022
1.38381
1.37814
1.37297
1.367
1.35875
1.34815
1.33708
1.32758
1.31971
1.31097
1.2984
1.28069
1.25894
1.23543
1.21237
1.19104
1.17142
1.15171
1.13002
1.10558
1.07924
1.05222
1.02523
0.997837
0.969142
0.938431
0.90566
0.870034
0.830509
0.786544
0.738995
0.688515
0.635016
0.578051
0.517696
0.45345
0.384758
0.311294
0.233679
0.152651
0.0689566
-0.0173372
-0.106327
-0.198362
-0.293291
-0.390789
-0.490052
-0.590426
-0.691011
-0.791109
-0.88969
-0.985878
-1.07853
-1.16673
-1.24932
-1.32528
-1.39342
-1.45269
-1.50234
-1.5411
-1.56607
-1.57965
-1.58977
-1.58498
-1.58652
-1.54542
-1.56075
-1.42925
-1.55995
-1.13982
-1.77068
-0.347666
-2.95644
1.41401
1.41575
1.41838
1.42192
1.42618
1.4312
1.43671
1.44271
1.44898
1.45558
1.46232
1.46939
1.4767
1.48451
1.49279
1.50186
1.51171
1.52264
1.53463
1.54793
1.5625
1.57857
1.5961
1.61528
1.63608
1.65867
1.68305
1.70939
1.73765
1.76799
1.80038
1.8349
1.87153
1.91033
1.95119
1.99417
2.03918
2.08622
2.13521
2.18615
2.23895
2.29357
2.3499
2.40786
2.46731
2.5281
2.58998
2.65277
2.71617
2.77999
2.84388
2.90765
2.97095
3.03352
3.09494
3.15475
3.2123
3.26698
3.31797
3.36457
3.406
3.4415
3.47031
3.49164
3.50481
3.51001
3.50699
3.49678
3.48358
3.46798
3.44955
3.42923
3.40711
3.38303
3.35758
3.3463
3.27584
3.55857
2.49557
5.8158
1.03601
1.03142
1.02816
1.0263
1.0235
1.01847
1.01173
1.004
0.996805
0.991064
0.986294
0.979951
0.970357
0.958189
0.946524
0.937311
0.929603
0.919822
0.905072
0.885122
0.862718
0.841383
0.823704
0.810263
0.799795
0.789203
0.774971
0.755388
0.731571
0.706118
0.681384
0.658265
0.636149
0.61409
0.59142
0.567164
0.539649
0.507889
0.472192
0.433375
0.391259
0.345279
0.29523
0.241551
0.184677
0.125358
0.0641579
0.00143552
-0.0631397
-0.129999
-0.199612
-0.271898
-0.346605
-0.423128
-0.501077
-0.579795
-0.658801
-0.737295
-0.814689
-0.890123
-0.962954
-1.03221
-1.09704
-1.15636
-1.20922
-1.25489
-1.29205
-1.31779
-1.33373
-1.34752
-1.34866
-1.35692
-1.32697
-1.35033
-1.23794
-1.37339
-0.988426
-1.60908
-0.25501
-2.81681
1.03998
1.04421
1.04926
1.05525
1.06221
1.07026
1.07931
1.08936
1.10027
1.11198
1.12429
1.13713
1.15035
1.1639
1.17769
1.19174
1.20606
1.22069
1.23574
1.25128
1.26742
1.28423
1.30186
1.32035
1.33984
1.36035
1.38203
1.40493
1.42918
1.45481
1.482
1.51075
1.54121
1.57339
1.60738
1.64318
1.68083
1.7203
1.76158
1.80465
1.84945
1.89595
1.94403
1.99363
2.04462
2.09687
2.15017
2.20438
2.25926
2.31468
2.37039
2.42631
2.4822
2.53793
2.59321
2.64779
2.70115
2.75287
2.8023
2.84883
2.8918
2.93051
2.96419
2.9919
3.01286
3.02665
3.03301
3.03109
3.02596
3.01833
3.00904
2.99825
2.98722
2.97542
2.96759
2.96645
2.93764
3.20117
2.25199
5.48005
0.765689
0.754469
0.744968
0.738151
0.731881
0.724376
0.714856
0.702942
0.690215
0.679196
0.671269
0.664386
0.655296
0.642426
0.627968
0.615233
0.605715
0.597219
0.586208
0.570508
0.551469
0.53266
0.517817
0.508372
0.503224
0.499094
0.492008
0.478688
0.458723
0.434655
0.410379
0.388913
0.371234
0.35633
0.342421
0.328042
0.312064
0.293009
0.269712
0.242106
0.210613
0.175284
0.136128
0.0940745
0.0504351
0.00636346
-0.037799
-0.0821426
-0.12738
-0.174187
-0.223207
-0.274547
-0.328165
-0.383667
-0.440778
-0.498941
-0.557804
-0.616785
-0.675583
-0.733612
-0.790429
-0.845232
-0.897359
-0.945889
-0.989979
-1.02904
-1.06174
-1.08549
-1.10147
-1.11613
-1.1206
-1.13254
-1.11101
-1.13961
-1.04379
-1.18187
-0.830617
-1.4389
-0.156192
-2.65575
0.775217
0.784065
0.792698
0.801315
0.810038
0.81907
0.82855
0.838603
0.849337
0.860805
0.873043
0.885991
0.899625
0.913821
0.92852
0.943569
0.958909
0.974409
0.990086
1.00587
1.02182
1.03789
1.05422
1.07081
1.0878
1.10522
1.12318
1.14174
1.16102
1.1811
1.20209
1.22408
1.24722
1.27162
1.29737
1.32462
1.35344
1.38395
1.41615
1.45015
1.48591
1.52349
1.56277
1.60373
1.64619
1.69007
1.73512
1.78121
1.82805
1.87559
1.92355
1.97194
2.02056
2.06937
2.11819
2.16688
2.21507
2.26246
2.30858
2.35295
2.39502
2.43418
2.46966
2.50055
2.52597
2.54549
2.55823
2.56308
2.56384
2.56277
2.56003
2.55681
2.55369
2.55212
2.55692
2.56413
2.57001
2.81345
1.97545
5.08631
0.566312
0.552948
0.539991
0.528452
0.517383
0.506452
0.49472
0.480621
0.464229
0.448738
0.437567
0.430898
0.424914
0.41552
0.401726
0.386272
0.372413
0.361224
0.350849
0.338869
0.324446
0.30934
0.296285
0.287083
0.281032
0.27541
0.266611
0.252258
0.232064
0.208487
0.185183
0.165516
0.150736
0.140331
0.132091
0.12358
0.112913
0.0993407
0.0820249
0.0605183
0.034872
0.00592054
-0.0256369
-0.0585867
-0.0914493
-0.122695
-0.152021
-0.179988
-0.207849
-0.236687
-0.267374
-0.300171
-0.335026
-0.371521
-0.409283
-0.447871
-0.48712
-0.526807
-0.566916
-0.607106
-0.647095
-0.686259
-0.724141
-0.760058
-0.793326
-0.823495
-0.849309
-0.868886
-0.882713
-0.896125
-0.901175
-0.914379
-0.898046
-0.929395
-0.846764
-0.985386
-0.664414
-1.25844
-0.0455631
-2.47048
0.578879
0.590476
0.601395
0.611663
0.621341
0.630571
0.639413
0.648084
0.65667
0.665431
0.674389
0.683808
0.693667
0.704193
0.715277
0.727072
0.739371
0.752291
0.765594
0.779384
0.793392
0.807755
0.822247
0.837046
0.85197
0.867224
0.882635
0.898462
0.914548
0.931147
0.948117
0.965725
0.983875
1.00283
1.02248
1.04316
1.06479
1.08768
1.11176
1.13735
1.16434
1.19302
1.22325
1.25519
1.28861
1.3236
1.35983
1.39728
1.43558
1.47473
1.51439
1.5546
1.59516
1.6361
1.67725
1.71862
1.75994
1.80106
1.84162
1.88133
1.91971
1.95627
1.99035
2.02107
2.04766
2.06961
2.08587
2.09464
2.09954
2.10245
2.1044
2.10582
2.10843
2.11289
2.12611
2.13792
2.17084
2.39167
1.65409
4.63468
0.361604
0.349319
0.336333
0.322839
0.309221
0.297607
0.288585
0.279543
0.26751
0.253467
0.241306
0.233767
0.228876
0.221933
0.209287
0.191622
0.172497
0.155745
0.142541
0.131948
0.122061
0.112119
0.102176
0.0926952
0.0829565
0.0714538
0.0561465
0.0365389
0.0139536
-0.00799401
-0.0258728
-0.0375395
-0.0437214
-0.0464308
-0.0485185
-0.0521098
-0.058914
-0.0690898
-0.0820211
-0.0965739
-0.112435
-0.129116
-0.14625
-0.162888
-0.178343
-0.191894
-0.203968
-0.215635
-0.228677
-0.244235
-0.262969
-0.284483
-0.308097
-0.33273
-0.357736
-0.38263
-0.407542
-0.432517
-0.457824
-0.483265
-0.50877
-0.533926
-0.55859
-0.58236
-0.604803
-0.625622
-0.643714
-0.658052
-0.668702
-0.679508
-0.683866
-0.696351
-0.683355
-0.715096
-0.64296
-0.779659
-0.485609
-1.06071
0.0800198
-2.23355
0.373339
0.384544
0.39522
0.405384
0.414838
0.423726
0.431874
0.439504
0.44649
0.453114
0.459274
0.46532
0.47117
0.477199
0.483312
0.489868
0.496725
0.504226
0.512156
0.520794
0.529855
0.539605
0.549728
0.560464
0.571496
0.583091
0.594934
0.607343
0.620019
0.633302
0.646902
0.661192
0.675904
0.691407
0.707423
0.724367
0.741979
0.760678
0.780231
0.801081
0.823009
0.846435
0.871131
0.897414
0.925029
0.954129
0.984371
1.01578
1.04797
1.08089
1.11418
1.14785
1.18167
1.21567
1.24976
1.28395
1.31815
1.35229
1.3862
1.4197
1.45249
1.48422
1.5144
1.54226
1.56717
1.58863
1.60535
1.61582
1.62282
1.62837
1.63281
1.63736
1.64217
1.64967
1.66571
1.6774
1.72645
1.92289
1.2662
4.08229
0.30435
0.303817
0.301151
0.294943
0.285926
0.278311
0.275141
0.2742
0.270067
0.260725
0.248941
0.239419
0.233044
0.226898
0.216317
0.199914
0.17958
0.159762
0.143365
0.131434
0.122319
0.114128
0.104645
0.0927715
0.0772338
0.0576155
0.0336831
0.00710279
-0.0192874
-0.0409956
-0.0546881
-0.0595112
-0.0587627
-0.0574916
-0.060649
-0.070671
-0.0880479
-0.111574
-0.139524
-0.169329
-0.19855
-0.224786
-0.246356
-0.261976
-0.271529
-0.275616
-0.275811
-0.274214
-0.273383
-0.275132
-0.280264
-0.288157
-0.297686
-0.307496
-0.316973
-0.325949
-0.334982
-0.34444
-0.35473
-0.365701
-0.377274
-0.389155
-0.401333
-0.413585
-0.425594
-0.437208
-0.447429
-0.456291
-0.463138
-0.470855
-0.473153
-0.483957
-0.472053
-0.502612
-0.437626
-0.569837
-0.298695
-0.844965
0.214857
-1.91379
0.304856
0.305659
0.306762
0.308259
0.309748
0.311462
0.312992
0.314647
0.316032
0.317483
0.318662
0.319986
0.321157
0.322597
0.324032
0.32593
0.328054
0.330877
0.334121
0.338247
0.342989
0.348752
0.355216
0.362703
0.370859
0.379976
0.389668
0.400188
0.411154
0.422827
0.434826
0.447422
0.460278
0.473655
0.487244
0.501322
0.515608
0.530369
0.545375
0.560945
0.576891
0.59355
0.610774
0.628884
0.647699
0.667457
0.687887
0.709131
0.730848
0.753086
0.775506
0.798182
0.820842
0.84364
0.866425
0.889378
0.912389
0.935641
0.958994
0.982507
1.00595
1.02922
1.05191
1.07343
1.09335
1.11117
1.12547
1.13542
1.14256
1.14804
1.15297
1.15734
1.16216
1.1696
1.18554
1.19275
1.24794
1.41661
0.821815
3.38315
-0.79026
-0.792053
-0.791975
-0.792754
-0.798785
-0.807157
-0.811297
-0.810062
-0.808731
-0.812944
-0.822802
-0.833839
-0.84159
-0.845608
-0.848426
-0.852945
-0.859419
-0.865986
-0.86996
-0.870121
-0.866767
-0.861595
-0.856389
-0.852779
-0.851447
-0.852345
-0.854187
-0.854518
-0.849912
-0.836945
-0.813552
-0.781238
-0.745376
-0.713276
-0.689594
-0.673466
-0.658364
-0.63526
-0.595601
-0.533915
-0.449355
-0.347673
-0.241304
-0.1457
-0.0731234
-0.0289857
-0.010922
-0.0118158
-0.0235754
-0.0406619
-0.0598559
-0.0795554
-0.0980966
-0.114474
-0.128097
-0.139496
-0.149453
-0.158728
-0.167652
-0.176123
-0.184186
-0.191735
-0.19905
-0.205997
-0.212554
-0.218683
-0.223862
-0.228553
-0.232828
-0.237899
-0.238999
-0.247959
-0.237456
-0.265591
-0.209067
-0.328691
-0.0958307
-0.56183
0.314262
-1.34156
-0.787209
-0.782592
-0.776589
-0.769232
-0.760679
-0.750982
-0.740283
-0.72871
-0.71637
-0.703324
-0.689621
-0.675257
-0.660266
-0.644584
-0.628229
-0.611087
-0.593185
-0.574398
-0.554752
-0.534111
-0.512438
-0.489551
-0.465539
-0.440241
-0.413741
-0.385914
-0.356959
-0.326782
-0.295693
-0.263647
-0.230986
-0.197684
-0.164134
-0.130328
-0.0966031
-0.062921
-0.0296489
0.00326964
0.0355438
0.0673135
0.0983297
0.128782
0.158472
0.187613
0.215986
0.243778
0.270706
0.296864
0.321916
0.34588
0.368454
0.389687
0.409402
0.427744
0.444759
0.460663
0.475677
0.490056
0.504111
0.517943
0.531822
0.545687
0.559557
0.57287
0.585601
0.597249
0.606508
0.613087
0.618342
0.622666
0.626507
0.62998
0.632261
0.635126
0.641958
0.633368
0.667469
0.8034
0.270874
2.30964
0.41148
0.39876
0.390693
0.388055
0.383154
0.373137
0.362899
0.356895
0.354577
0.351091
0.343524
0.332904
0.323499
0.318166
0.317399
0.31891
0.320737
0.321292
0.320672
0.31874
0.31591
0.311751
0.306472
0.299674
0.292021
0.283721
0.276194
0.270325
0.267948
0.270021
0.278367
0.293157
0.314109
0.337681
0.359144
0.3717
0.369263
0.344422
0.290286
0.199914
0.071423
-0.0886642
-0.261141
-0.418073
-0.530623
-0.581732
-0.57364
-0.525608
-0.461449
-0.397736
-0.341283
-0.292125
-0.249072
-0.210736
-0.177512
-0.149352
-0.127135
-0.110178
-0.0983937
-0.0902667
-0.0852269
-0.0818187
-0.0796652
-0.0779742
-0.076716
-0.075881
-0.075078
-0.0759241
-0.0767203
-0.0784153
-0.076779
-0.081304
-0.0717921
-0.090366
-0.0502559
-0.12707
0.0190805
-0.24773
0.248876
-0.58662
0.423512
0.435053
0.445923
0.456379
0.466422
0.476135
0.485464
0.49427
0.50256
0.510129
0.516923
0.522689
0.527456
0.531041
0.533501
0.53468
0.534683
0.533417
0.530978
0.527232
0.522418
0.516495
0.509584
0.501722
0.493098
0.483816
0.474024
0.463904
0.453467
0.442933
0.432262
0.421643
0.410876
0.400101
0.389087
0.377973
0.366437
0.354611
0.342219
0.329502
0.316261
0.302827
0.289154
0.275647
0.262336
0.249636
0.237613
0.226542
0.216437
0.207384
0.19938
0.192314
0.186217
0.18086
0.176381
0.172516
0.169555
0.167253
0.165963
0.165404
0.165915
0.1672
0.169408
0.172092
0.175539
0.179187
0.181957
0.185417
0.187254
0.187073
0.186003
0.184512
0.183642
0.186293
0.196463
0.200344
0.225946
0.293362
0.0129546
0.961974
)
;

boundaryField
{
    inlet
    {
        type            freestreamPressure;
        freestreamValue uniform 0;
        value           nonuniform List<scalar> 
134
(
1.39146
0.818633
0.204326
-0.349864
-0.774283
-1.07039
-1.19289
-1.13703
-0.90949
-0.441087
-0.0802911
-0.125941
-0.212967
-0.299329
-0.389198
-0.484501
-0.585483
-0.692208
-0.805611
-0.92784
1.93611
-1.06207
-1.21003
-1.36505
-1.51027
-1.61502
-1.66502
-1.75389
-1.75297
-1.7835
-2.12937
-1.9555
-1.95973
-1.99351
-2.01806
-2.02854
-2.03775
-2.0668
-2.14624
-2.24192
2.43452
2.92941
3.31644
3.47796
3.32101
2.69348
1.44373
-2.4732
-2.42199
-2.33893
-2.2838
-2.24319
-2.19825
-2.14703
-2.09421
-2.0416
-1.98863
-1.93409
-1.87782
-1.81984
-1.76022
-1.69842
-1.63348
-1.56355
-1.48703
-1.40165
-1.3458
-1.29384
-1.23269
-1.16212
-1.08094
-0.977135
-0.837069
-0.586628
-0.256407
0.502087
1.07665
1.70036
2.30294
2.87911
3.41938
3.87252
4.21442
4.45452
4.60262
4.68021
4.71187
4.71823
4.71614
4.72967
4.79829
4.93752
5.09048
5.21268
5.3096
5.39092
5.45856
5.50968
5.54287
5.55923
5.56153
5.55658
5.55801
5.60041
5.73625
6.05572
6.18605
6.03388
5.85943
5.74332
5.64512
5.53485
5.41537
5.29534
5.17473
5.05173
4.92447
4.79344
4.65744
4.51592
4.36602
4.20575
4.02958
3.83446
3.59833
3.44275
3.29016
3.10069
2.87843
2.62342
2.31136
1.91613
1.30856
0.545316
)
;
    }
    outlet
    {
        type            freestreamPressure;
        freestreamValue uniform 0;
        value           nonuniform List<scalar> 
160
(
0.0014669
0.00150163
0.00143207
0.00153524
0.00141077
0.0015666
0.00140523
0.001597
0.00138995
0.0016264
0.00135767
0.00165511
0.0013263
0.00168301
0.00130963
0.00170952
0.00130384
0.00173467
0.00129189
0.00175766
0.00126525
0.00177831
0.00122891
0.00179562
0.00119794
0.00180969
0.00118135
0.00181981
0.00117994
0.00182622
0.00118528
0.00182829
0.00119069
0.00182648
0.00119098
0.00182037
0.00118677
0.0018104
0.00117767
0.00179603
0.00116526
0.00177815
0.00114809
0.00175662
0.00112705
0.00173193
0.00110093
0.0017042
0.00107241
0.00167413
0.00104268
0.00164212
0.00101711
0.00160872
0.000998789
0.00157459
0.0009933
0.0015398
0.00100214
0.00150511
0.00102896
0.00147035
0.00107207
0.00143621
0.00113039
0.00140188
0.00119522
0.00136787
0.00125628
0.00133322
0.0012958
0.0012984
0.00129516
0.00126216
0.00122656
0.00122492
0.0010591
0.00118558
0.00075885
0.00114497
0.000312178
0.00110228
-0.000255907
0.00105868
-0.000866769
0.00101395
-0.00141246
0.00096954
-0.00179306
0.000925527
-0.00195891
0.000883422
-0.00192629
0.000843452
-0.00176344
0.000806633
-0.00154949
0.000773029
-0.00133819
0.000742966
-0.00115117
0.000716462
-0.00098796
0.000693123
-0.000844463
0.00067311
-0.000716059
0.000655599
-0.000604307
0.000641151
-0.000509201
0.000628812
-0.00043403
0.000619715
-0.000376695
0.000612974
-0.00033717
0.000609972
-0.000310322
0.000609698
-0.000294195
0.000613476
-0.000283665
0.000620253
-0.000277421
0.000630665
-0.000272708
0.000643084
-0.000269469
0.00065863
-0.000267686
0.000675276
-0.000266033
0.000689043
-0.000270048
0.000705147
-0.000273842
0.00071498
-0.000280902
0.000717478
-0.000276282
0.00071701
-0.000293588
0.000715326
-0.000260983
0.000716581
-0.000328841
0.000732189
-0.000185408
0.000778496
-0.000463984
0.000802196
7.21064e-05
0.000913926
-0.000892067
0.00120206
0.00100199
5.50608e-05
-0.00196115
0.0038751
)
;
    }
    walls
    {
        type            zeroGradient;
    }
    frontAndBack
    {
        type            empty;
    }
}


// ************************************************************************* //
