/*--------------------------------*- C++ -*----------------------------------*\
| =========                 |                                                 |
| \\      /  F ield         | OpenFOAM: The Open Source CFD Toolbox           |
|  \\    /   O peration     | Version:  2206                                  |
|   \\  /    A nd           | Website:  www.openfoam.com                      |
|    \\/     M anipulation  |                                                 |
\*---------------------------------------------------------------------------*/
FoamFile
{
    version     2.0;
    format      ascii;
    arch        "LSB;label=32;scalar=64";
    note        "nPoints:6199  nCells:5016  nFaces:16180  nInternalFaces:13916";
    class       labelList;
    location    "constant/polyMesh";
    object      neighbour;
}
// * * * * * * * * * * * * * * * * * * * * * * * * * * * * * * * * * * * * * //


13916
(
14
16
85
919
920
923
925
926
927
930
932
4951
18
21
23
96
973
974
977
978
980
981
984
985
25
28
30
107
1027
1028
1031
1032
1034
1035
1038
1039
32
35
37
118
1081
1082
1085
1086
1088
1089
1092
1093
39
42
44
129
1135
1136
1139
1140
1142
1143
1146
1147
46
49
51
140
1189
1190
1193
1194
1196
1197
1200
1201
53
56
58
151
1243
1244
1247
1248
1250
1251
1254
1255
60
63
65
162
1297
1298
1301
1302
1304
1305
1308
1309
67
70
72
173
1351
1352
1355
1356
1358
1359
1362
1363
74
76
77
1392
1393
1396
1397
1399
1400
1403
1404
11
12
1419
1420
1424
1425
1426
1427
1431
1432
4950
14
1443
1444
1447
1449
1450
1451
1455
1456
4951
14
16
199
1486
1487
1490
1492
1493
1494
1497
1499
15
17
19
208
1540
1541
1545
1546
1547
1548
1552
1553
217
1582
1583
1587
1588
1589
1590
1593
1594
18
21
226
1636
1637
1640
1642
1643
1644
1648
1649
237
1684
1685
1689
1690
1691
1692
1695
1697
4950
18
23
246
1738
1739
1742
1744
1745
1746
1750
1751
259
1798
1799
1802
1803
1805
1806
1809
1810
21
23
276
1864
1865
1868
1870
1871
1872
1875
1877
22
24
26
285
1918
1919
1923
1924
1925
1926
1930
1931
294
1960
1961
1965
1966
1967
1968
1971
1972
25
28
303
2014
2015
2018
2020
2021
2022
2026
2027
314
2062
2063
2067
2068
2069
2070
2073
2074
25
30
323
2116
2117
2120
2122
2123
2124
2128
2129
336
2176
2177
2180
2181
2183
2184
2187
2188
28
30
353
2242
2243
2246
2248
2249
2250
2253
2255
29
31
33
362
2296
2297
2301
2302
2303
2304
2308
2309
371
2338
2339
2343
2344
2345
2346
2349
2350
32
35
380
2392
2393
2396
2398
2399
2400
2404
2405
391
2440
2441
2445
2446
2447
2448
2451
2452
32
37
400
2494
2495
2498
2500
2501
2502
2506
2507
413
2554
2555
2558
2559
2561
2562
2565
2566
35
37
430
2620
2621
2624
2626
2627
2628
2631
2633
36
38
40
439
2674
2675
2679
2680
2681
2682
2686
2687
448
2716
2717
2721
2722
2723
2724
2727
2728
39
42
457
2770
2771
2774
2776
2777
2778
2782
2783
468
2818
2819
2823
2824
2825
2826
2829
2830
39
44
477
2872
2873
2876
2878
2879
2880
2884
2885
490
2932
2933
2936
2937
2939
2940
2943
2944
42
44
507
2998
2999
3002
3004
3005
3006
3009
3011
43
45
47
516
3052
3053
3057
3058
3059
3060
3064
3065
525
3094
3095
3099
3100
3101
3102
3105
3106
46
49
534
3148
3149
3152
3154
3155
3156
3160
3161
545
3196
3197
3201
3202
3203
3204
3207
3208
46
51
554
3250
3251
3254
3256
3257
3258
3262
3263
567
3310
3311
3314
3315
3317
3318
3321
3322
49
51
584
3376
3377
3380
3382
3383
3384
3387
3389
50
52
54
593
3430
3431
3435
3436
3437
3438
3442
3443
602
3472
3473
3477
3478
3479
3480
3483
3484
53
56
611
3526
3527
3530
3532
3533
3534
3538
3539
622
3574
3575
3579
3580
3581
3582
3585
3586
53
58
631
3628
3629
3632
3634
3635
3636
3640
3641
644
3688
3689
3692
3693
3695
3696
3699
3700
56
58
661
3754
3755
3758
3760
3761
3762
3765
3767
57
59
61
670
3808
3809
3813
3814
3815
3816
3820
3821
679
3850
3851
3855
3856
3857
3858
3861
3862
60
63
688
3904
3905
3908
3910
3911
3912
3916
3917
699
3952
3953
3957
3958
3959
3960
3963
3964
60
65
708
4006
4007
4010
4012
4013
4014
4018
4019
721
4066
4067
4070
4071
4073
4074
4077
4078
63
65
738
4132
4133
4136
4138
4139
4140
4143
4145
64
66
68
747
4186
4187
4191
4192
4193
4194
4198
4199
756
4228
4229
4233
4234
4235
4236
4239
4240
67
70
765
4282
4283
4286
4288
4289
4290
4294
4295
776
4330
4331
4335
4336
4337
4338
4341
4342
67
72
785
4384
4385
4388
4390
4391
4392
4396
4397
798
4444
4445
4448
4449
4451
4452
4455
4456
70
72
815
4510
4511
4514
4516
4517
4518
4521
4523
71
73
75
824
4564
4565
4569
4570
4571
4572
4576
4577
833
4606
4607
4611
4612
4613
4614
4617
4618
74
76
842
4660
4661
4664
4666
4667
4668
4672
4673
853
4708
4709
4713
4714
4715
4716
4719
4720
74
77
862
4762
4763
4766
4768
4769
4770
4774
4775
875
4822
4823
4826
4827
4829
4830
4833
4834
76
77
4875
4876
4879
4881
4882
4883
4886
4888
4896
4897
4901
4902
4903
4904
4907
4908
4920
4921
4925
4926
4927
4928
4931
4932
187
192
215
900
901
193
219
224
903
904
194
235
906
907
4952
195
238
244
909
910
258
913
914
915
216
254
920
921
922
4957
236
256
927
928
929
4958
217
237
259
933
936
937
939
940
943
944
946
220
255
262
934
935
936
239
257
263
941
942
943
948
949
950
4959
223
269
292
954
955
270
296
301
957
958
243
271
312
960
961
272
316
321
963
964
335
967
968
969
260
293
331
974
975
976
261
313
333
981
982
983
294
314
336
994
997
998
1000
1001
1004
1005
1007
264
988
989
990
297
332
339
995
996
997
317
334
340
1002
1003
1004
300
346
369
1008
1009
347
373
378
1011
1012
320
348
389
1014
1015
349
393
398
1017
1018
412
1021
1022
1023
337
370
408
1028
1029
1030
338
390
410
1035
1036
1037
371
391
413
1048
1051
1052
1054
1055
1058
1059
1061
341
1042
1043
1044
374
409
416
1049
1050
1051
394
411
417
1056
1057
1058
377
423
446
1062
1063
424
450
455
1065
1066
397
425
466
1068
1069
426
470
475
1071
1072
489
1075
1076
1077
414
447
485
1082
1083
1084
415
467
487
1089
1090
1091
448
468
490
1102
1105
1106
1108
1109
1112
1113
1115
418
1096
1097
1098
451
486
493
1103
1104
1105
471
488
494
1110
1111
1112
454
500
523
1116
1117
501
527
532
1119
1120
474
502
543
1122
1123
503
547
552
1125
1126
566
1129
1130
1131
491
524
562
1136
1137
1138
492
544
564
1143
1144
1145
525
545
567
1156
1159
1160
1162
1163
1166
1167
1169
495
1150
1151
1152
528
563
570
1157
1158
1159
548
565
571
1164
1165
1166
531
577
600
1170
1171
578
604
609
1173
1174
551
579
620
1176
1177
580
624
629
1179
1180
643
1183
1184
1185
568
601
639
1190
1191
1192
569
621
641
1197
1198
1199
602
622
644
1210
1213
1214
1216
1217
1220
1221
1223
572
1204
1205
1206
605
640
647
1211
1212
1213
625
642
648
1218
1219
1220
608
654
677
1224
1225
655
681
686
1227
1228
628
656
697
1230
1231
657
701
706
1233
1234
720
1237
1238
1239
645
678
716
1244
1245
1246
646
698
718
1251
1252
1253
679
699
721
1264
1267
1268
1270
1271
1274
1275
1277
649
1258
1259
1260
682
717
724
1265
1266
1267
702
719
725
1272
1273
1274
685
731
754
1278
1279
732
758
763
1281
1282
705
733
774
1284
1285
734
778
783
1287
1288
797
1291
1292
1293
722
755
793
1298
1299
1300
723
775
795
1305
1306
1307
756
776
798
1318
1321
1322
1324
1325
1328
1329
1331
726
1312
1313
1314
759
794
801
1319
1320
1321
779
796
802
1326
1327
1328
762
808
831
1332
1333
809
835
840
1335
1336
782
810
851
1338
1339
811
855
860
1341
1342
874
1345
1346
1347
799
832
870
1352
1353
1354
800
852
872
1359
1360
1361
833
853
875
1372
1375
1376
1378
1379
1382
1383
1385
803
1366
1367
1368
836
871
878
1373
1374
1375
856
873
879
1380
1381
1382
839
885
890
1386
1387
859
886
894
1389
1390
876
891
898
1393
1394
1395
877
895
899
1400
1401
1402
880
1407
1408
1409
184
187
192
1413
1414
185
194
1416
1417
4952
188
197
1420
1421
1422
198
1427
1428
1429
4953
200
1434
1435
1436
188
1440
1441
215
1444
1445
1446
191
216
1451
1452
1453
4957
218
1458
1459
1460
221
1464
1465
4960
197
1467
1468
201
204
1470
1471
198
1473
1474
202
206
1476
1477
207
1480
1481
1482
215
1487
1488
1489
235
1494
1495
1496
208
217
237
1507
1510
1512
1513
1514
1517
1519
1520
1501
1502
1503
211
219
1508
1509
1510
212
238
1515
1516
1517
209
223
269
1521
1522
211
224
1524
1525
210
243
271
1527
1528
212
244
1530
1531
1534
1535
1536
226
246
1554
1556
1558
1560
1561
1563
1565
1567
227
274
1541
1542
1543
247
275
1548
1549
1550
229
1555
1556
1557
249
1562
1563
1564
277
1569
1570
1571
225
1576
1577
1578
1583
1584
1585
221
1590
1591
1592
226
1603
1606
1608
1609
1610
1613
1614
1616
1597
1598
1599
229
1604
1605
1606
222
230
1611
1612
1613
254
1617
1618
233
255
1620
1621
227
1623
1624
229
1626
1627
1630
1631
1632
259
1650
1652
1654
1655
1657
1659
1661
1663
292
1637
1638
1639
232
260
293
1644
1645
1646
1651
1652
1653
233
262
1658
1659
1660
295
1665
1666
1667
265
298
1671
1672
266
1674
1675
245
1678
1679
1680
1685
1686
1687
4953
241
1692
1693
1694
4954
246
1698
1701
1703
1704
1705
1708
1709
1711
249
1699
1700
1701
242
250
1706
1707
1708
1713
1714
1715
4955
256
1719
1720
4956
253
257
1722
1723
247
1725
1726
249
1728
1729
1732
1733
1734
259
1752
1754
1756
1757
1759
1761
1763
1765
312
1739
1740
1741
252
261
313
1746
1747
1748
1753
1754
1755
253
263
1760
1761
1762
315
1767
1768
1769
267
318
1773
1774
268
1776
1777
1779
1780
4960
266
1782
1783
1785
1786
4961
268
1788
1789
1792
1793
1794
1812
1814
1816
1817
1819
1821
1823
1824
265
1799
1800
1801
267
1806
1807
1808
266
1813
1814
1815
268
1820
1821
1822
1827
1828
1829
331
1833
1834
1836
1837
333
1839
1840
1842
1843
274
1845
1846
278
281
1848
1849
275
1851
1852
279
283
1854
1855
284
1858
1859
1860
292
1865
1866
1867
312
1872
1873
1874
285
294
314
1885
1888
1890
1891
1892
1895
1897
1898
1879
1880
1881
288
296
1886
1887
1888
289
316
1893
1894
1895
286
300
346
1899
1900
288
301
1902
1903
287
320
348
1905
1906
289
321
1908
1909
1912
1913
1914
303
323
1932
1934
1936
1938
1939
1941
1943
1945
304
351
1919
1920
1921
324
352
1926
1927
1928
306
1933
1934
1935
326
1940
1941
1942
354
1947
1948
1949
302
1954
1955
1956
1961
1962
1963
298
1968
1969
1970
303
1981
1984
1986
1987
1988
1991
1992
1994
1975
1976
1977
306
1982
1983
1984
299
307
1989
1990
1991
331
1995
1996
310
332
1998
1999
304
2001
2002
306
2004
2005
2008
2009
2010
336
2028
2030
2032
2033
2035
2037
2039
2041
369
2015
2016
2017
309
337
370
2022
2023
2024
2029
2030
2031
310
339
2036
2037
2038
372
2043
2044
2045
342
375
2049
2050
343
2052
2053
322
2056
2057
2058
2063
2064
2065
318
2070
2071
2072
323
2083
2086
2088
2089
2090
2093
2094
2096
2077
2078
2079
326
2084
2085
2086
319
327
2091
2092
2093
333
2097
2098
330
334
2100
2101
324
2103
2104
326
2106
2107
2110
2111
2112
336
2130
2132
2134
2135
2137
2139
2141
2143
389
2117
2118
2119
329
338
390
2124
2125
2126
2131
2132
2133
330
340
2138
2139
2140
392
2145
2146
2147
344
395
2151
2152
345
2154
2155
2157
2158
343
2160
2161
2163
2164
345
2166
2167
2170
2171
2172
2190
2192
2194
2195
2197
2199
2201
2202
342
2177
2178
2179
344
2184
2185
2186
343
2191
2192
2193
345
2198
2199
2200
2205
2206
2207
408
2211
2212
2214
2215
410
2217
2218
2220
2221
351
2223
2224
355
358
2226
2227
352
2229
2230
356
360
2232
2233
361
2236
2237
2238
369
2243
2244
2245
389
2250
2251
2252
362
371
391
2263
2266
2268
2269
2270
2273
2275
2276
2257
2258
2259
365
373
2264
2265
2266
366
393
2271
2272
2273
363
377
423
2277
2278
365
378
2280
2281
364
397
425
2283
2284
366
398
2286
2287
2290
2291
2292
380
400
2310
2312
2314
2316
2317
2319
2321
2323
381
428
2297
2298
2299
401
429
2304
2305
2306
383
2311
2312
2313
403
2318
2319
2320
431
2325
2326
2327
379
2332
2333
2334
2339
2340
2341
375
2346
2347
2348
380
2359
2362
2364
2365
2366
2369
2370
2372
2353
2354
2355
383
2360
2361
2362
376
384
2367
2368
2369
408
2373
2374
387
409
2376
2377
381
2379
2380
383
2382
2383
2386
2387
2388
413
2406
2408
2410
2411
2413
2415
2417
2419
446
2393
2394
2395
386
414
447
2400
2401
2402
2407
2408
2409
387
416
2414
2415
2416
449
2421
2422
2423
419
452
2427
2428
420
2430
2431
399
2434
2435
2436
2441
2442
2443
395
2448
2449
2450
400
2461
2464
2466
2467
2468
2471
2472
2474
2455
2456
2457
403
2462
2463
2464
396
404
2469
2470
2471
410
2475
2476
407
411
2478
2479
401
2481
2482
403
2484
2485
2488
2489
2490
413
2508
2510
2512
2513
2515
2517
2519
2521
466
2495
2496
2497
406
415
467
2502
2503
2504
2509
2510
2511
407
417
2516
2517
2518
469
2523
2524
2525
421
472
2529
2530
422
2532
2533
2535
2536
420
2538
2539
2541
2542
422
2544
2545
2548
2549
2550
2568
2570
2572
2573
2575
2577
2579
2580
419
2555
2556
2557
421
2562
2563
2564
420
2569
2570
2571
422
2576
2577
2578
2583
2584
2585
485
2589
2590
2592
2593
487
2595
2596
2598
2599
428
2601
2602
432
435
2604
2605
429
2607
2608
433
437
2610
2611
438
2614
2615
2616
446
2621
2622
2623
466
2628
2629
2630
439
448
468
2641
2644
2646
2647
2648
2651
2653
2654
2635
2636
2637
442
450
2642
2643
2644
443
470
2649
2650
2651
440
454
500
2655
2656
442
455
2658
2659
441
474
502
2661
2662
443
475
2664
2665
2668
2669
2670
457
477
2688
2690
2692
2694
2695
2697
2699
2701
458
505
2675
2676
2677
478
506
2682
2683
2684
460
2689
2690
2691
480
2696
2697
2698
508
2703
2704
2705
456
2710
2711
2712
2717
2718
2719
452
2724
2725
2726
457
2737
2740
2742
2743
2744
2747
2748
2750
2731
2732
2733
460
2738
2739
2740
453
461
2745
2746
2747
485
2751
2752
464
486
2754
2755
458
2757
2758
460
2760
2761
2764
2765
2766
490
2784
2786
2788
2789
2791
2793
2795
2797
523
2771
2772
2773
463
491
524
2778
2779
2780
2785
2786
2787
464
493
2792
2793
2794
526
2799
2800
2801
496
529
2805
2806
497
2808
2809
476
2812
2813
2814
2819
2820
2821
472
2826
2827
2828
477
2839
2842
2844
2845
2846
2849
2850
2852
2833
2834
2835
480
2840
2841
2842
473
481
2847
2848
2849
487
2853
2854
484
488
2856
2857
478
2859
2860
480
2862
2863
2866
2867
2868
490
2886
2888
2890
2891
2893
2895
2897
2899
543
2873
2874
2875
483
492
544
2880
2881
2882
2887
2888
2889
484
494
2894
2895
2896
546
2901
2902
2903
498
549
2907
2908
499
2910
2911
2913
2914
497
2916
2917
2919
2920
499
2922
2923
2926
2927
2928
2946
2948
2950
2951
2953
2955
2957
2958
496
2933
2934
2935
498
2940
2941
2942
497
2947
2948
2949
499
2954
2955
2956
2961
2962
2963
562
2967
2968
2970
2971
564
2973
2974
2976
2977
505
2979
2980
509
512
2982
2983
506
2985
2986
510
514
2988
2989
515
2992
2993
2994
523
2999
3000
3001
543
3006
3007
3008
516
525
545
3019
3022
3024
3025
3026
3029
3031
3032
3013
3014
3015
519
527
3020
3021
3022
520
547
3027
3028
3029
517
531
577
3033
3034
519
532
3036
3037
518
551
579
3039
3040
520
552
3042
3043
3046
3047
3048
534
554
3066
3068
3070
3072
3073
3075
3077
3079
535
582
3053
3054
3055
555
583
3060
3061
3062
537
3067
3068
3069
557
3074
3075
3076
585
3081
3082
3083
533
3088
3089
3090
3095
3096
3097
529
3102
3103
3104
534
3115
3118
3120
3121
3122
3125
3126
3128
3109
3110
3111
537
3116
3117
3118
530
538
3123
3124
3125
562
3129
3130
541
563
3132
3133
535
3135
3136
537
3138
3139
3142
3143
3144
567
3162
3164
3166
3167
3169
3171
3173
3175
600
3149
3150
3151
540
568
601
3156
3157
3158
3163
3164
3165
541
570
3170
3171
3172
603
3177
3178
3179
573
606
3183
3184
574
3186
3187
553
3190
3191
3192
3197
3198
3199
549
3204
3205
3206
554
3217
3220
3222
3223
3224
3227
3228
3230
3211
3212
3213
557
3218
3219
3220
550
558
3225
3226
3227
564
3231
3232
561
565
3234
3235
555
3237
3238
557
3240
3241
3244
3245
3246
567
3264
3266
3268
3269
3271
3273
3275
3277
620
3251
3252
3253
560
569
621
3258
3259
3260
3265
3266
3267
561
571
3272
3273
3274
623
3279
3280
3281
575
626
3285
3286
576
3288
3289
3291
3292
574
3294
3295
3297
3298
576
3300
3301
3304
3305
3306
3324
3326
3328
3329
3331
3333
3335
3336
573
3311
3312
3313
575
3318
3319
3320
574
3325
3326
3327
576
3332
3333
3334
3339
3340
3341
639
3345
3346
3348
3349
641
3351
3352
3354
3355
582
3357
3358
586
589
3360
3361
583
3363
3364
587
591
3366
3367
592
3370
3371
3372
600
3377
3378
3379
620
3384
3385
3386
593
602
622
3397
3400
3402
3403
3404
3407
3409
3410
3391
3392
3393
596
604
3398
3399
3400
597
624
3405
3406
3407
594
608
654
3411
3412
596
609
3414
3415
595
628
656
3417
3418
597
629
3420
3421
3424
3425
3426
611
631
3444
3446
3448
3450
3451
3453
3455
3457
612
659
3431
3432
3433
632
660
3438
3439
3440
614
3445
3446
3447
634
3452
3453
3454
662
3459
3460
3461
610
3466
3467
3468
3473
3474
3475
606
3480
3481
3482
611
3493
3496
3498
3499
3500
3503
3504
3506
3487
3488
3489
614
3494
3495
3496
607
615
3501
3502
3503
639
3507
3508
618
640
3510
3511
612
3513
3514
614
3516
3517
3520
3521
3522
644
3540
3542
3544
3545
3547
3549
3551
3553
677
3527
3528
3529
617
645
678
3534
3535
3536
3541
3542
3543
618
647
3548
3549
3550
680
3555
3556
3557
650
683
3561
3562
651
3564
3565
630
3568
3569
3570
3575
3576
3577
626
3582
3583
3584
631
3595
3598
3600
3601
3602
3605
3606
3608
3589
3590
3591
634
3596
3597
3598
627
635
3603
3604
3605
641
3609
3610
638
642
3612
3613
632
3615
3616
634
3618
3619
3622
3623
3624
644
3642
3644
3646
3647
3649
3651
3653
3655
697
3629
3630
3631
637
646
698
3636
3637
3638
3643
3644
3645
638
648
3650
3651
3652
700
3657
3658
3659
652
703
3663
3664
653
3666
3667
3669
3670
651
3672
3673
3675
3676
653
3678
3679
3682
3683
3684
3702
3704
3706
3707
3709
3711
3713
3714
650
3689
3690
3691
652
3696
3697
3698
651
3703
3704
3705
653
3710
3711
3712
3717
3718
3719
716
3723
3724
3726
3727
718
3729
3730
3732
3733
659
3735
3736
663
666
3738
3739
660
3741
3742
664
668
3744
3745
669
3748
3749
3750
677
3755
3756
3757
697
3762
3763
3764
670
679
699
3775
3778
3780
3781
3782
3785
3787
3788
3769
3770
3771
673
681
3776
3777
3778
674
701
3783
3784
3785
671
685
731
3789
3790
673
686
3792
3793
672
705
733
3795
3796
674
706
3798
3799
3802
3803
3804
688
708
3822
3824
3826
3828
3829
3831
3833
3835
689
736
3809
3810
3811
709
737
3816
3817
3818
691
3823
3824
3825
711
3830
3831
3832
739
3837
3838
3839
687
3844
3845
3846
3851
3852
3853
683
3858
3859
3860
688
3871
3874
3876
3877
3878
3881
3882
3884
3865
3866
3867
691
3872
3873
3874
684
692
3879
3880
3881
716
3885
3886
695
717
3888
3889
689
3891
3892
691
3894
3895
3898
3899
3900
721
3918
3920
3922
3923
3925
3927
3929
3931
754
3905
3906
3907
694
722
755
3912
3913
3914
3919
3920
3921
695
724
3926
3927
3928
757
3933
3934
3935
727
760
3939
3940
728
3942
3943
707
3946
3947
3948
3953
3954
3955
703
3960
3961
3962
708
3973
3976
3978
3979
3980
3983
3984
3986
3967
3968
3969
711
3974
3975
3976
704
712
3981
3982
3983
718
3987
3988
715
719
3990
3991
709
3993
3994
711
3996
3997
4000
4001
4002
721
4020
4022
4024
4025
4027
4029
4031
4033
774
4007
4008
4009
714
723
775
4014
4015
4016
4021
4022
4023
715
725
4028
4029
4030
777
4035
4036
4037
729
780
4041
4042
730
4044
4045
4047
4048
728
4050
4051
4053
4054
730
4056
4057
4060
4061
4062
4080
4082
4084
4085
4087
4089
4091
4092
727
4067
4068
4069
729
4074
4075
4076
728
4081
4082
4083
730
4088
4089
4090
4095
4096
4097
793
4101
4102
4104
4105
795
4107
4108
4110
4111
736
4113
4114
740
743
4116
4117
737
4119
4120
741
745
4122
4123
746
4126
4127
4128
754
4133
4134
4135
774
4140
4141
4142
747
756
776
4153
4156
4158
4159
4160
4163
4165
4166
4147
4148
4149
750
758
4154
4155
4156
751
778
4161
4162
4163
748
762
808
4167
4168
750
763
4170
4171
749
782
810
4173
4174
751
783
4176
4177
4180
4181
4182
765
785
4200
4202
4204
4206
4207
4209
4211
4213
766
813
4187
4188
4189
786
814
4194
4195
4196
768
4201
4202
4203
788
4208
4209
4210
816
4215
4216
4217
764
4222
4223
4224
4229
4230
4231
760
4236
4237
4238
765
4249
4252
4254
4255
4256
4259
4260
4262
4243
4244
4245
768
4250
4251
4252
761
769
4257
4258
4259
793
4263
4264
772
794
4266
4267
766
4269
4270
768
4272
4273
4276
4277
4278
798
4296
4298
4300
4301
4303
4305
4307
4309
831
4283
4284
4285
771
799
832
4290
4291
4292
4297
4298
4299
772
801
4304
4305
4306
834
4311
4312
4313
804
837
4317
4318
805
4320
4321
784
4324
4325
4326
4331
4332
4333
780
4338
4339
4340
785
4351
4354
4356
4357
4358
4361
4362
4364
4345
4346
4347
788
4352
4353
4354
781
789
4359
4360
4361
795
4365
4366
792
796
4368
4369
786
4371
4372
788
4374
4375
4378
4379
4380
798
4398
4400
4402
4403
4405
4407
4409
4411
851
4385
4386
4387
791
800
852
4392
4393
4394
4399
4400
4401
792
802
4406
4407
4408
854
4413
4414
4415
806
857
4419
4420
807
4422
4423
4425
4426
805
4428
4429
4431
4432
807
4434
4435
4438
4439
4440
4458
4460
4462
4463
4465
4467
4469
4470
804
4445
4446
4447
806
4452
4453
4454
805
4459
4460
4461
807
4466
4467
4468
4473
4474
4475
870
4479
4480
4482
4483
872
4485
4486
4488
4489
813
4491
4492
817
820
4494
4495
814
4497
4498
818
822
4500
4501
823
4504
4505
4506
831
4511
4512
4513
851
4518
4519
4520
824
833
853
4531
4534
4536
4537
4538
4541
4543
4544
4525
4526
4527
827
835
4532
4533
4534
828
855
4539
4540
4541
825
839
885
4545
4546
827
840
4548
4549
826
859
886
4551
4552
828
860
4554
4555
4558
4559
4560
842
862
4578
4580
4582
4584
4585
4587
4589
4591
843
887
4565
4566
4567
863
888
4572
4573
4574
845
4579
4580
4581
865
4586
4587
4588
889
4593
4594
4595
841
4600
4601
4602
4607
4608
4609
837
4614
4615
4616
842
4627
4630
4632
4633
4634
4637
4638
4640
4621
4622
4623
845
4628
4629
4630
838
846
4635
4636
4637
870
4641
4642
849
871
4644
4645
843
4647
4648
845
4650
4651
4654
4655
4656
875
4674
4676
4678
4679
4681
4683
4685
4687
890
4661
4662
4663
848
876
891
4668
4669
4670
4675
4676
4677
849
878
4682
4683
4684
892
4689
4690
4691
881
893
4695
4696
882
4698
4699
861
4702
4703
4704
4709
4710
4711
857
4716
4717
4718
862
4729
4732
4734
4735
4736
4739
4740
4742
4723
4724
4725
865
4730
4731
4732
858
866
4737
4738
4739
872
4743
4744
869
873
4746
4747
863
4749
4750
865
4752
4753
4756
4757
4758
875
4776
4778
4780
4781
4783
4785
4787
4789
894
4763
4764
4765
868
877
895
4770
4771
4772
4777
4778
4779
869
879
4784
4785
4786
896
4791
4792
4793
883
897
4797
4798
884
4800
4801
4803
4804
882
4806
4807
4809
4810
884
4812
4813
4816
4817
4818
4836
4838
4840
4841
4843
4845
4847
4848
881
4823
4824
4825
883
4830
4831
4832
882
4837
4838
4839
884
4844
4845
4846
4851
4852
4853
898
4857
4858
4860
4861
899
4863
4864
4866
4867
887
4869
4870
888
4872
4873
890
4876
4877
4878
894
4883
4884
4885
4890
4891
4892
4897
4898
4899
893
4904
4905
4906
4911
4912
4913
898
4917
4918
4921
4922
4923
897
4928
4929
4930
4935
4936
4937
899
4941
4942
4944
4945
4947
4948
902
1441
1584
902
904
1468
1585
905
1586
905
1604
1626
905
1471
1605
1607
908
910
1474
1686
908
1687
4963
911
1688
911
1699
1728
911
1477
1700
1702
916
917
918
933
940
947
916
918
934
1792
917
918
941
1793
916
917
948
938
951
945
952
939
946
1795
923
924
925
933
947
923
925
1590
4990
923
924
935
1592
1779
924
925
949
1780
4992
937
1593
938
951
1781
953
4994
930
931
932
940
947
930
932
1692
4997
930
931
942
1693
1785
931
932
950
1786
4999
944
1695
945
952
1787
953
5002
937
938
939
938
939
1782
1813
937
938
1612
1783
937
939
1613
1814
1614
1784
1816
944
945
946
945
946
1788
1820
944
945
1707
1789
944
946
1708
1821
1709
1790
1823
951
952
953
951
952
951
953
5005
952
953
5006
5009
956
1624
1962
956
958
1846
1963
959
1964
959
1982
2004
959
1849
1983
1985
962
1726
2064
962
964
1852
2065
965
2066
965
2084
2106
965
1855
2085
2087
970
971
972
987
994
1001
970
971
988
970
972
995
2170
971
972
1002
2171
992
999
993
1006
1000
1007
2173
977
978
979
987
994
977
978
1799
1968
977
979
989
1801
2157
978
979
996
1970
2158
991
1802
998
1971
992
999
2159
984
985
986
987
1001
984
985
1806
2070
984
986
990
1808
2163
985
986
1003
2072
2164
991
1809
1005
2073
993
1006
2165
991
992
993
992
993
991
992
1828
991
993
1829
1830
998
999
1000
999
1000
2160
2191
998
999
1990
2161
998
1000
1991
2192
1992
2162
2194
1005
1006
1007
1006
1007
2166
2198
1005
1006
2092
2167
1005
1007
2093
2199
2094
2168
2201
1010
2002
2340
1010
1012
2224
2341
1013
2342
1013
2360
2382
1013
2227
2361
2363
1016
2104
2442
1016
1018
2230
2443
1019
2444
1019
2462
2484
1019
2233
2463
2465
1024
1025
1026
1041
1048
1055
1024
1025
1042
1024
1026
1049
2548
1025
1026
1056
2549
1046
1053
1047
1060
1054
1061
2551
1031
1032
1033
1041
1048
1031
1032
2177
2346
1031
1033
1043
2179
2535
1032
1033
1050
2348
2536
1045
2180
1052
2349
1046
1053
2537
1038
1039
1040
1041
1055
1038
1039
2184
2448
1038
1040
1044
2186
2541
1039
1040
1057
2450
2542
1045
2187
1059
2451
1047
1060
2543
1045
1046
1047
1046
1047
1045
1046
2206
1045
1047
2207
2208
1052
1053
1054
1053
1054
2538
2569
1052
1053
2368
2539
1052
1054
2369
2570
2370
2540
2572
1059
1060
1061
1060
1061
2544
2576
1059
1060
2470
2545
1059
1061
2471
2577
2472
2546
2579
1064
2380
2718
1064
1066
2602
2719
1067
2720
1067
2738
2760
1067
2605
2739
2741
1070
2482
2820
1070
1072
2608
2821
1073
2822
1073
2840
2862
1073
2611
2841
2843
1078
1079
1080
1095
1102
1109
1078
1079
1096
1078
1080
1103
2926
1079
1080
1110
2927
1100
1107
1101
1114
1108
1115
2929
1085
1086
1087
1095
1102
1085
1086
2555
2724
1085
1087
1097
2557
2913
1086
1087
1104
2726
2914
1099
2558
1106
2727
1100
1107
2915
1092
1093
1094
1095
1109
1092
1093
2562
2826
1092
1094
1098
2564
2919
1093
1094
1111
2828
2920
1099
2565
1113
2829
1101
1114
2921
1099
1100
1101
1100
1101
1099
1100
2584
1099
1101
2585
2586
1106
1107
1108
1107
1108
2916
2947
1106
1107
2746
2917
1106
1108
2747
2948
2748
2918
2950
1113
1114
1115
1114
1115
2922
2954
1113
1114
2848
2923
1113
1115
2849
2955
2850
2924
2957
1118
2758
3096
1118
1120
2980
3097
1121
3098
1121
3116
3138
1121
2983
3117
3119
1124
2860
3198
1124
1126
2986
3199
1127
3200
1127
3218
3240
1127
2989
3219
3221
1132
1133
1134
1149
1156
1163
1132
1133
1150
1132
1134
1157
3304
1133
1134
1164
3305
1154
1161
1155
1168
1162
1169
3307
1139
1140
1141
1149
1156
1139
1140
2933
3102
1139
1141
1151
2935
3291
1140
1141
1158
3104
3292
1153
2936
1160
3105
1154
1161
3293
1146
1147
1148
1149
1163
1146
1147
2940
3204
1146
1148
1152
2942
3297
1147
1148
1165
3206
3298
1153
2943
1167
3207
1155
1168
3299
1153
1154
1155
1154
1155
1153
1154
2962
1153
1155
2963
2964
1160
1161
1162
1161
1162
3294
3325
1160
1161
3124
3295
1160
1162
3125
3326
3126
3296
3328
1167
1168
1169
1168
1169
3300
3332
1167
1168
3226
3301
1167
1169
3227
3333
3228
3302
3335
1172
3136
3474
1172
1174
3358
3475
1175
3476
1175
3494
3516
1175
3361
3495
3497
1178
3238
3576
1178
1180
3364
3577
1181
3578
1181
3596
3618
1181
3367
3597
3599
1186
1187
1188
1203
1210
1217
1186
1187
1204
1186
1188
1211
3682
1187
1188
1218
3683
1208
1215
1209
1222
1216
1223
3685
1193
1194
1195
1203
1210
1193
1194
3311
3480
1193
1195
1205
3313
3669
1194
1195
1212
3482
3670
1207
3314
1214
3483
1208
1215
3671
1200
1201
1202
1203
1217
1200
1201
3318
3582
1200
1202
1206
3320
3675
1201
1202
1219
3584
3676
1207
3321
1221
3585
1209
1222
3677
1207
1208
1209
1208
1209
1207
1208
3340
1207
1209
3341
3342
1214
1215
1216
1215
1216
3672
3703
1214
1215
3502
3673
1214
1216
3503
3704
3504
3674
3706
1221
1222
1223
1222
1223
3678
3710
1221
1222
3604
3679
1221
1223
3605
3711
3606
3680
3713
1226
3514
3852
1226
1228
3736
3853
1229
3854
1229
3872
3894
1229
3739
3873
3875
1232
3616
3954
1232
1234
3742
3955
1235
3956
1235
3974
3996
1235
3745
3975
3977
1240
1241
1242
1257
1264
1271
1240
1241
1258
1240
1242
1265
4060
1241
1242
1272
4061
1262
1269
1263
1276
1270
1277
4063
1247
1248
1249
1257
1264
1247
1248
3689
3858
1247
1249
1259
3691
4047
1248
1249
1266
3860
4048
1261
3692
1268
3861
1262
1269
4049
1254
1255
1256
1257
1271
1254
1255
3696
3960
1254
1256
1260
3698
4053
1255
1256
1273
3962
4054
1261
3699
1275
3963
1263
1276
4055
1261
1262
1263
1262
1263
1261
1262
3718
1261
1263
3719
3720
1268
1269
1270
1269
1270
4050
4081
1268
1269
3880
4051
1268
1270
3881
4082
3882
4052
4084
1275
1276
1277
1276
1277
4056
4088
1275
1276
3982
4057
1275
1277
3983
4089
3984
4058
4091
1280
3892
4230
1280
1282
4114
4231
1283
4232
1283
4250
4272
1283
4117
4251
4253
1286
3994
4332
1286
1288
4120
4333
1289
4334
1289
4352
4374
1289
4123
4353
4355
1294
1295
1296
1311
1318
1325
1294
1295
1312
1294
1296
1319
4438
1295
1296
1326
4439
1316
1323
1317
1330
1324
1331
4441
1301
1302
1303
1311
1318
1301
1302
4067
4236
1301
1303
1313
4069
4425
1302
1303
1320
4238
4426
1315
4070
1322
4239
1316
1323
4427
1308
1309
1310
1311
1325
1308
1309
4074
4338
1308
1310
1314
4076
4431
1309
1310
1327
4340
4432
1315
4077
1329
4341
1317
1330
4433
1315
1316
1317
1316
1317
1315
1316
4096
1315
1317
4097
4098
1322
1323
1324
1323
1324
4428
4459
1322
1323
4258
4429
1322
1324
4259
4460
4260
4430
4462
1329
1330
1331
1330
1331
4434
4466
1329
1330
4360
4435
1329
1331
4361
4467
4362
4436
4469
1334
4270
4608
1334
1336
4492
4609
1337
4610
1337
4628
4650
1337
4495
4629
4631
1340
4372
4710
1340
1342
4498
4711
1343
4712
1343
4730
4752
1343
4501
4731
4733
1348
1349
1350
1365
1372
1379
1348
1349
1366
1348
1350
1373
4816
1349
1350
1380
4817
1370
1377
1371
1384
1378
1385
4819
1355
1356
1357
1365
1372
1355
1356
4445
4614
1355
1357
1367
4447
4803
1356
1357
1374
4616
4804
1369
4448
1376
4617
1370
1377
4805
1362
1363
1364
1365
1379
1362
1363
4452
4716
1362
1364
1368
4454
4809
1363
1364
1381
4718
4810
1369
4455
1383
4719
1371
1384
4811
1369
1370
1371
1370
1371
1369
1370
4474
1369
1371
4475
4476
1376
1377
1378
1377
1378
4806
4837
1376
1377
4636
4807
1376
1378
4637
4838
4638
4808
4840
1383
1384
1385
1384
1385
4812
4844
1383
1384
4738
4813
1383
1385
4739
4845
4740
4814
4847
1388
4648
4898
1388
4870
4899
4900
1391
4750
4922
1391
4873
4923
4924
1396
1397
1398
1406
1396
1397
4823
4904
1396
1398
1408
4825
4944
1397
1398
4906
4945
1410
4826
4907
1411
4946
1403
1404
1405
1406
1403
1404
4830
4928
1403
1405
1409
4832
4947
1404
1405
4930
4948
1410
4833
4931
1412
4949
1410
1411
1412
1411
1412
1410
1411
4852
1410
1412
4853
4854
1415
1421
1440
1415
1422
1467
1423
1418
1428
1473
1418
1429
4962
1430
1423
1424
1425
1433
1424
1425
1444
1487
1423
1424
1445
1423
1425
1435
1488
1437
1447
1439
1490
1430
1431
1432
1433
1431
1432
1494
4966
1430
1431
1436
1495
1430
1432
4967
1438
1439
1497
4970
1437
1438
1439
1437
1438
1437
1439
1502
1438
1439
1503
1504
1442
1445
1442
1446
1448
1447
1448
1449
1457
1447
1449
1583
1447
1448
1448
1449
1459
1584
1461
1463
1587
1454
1455
1456
1457
1455
1456
1590
4990
1454
1455
1460
1464
1591
1454
1456
1465
4991
1462
1466
1463
1594
4995
1461
1462
1463
1461
1462
1461
1463
1598
1462
1463
1599
1601
1466
1617
1466
5010
1469
1488
1469
1471
1489
1472
1491
1472
1508
1524
1472
1509
1511
1475
1495
1475
1477
1496
1478
1498
1478
1515
1530
1478
1516
1518
1483
1484
1485
1500
1507
1514
1483
1484
1501
1483
1485
1508
1534
1484
1485
1515
1535
1505
1511
1506
1518
1512
1519
1537
1490
1491
1492
1500
1507
1490
1492
1583
1490
1491
1502
1491
1492
1509
1585
1504
1505
1511
1513
1588
1497
1498
1499
1500
1514
1497
1499
1685
1497
1498
1503
1498
1499
1516
1686
1504
1506
1518
1520
1689
1504
1505
1506
1505
1506
1504
1505
1504
1506
1511
1512
1513
1511
1512
1555
1511
1513
1605
1512
1513
1556
1606
1558
1608
1518
1519
1520
1518
1519
1562
1518
1520
1700
1519
1520
1563
1701
1565
1703
1523
1525
1542
1623
1523
1543
1845
1526
1544
1526
1555
1526
1557
1627
1559
1529
1531
1549
1725
1529
1550
1851
1532
1551
1532
1562
1532
1564
1729
1566
1537
1538
1539
1554
1561
1568
1537
1538
1555
1537
1539
1562
1538
1539
1569
1558
1565
1559
1572
1566
1573
1544
1545
1546
1554
1568
1545
1546
1637
1865
1544
1545
1557
1638
1544
1546
1570
1866
1559
1572
1560
1640
1574
1868
1551
1552
1553
1561
1568
1552
1553
1739
1872
1551
1552
1564
1740
1551
1553
1571
1873
1566
1573
1567
1742
1574
1875
1558
1559
1560
1558
1559
1558
1560
1652
1559
1560
1653
1654
1565
1566
1567
1565
1566
1565
1567
1754
1566
1567
1755
1756
1572
1573
1574
1572
1573
1572
1574
1880
1573
1574
1881
1882
1579
1580
1581
1596
1603
1610
1579
1580
1597
1579
1581
1604
1630
1580
1581
1611
1631
1600
1607
1602
1615
1609
1616
1633
1586
1587
1588
1596
1603
1587
1588
1586
1587
1598
1586
1588
1605
1600
1607
1601
1608
1593
1594
1595
1596
1610
1593
1594
1594
1595
1599
1617
1593
1595
1612
1618
1614
1601
1602
1615
1619
1600
1601
1602
1600
1602
1600
1601
1601
1602
1607
1608
1609
1607
1609
1651
1607
1608
1608
1609
1652
1655
1614
1615
1616
1615
1616
1620
1658
1614
1615
1621
1614
1616
1659
1622
1661
1619
1619
1621
1779
1622
1622
1674
1622
1783
1625
1627
1638
1625
1639
1628
1641
1628
1651
1628
1653
1656
1633
1634
1635
1650
1657
1664
1633
1634
1651
1633
1635
1658
1634
1635
1665
1655
1661
1656
1668
1662
1669
1640
1641
1642
1650
1664
1640
1642
1961
1640
1641
1653
1641
1642
1666
1962
1654
1656
1668
1670
1965
1647
1648
1649
1657
1664
1648
1649
1799
1968
1647
1648
1660
1671
1800
1647
1649
1667
1672
1969
1662
1669
1673
1663
1803
1670
1972
1654
1655
1656
1655
1656
1654
1655
1654
1656
1661
1662
1663
1661
1662
1674
1661
1663
1814
1662
1663
1675
1815
1676
1817
1668
1669
1670
1668
1669
1668
1670
1976
1669
1670
1977
1979
1673
1675
1833
1673
1995
1676
1676
1676
1837
1681
1682
1683
1698
1705
1712
1681
1683
1699
1732
1682
1683
1706
1733
1681
1682
1713
1702
1716
1710
1717
1704
1711
1735
1688
1689
1690
1698
1712
1689
1690
4966
1688
1689
1700
1688
1690
1714
4968
1702
1716
1703
1718
4971
1695
1696
1697
1705
1712
1695
1697
4973
1695
1696
1707
1719
1696
1697
1715
1720
4975
1709
1710
1717
1721
1718
4978
1702
1703
1704
1702
1704
1753
1702
1703
1703
1704
1754
1757
1709
1710
1711
1710
1711
1722
1760
1709
1710
1723
1709
1711
1761
1724
1763
1716
1717
1718
1716
1717
1716
1718
4981
1717
1718
4982
4985
1721
1723
1785
1721
4987
1724
1724
1776
1724
1789
1727
1729
1740
1727
1741
1730
1743
1730
1753
1730
1755
1758
1735
1736
1737
1752
1759
1766
1735
1736
1753
1735
1737
1760
1736
1737
1767
1757
1763
1758
1770
1764
1771
1742
1743
1744
1752
1766
1742
1744
2063
1742
1743
1755
1743
1744
1768
2064
1756
1758
1770
1772
2067
1749
1750
1751
1759
1766
1750
1751
1806
2070
1749
1750
1762
1773
1807
1749
1751
1769
1774
2071
1764
1771
1775
1765
1810
1772
2074
1756
1757
1758
1757
1758
1756
1757
1756
1758
1763
1764
1765
1763
1764
1776
1763
1765
1821
1764
1765
1777
1822
1778
1824
1770
1771
1772
1770
1771
1770
1772
2078
1771
1772
2079
2081
1775
1777
1839
1775
2097
1778
1778
1778
1843
1781
1783
1781
5011
1784
1784
1836
1784
1787
1789
1787
5014
1790
1790
1842
1790
1795
1796
1797
1812
1819
1826
1795
1796
1813
1795
1797
1820
1796
1797
1827
1816
1823
1818
1831
1825
1832
1802
1803
1804
1812
1826
1802
1803
1803
1804
1815
1833
1802
1804
1828
1834
1830
1817
1818
1831
1835
1809
1810
1811
1819
1826
1809
1810
1810
1811
1822
1839
1809
1811
1829
1840
1830
1824
1825
1832
1841
1816
1817
1818
1816
1818
1836
1816
1817
1817
1818
1837
1838
1823
1824
1825
1823
1825
1842
1823
1824
1824
1825
1843
1844
1830
1831
1832
1831
1832
1830
1831
1830
1832
1835
1837
1835
2157
1838
1838
1838
1841
1843
1841
2163
1844
1844
1844
1847
1866
1847
1849
1867
1850
1869
1850
1886
1902
1850
1887
1889
1853
1873
1853
1855
1874
1856
1876
1856
1893
1908
1856
1894
1896
1861
1862
1863
1878
1885
1892
1861
1862
1879
1861
1863
1886
1912
1862
1863
1893
1913
1883
1889
1884
1896
1890
1897
1915
1868
1869
1870
1878
1885
1868
1870
1961
1868
1869
1880
1869
1870
1887
1963
1882
1883
1889
1891
1966
1875
1876
1877
1878
1892
1875
1877
2063
1875
1876
1881
1876
1877
1894
2065
1882
1884
1896
1898
2068
1882
1883
1884
1883
1884
1882
1883
1882
1884
1889
1890
1891
1889
1890
1933
1889
1891
1983
1890
1891
1934
1984
1936
1986
1896
1897
1898
1896
1897
1940
1896
1898
2085
1897
1898
1941
2086
1943
2088
1901
1903
1920
2001
1901
1921
2223
1904
1922
1904
1933
1904
1935
2005
1937
1907
1909
1927
2103
1907
1928
2229
1910
1929
1910
1940
1910
1942
2107
1944
1915
1916
1917
1932
1939
1946
1915
1916
1933
1915
1917
1940
1916
1917
1947
1936
1943
1937
1950
1944
1951
1922
1923
1924
1932
1946
1923
1924
2015
2243
1922
1923
1935
2016
1922
1924
1948
2244
1937
1950
1938
2018
1952
2246
1929
1930
1931
1939
1946
1930
1931
2117
2250
1929
1930
1942
2118
1929
1931
1949
2251
1944
1951
1945
2120
1952
2253
1936
1937
1938
1936
1937
1936
1938
2030
1937
1938
2031
2032
1943
1944
1945
1943
1944
1943
1945
2132
1944
1945
2133
2134
1950
1951
1952
1950
1951
1950
1952
2258
1951
1952
2259
2260
1957
1958
1959
1974
1981
1988
1957
1958
1975
1957
1959
1982
2008
1958
1959
1989
2009
1978
1985
1980
1993
1987
1994
2011
1964
1965
1966
1974
1981
1965
1966
1964
1965
1976
1964
1966
1983
1978
1985
1979
1986
1971
1972
1973
1974
1988
1971
1972
1972
1973
1977
1995
1971
1973
1990
1996
1992
1979
1980
1993
1997
1978
1979
1980
1978
1980
1978
1979
1979
1980
1985
1986
1987
1985
1987
2029
1985
1986
1986
1987
2030
2033
1992
1993
1994
1993
1994
1998
2036
1992
1993
1999
1992
1994
2037
2000
2039
1997
1997
1999
2158
2000
2000
2052
2000
2161
2003
2005
2016
2003
2017
2006
2019
2006
2029
2006
2031
2034
2011
2012
2013
2028
2035
2042
2011
2012
2029
2011
2013
2036
2012
2013
2043
2033
2039
2034
2046
2040
2047
2018
2019
2020
2028
2042
2018
2020
2339
2018
2019
2031
2019
2020
2044
2340
2032
2034
2046
2048
2343
2025
2026
2027
2035
2042
2026
2027
2177
2346
2025
2026
2038
2049
2178
2025
2027
2045
2050
2347
2040
2047
2051
2041
2181
2048
2350
2032
2033
2034
2033
2034
2032
2033
2032
2034
2039
2040
2041
2039
2040
2052
2039
2041
2192
2040
2041
2053
2193
2054
2195
2046
2047
2048
2046
2047
2046
2048
2354
2047
2048
2355
2357
2051
2053
2211
2051
2373
2054
2054
2054
2215
2059
2060
2061
2076
2083
2090
2059
2060
2077
2059
2061
2084
2110
2060
2061
2091
2111
2080
2087
2082
2095
2089
2096
2113
2066
2067
2068
2076
2083
2067
2068
2066
2067
2078
2066
2068
2085
2080
2087
2081
2088
2073
2074
2075
2076
2090
2073
2074
2074
2075
2079
2097
2073
2075
2092
2098
2094
2081
2082
2095
2099
2080
2081
2082
2080
2082
2080
2081
2081
2082
2087
2088
2089
2087
2089
2131
2087
2088
2088
2089
2132
2135
2094
2095
2096
2095
2096
2100
2138
2094
2095
2101
2094
2096
2139
2102
2141
2099
2099
2101
2164
2102
2102
2154
2102
2167
2105
2107
2118
2105
2119
2108
2121
2108
2131
2108
2133
2136
2113
2114
2115
2130
2137
2144
2113
2114
2131
2113
2115
2138
2114
2115
2145
2135
2141
2136
2148
2142
2149
2120
2121
2122
2130
2144
2120
2122
2441
2120
2121
2133
2121
2122
2146
2442
2134
2136
2148
2150
2445
2127
2128
2129
2137
2144
2128
2129
2184
2448
2127
2128
2140
2151
2185
2127
2129
2147
2152
2449
2142
2149
2153
2143
2188
2150
2452
2134
2135
2136
2135
2136
2134
2135
2134
2136
2141
2142
2143
2141
2142
2154
2141
2143
2199
2142
2143
2155
2200
2156
2202
2148
2149
2150
2148
2149
2148
2150
2456
2149
2150
2457
2459
2153
2155
2217
2153
2475
2156
2156
2156
2221
2159
2159
2161
2162
2162
2214
2162
2165
2165
2167
2168
2168
2220
2168
2173
2174
2175
2190
2197
2204
2173
2174
2191
2173
2175
2198
2174
2175
2205
2194
2201
2196
2209
2203
2210
2180
2181
2182
2190
2204
2180
2181
2181
2182
2193
2211
2180
2182
2206
2212
2208
2195
2196
2209
2213
2187
2188
2189
2197
2204
2187
2188
2188
2189
2200
2217
2187
2189
2207
2218
2208
2202
2203
2210
2219
2194
2195
2196
2194
2196
2214
2194
2195
2195
2196
2215
2216
2201
2202
2203
2201
2203
2220
2201
2202
2202
2203
2221
2222
2208
2209
2210
2209
2210
2208
2209
2208
2210
2213
2215
2213
2535
2216
2216
2216
2219
2221
2219
2541
2222
2222
2222
2225
2244
2225
2227
2245
2228
2247
2228
2264
2280
2228
2265
2267
2231
2251
2231
2233
2252
2234
2254
2234
2271
2286
2234
2272
2274
2239
2240
2241
2256
2263
2270
2239
2240
2257
2239
2241
2264
2290
2240
2241
2271
2291
2261
2267
2262
2274
2268
2275
2293
2246
2247
2248
2256
2263
2246
2248
2339
2246
2247
2258
2247
2248
2265
2341
2260
2261
2267
2269
2344
2253
2254
2255
2256
2270
2253
2255
2441
2253
2254
2259
2254
2255
2272
2443
2260
2262
2274
2276
2446
2260
2261
2262
2261
2262
2260
2261
2260
2262
2267
2268
2269
2267
2268
2311
2267
2269
2361
2268
2269
2312
2362
2314
2364
2274
2275
2276
2274
2275
2318
2274
2276
2463
2275
2276
2319
2464
2321
2466
2279
2281
2298
2379
2279
2299
2601
2282
2300
2282
2311
2282
2313
2383
2315
2285
2287
2305
2481
2285
2306
2607
2288
2307
2288
2318
2288
2320
2485
2322
2293
2294
2295
2310
2317
2324
2293
2294
2311
2293
2295
2318
2294
2295
2325
2314
2321
2315
2328
2322
2329
2300
2301
2302
2310
2324
2301
2302
2393
2621
2300
2301
2313
2394
2300
2302
2326
2622
2315
2328
2316
2396
2330
2624
2307
2308
2309
2317
2324
2308
2309
2495
2628
2307
2308
2320
2496
2307
2309
2327
2629
2322
2329
2323
2498
2330
2631
2314
2315
2316
2314
2315
2314
2316
2408
2315
2316
2409
2410
2321
2322
2323
2321
2322
2321
2323
2510
2322
2323
2511
2512
2328
2329
2330
2328
2329
2328
2330
2636
2329
2330
2637
2638
2335
2336
2337
2352
2359
2366
2335
2336
2353
2335
2337
2360
2386
2336
2337
2367
2387
2356
2363
2358
2371
2365
2372
2389
2342
2343
2344
2352
2359
2343
2344
2342
2343
2354
2342
2344
2361
2356
2363
2357
2364
2349
2350
2351
2352
2366
2349
2350
2350
2351
2355
2373
2349
2351
2368
2374
2370
2357
2358
2371
2375
2356
2357
2358
2356
2358
2356
2357
2357
2358
2363
2364
2365
2363
2365
2407
2363
2364
2364
2365
2408
2411
2370
2371
2372
2371
2372
2376
2414
2370
2371
2377
2370
2372
2415
2378
2417
2375
2375
2377
2536
2378
2378
2430
2378
2539
2381
2383
2394
2381
2395
2384
2397
2384
2407
2384
2409
2412
2389
2390
2391
2406
2413
2420
2389
2390
2407
2389
2391
2414
2390
2391
2421
2411
2417
2412
2424
2418
2425
2396
2397
2398
2406
2420
2396
2398
2717
2396
2397
2409
2397
2398
2422
2718
2410
2412
2424
2426
2721
2403
2404
2405
2413
2420
2404
2405
2555
2724
2403
2404
2416
2427
2556
2403
2405
2423
2428
2725
2418
2425
2429
2419
2559
2426
2728
2410
2411
2412
2411
2412
2410
2411
2410
2412
2417
2418
2419
2417
2418
2430
2417
2419
2570
2418
2419
2431
2571
2432
2573
2424
2425
2426
2424
2425
2424
2426
2732
2425
2426
2733
2735
2429
2431
2589
2429
2751
2432
2432
2432
2593
2437
2438
2439
2454
2461
2468
2437
2438
2455
2437
2439
2462
2488
2438
2439
2469
2489
2458
2465
2460
2473
2467
2474
2491
2444
2445
2446
2454
2461
2445
2446
2444
2445
2456
2444
2446
2463
2458
2465
2459
2466
2451
2452
2453
2454
2468
2451
2452
2452
2453
2457
2475
2451
2453
2470
2476
2472
2459
2460
2473
2477
2458
2459
2460
2458
2460
2458
2459
2459
2460
2465
2466
2467
2465
2467
2509
2465
2466
2466
2467
2510
2513
2472
2473
2474
2473
2474
2478
2516
2472
2473
2479
2472
2474
2517
2480
2519
2477
2477
2479
2542
2480
2480
2532
2480
2545
2483
2485
2496
2483
2497
2486
2499
2486
2509
2486
2511
2514
2491
2492
2493
2508
2515
2522
2491
2492
2509
2491
2493
2516
2492
2493
2523
2513
2519
2514
2526
2520
2527
2498
2499
2500
2508
2522
2498
2500
2819
2498
2499
2511
2499
2500
2524
2820
2512
2514
2526
2528
2823
2505
2506
2507
2515
2522
2506
2507
2562
2826
2505
2506
2518
2529
2563
2505
2507
2525
2530
2827
2520
2527
2531
2521
2566
2528
2830
2512
2513
2514
2513
2514
2512
2513
2512
2514
2519
2520
2521
2519
2520
2532
2519
2521
2577
2520
2521
2533
2578
2534
2580
2526
2527
2528
2526
2527
2526
2528
2834
2527
2528
2835
2837
2531
2533
2595
2531
2853
2534
2534
2534
2599
2537
2537
2539
2540
2540
2592
2540
2543
2543
2545
2546
2546
2598
2546
2551
2552
2553
2568
2575
2582
2551
2552
2569
2551
2553
2576
2552
2553
2583
2572
2579
2574
2587
2581
2588
2558
2559
2560
2568
2582
2558
2559
2559
2560
2571
2589
2558
2560
2584
2590
2586
2573
2574
2587
2591
2565
2566
2567
2575
2582
2565
2566
2566
2567
2578
2595
2565
2567
2585
2596
2586
2580
2581
2588
2597
2572
2573
2574
2572
2574
2592
2572
2573
2573
2574
2593
2594
2579
2580
2581
2579
2581
2598
2579
2580
2580
2581
2599
2600
2586
2587
2588
2587
2588
2586
2587
2586
2588
2591
2593
2591
2913
2594
2594
2594
2597
2599
2597
2919
2600
2600
2600
2603
2622
2603
2605
2623
2606
2625
2606
2642
2658
2606
2643
2645
2609
2629
2609
2611
2630
2612
2632
2612
2649
2664
2612
2650
2652
2617
2618
2619
2634
2641
2648
2617
2618
2635
2617
2619
2642
2668
2618
2619
2649
2669
2639
2645
2640
2652
2646
2653
2671
2624
2625
2626
2634
2641
2624
2626
2717
2624
2625
2636
2625
2626
2643
2719
2638
2639
2645
2647
2722
2631
2632
2633
2634
2648
2631
2633
2819
2631
2632
2637
2632
2633
2650
2821
2638
2640
2652
2654
2824
2638
2639
2640
2639
2640
2638
2639
2638
2640
2645
2646
2647
2645
2646
2689
2645
2647
2739
2646
2647
2690
2740
2692
2742
2652
2653
2654
2652
2653
2696
2652
2654
2841
2653
2654
2697
2842
2699
2844
2657
2659
2676
2757
2657
2677
2979
2660
2678
2660
2689
2660
2691
2761
2693
2663
2665
2683
2859
2663
2684
2985
2666
2685
2666
2696
2666
2698
2863
2700
2671
2672
2673
2688
2695
2702
2671
2672
2689
2671
2673
2696
2672
2673
2703
2692
2699
2693
2706
2700
2707
2678
2679
2680
2688
2702
2679
2680
2771
2999
2678
2679
2691
2772
2678
2680
2704
3000
2693
2706
2694
2774
2708
3002
2685
2686
2687
2695
2702
2686
2687
2873
3006
2685
2686
2698
2874
2685
2687
2705
3007
2700
2707
2701
2876
2708
3009
2692
2693
2694
2692
2693
2692
2694
2786
2693
2694
2787
2788
2699
2700
2701
2699
2700
2699
2701
2888
2700
2701
2889
2890
2706
2707
2708
2706
2707
2706
2708
3014
2707
2708
3015
3016
2713
2714
2715
2730
2737
2744
2713
2714
2731
2713
2715
2738
2764
2714
2715
2745
2765
2734
2741
2736
2749
2743
2750
2767
2720
2721
2722
2730
2737
2721
2722
2720
2721
2732
2720
2722
2739
2734
2741
2735
2742
2727
2728
2729
2730
2744
2727
2728
2728
2729
2733
2751
2727
2729
2746
2752
2748
2735
2736
2749
2753
2734
2735
2736
2734
2736
2734
2735
2735
2736
2741
2742
2743
2741
2743
2785
2741
2742
2742
2743
2786
2789
2748
2749
2750
2749
2750
2754
2792
2748
2749
2755
2748
2750
2793
2756
2795
2753
2753
2755
2914
2756
2756
2808
2756
2917
2759
2761
2772
2759
2773
2762
2775
2762
2785
2762
2787
2790
2767
2768
2769
2784
2791
2798
2767
2768
2785
2767
2769
2792
2768
2769
2799
2789
2795
2790
2802
2796
2803
2774
2775
2776
2784
2798
2774
2776
3095
2774
2775
2787
2775
2776
2800
3096
2788
2790
2802
2804
3099
2781
2782
2783
2791
2798
2782
2783
2933
3102
2781
2782
2794
2805
2934
2781
2783
2801
2806
3103
2796
2803
2807
2797
2937
2804
3106
2788
2789
2790
2789
2790
2788
2789
2788
2790
2795
2796
2797
2795
2796
2808
2795
2797
2948
2796
2797
2809
2949
2810
2951
2802
2803
2804
2802
2803
2802
2804
3110
2803
2804
3111
3113
2807
2809
2967
2807
3129
2810
2810
2810
2971
2815
2816
2817
2832
2839
2846
2815
2816
2833
2815
2817
2840
2866
2816
2817
2847
2867
2836
2843
2838
2851
2845
2852
2869
2822
2823
2824
2832
2839
2823
2824
2822
2823
2834
2822
2824
2841
2836
2843
2837
2844
2829
2830
2831
2832
2846
2829
2830
2830
2831
2835
2853
2829
2831
2848
2854
2850
2837
2838
2851
2855
2836
2837
2838
2836
2838
2836
2837
2837
2838
2843
2844
2845
2843
2845
2887
2843
2844
2844
2845
2888
2891
2850
2851
2852
2851
2852
2856
2894
2850
2851
2857
2850
2852
2895
2858
2897
2855
2855
2857
2920
2858
2858
2910
2858
2923
2861
2863
2874
2861
2875
2864
2877
2864
2887
2864
2889
2892
2869
2870
2871
2886
2893
2900
2869
2870
2887
2869
2871
2894
2870
2871
2901
2891
2897
2892
2904
2898
2905
2876
2877
2878
2886
2900
2876
2878
3197
2876
2877
2889
2877
2878
2902
3198
2890
2892
2904
2906
3201
2883
2884
2885
2893
2900
2884
2885
2940
3204
2883
2884
2896
2907
2941
2883
2885
2903
2908
3205
2898
2905
2909
2899
2944
2906
3208
2890
2891
2892
2891
2892
2890
2891
2890
2892
2897
2898
2899
2897
2898
2910
2897
2899
2955
2898
2899
2911
2956
2912
2958
2904
2905
2906
2904
2905
2904
2906
3212
2905
2906
3213
3215
2909
2911
2973
2909
3231
2912
2912
2912
2977
2915
2915
2917
2918
2918
2970
2918
2921
2921
2923
2924
2924
2976
2924
2929
2930
2931
2946
2953
2960
2929
2930
2947
2929
2931
2954
2930
2931
2961
2950
2957
2952
2965
2959
2966
2936
2937
2938
2946
2960
2936
2937
2937
2938
2949
2967
2936
2938
2962
2968
2964
2951
2952
2965
2969
2943
2944
2945
2953
2960
2943
2944
2944
2945
2956
2973
2943
2945
2963
2974
2964
2958
2959
2966
2975
2950
2951
2952
2950
2952
2970
2950
2951
2951
2952
2971
2972
2957
2958
2959
2957
2959
2976
2957
2958
2958
2959
2977
2978
2964
2965
2966
2965
2966
2964
2965
2964
2966
2969
2971
2969
3291
2972
2972
2972
2975
2977
2975
3297
2978
2978
2978
2981
3000
2981
2983
3001
2984
3003
2984
3020
3036
2984
3021
3023
2987
3007
2987
2989
3008
2990
3010
2990
3027
3042
2990
3028
3030
2995
2996
2997
3012
3019
3026
2995
2996
3013
2995
2997
3020
3046
2996
2997
3027
3047
3017
3023
3018
3030
3024
3031
3049
3002
3003
3004
3012
3019
3002
3004
3095
3002
3003
3014
3003
3004
3021
3097
3016
3017
3023
3025
3100
3009
3010
3011
3012
3026
3009
3011
3197
3009
3010
3015
3010
3011
3028
3199
3016
3018
3030
3032
3202
3016
3017
3018
3017
3018
3016
3017
3016
3018
3023
3024
3025
3023
3024
3067
3023
3025
3117
3024
3025
3068
3118
3070
3120
3030
3031
3032
3030
3031
3074
3030
3032
3219
3031
3032
3075
3220
3077
3222
3035
3037
3054
3135
3035
3055
3357
3038
3056
3038
3067
3038
3069
3139
3071
3041
3043
3061
3237
3041
3062
3363
3044
3063
3044
3074
3044
3076
3241
3078
3049
3050
3051
3066
3073
3080
3049
3050
3067
3049
3051
3074
3050
3051
3081
3070
3077
3071
3084
3078
3085
3056
3057
3058
3066
3080
3057
3058
3149
3377
3056
3057
3069
3150
3056
3058
3082
3378
3071
3084
3072
3152
3086
3380
3063
3064
3065
3073
3080
3064
3065
3251
3384
3063
3064
3076
3252
3063
3065
3083
3385
3078
3085
3079
3254
3086
3387
3070
3071
3072
3070
3071
3070
3072
3164
3071
3072
3165
3166
3077
3078
3079
3077
3078
3077
3079
3266
3078
3079
3267
3268
3084
3085
3086
3084
3085
3084
3086
3392
3085
3086
3393
3394
3091
3092
3093
3108
3115
3122
3091
3092
3109
3091
3093
3116
3142
3092
3093
3123
3143
3112
3119
3114
3127
3121
3128
3145
3098
3099
3100
3108
3115
3099
3100
3098
3099
3110
3098
3100
3117
3112
3119
3113
3120
3105
3106
3107
3108
3122
3105
3106
3106
3107
3111
3129
3105
3107
3124
3130
3126
3113
3114
3127
3131
3112
3113
3114
3112
3114
3112
3113
3113
3114
3119
3120
3121
3119
3121
3163
3119
3120
3120
3121
3164
3167
3126
3127
3128
3127
3128
3132
3170
3126
3127
3133
3126
3128
3171
3134
3173
3131
3131
3133
3292
3134
3134
3186
3134
3295
3137
3139
3150
3137
3151
3140
3153
3140
3163
3140
3165
3168
3145
3146
3147
3162
3169
3176
3145
3146
3163
3145
3147
3170
3146
3147
3177
3167
3173
3168
3180
3174
3181
3152
3153
3154
3162
3176
3152
3154
3473
3152
3153
3165
3153
3154
3178
3474
3166
3168
3180
3182
3477
3159
3160
3161
3169
3176
3160
3161
3311
3480
3159
3160
3172
3183
3312
3159
3161
3179
3184
3481
3174
3181
3185
3175
3315
3182
3484
3166
3167
3168
3167
3168
3166
3167
3166
3168
3173
3174
3175
3173
3174
3186
3173
3175
3326
3174
3175
3187
3327
3188
3329
3180
3181
3182
3180
3181
3180
3182
3488
3181
3182
3489
3491
3185
3187
3345
3185
3507
3188
3188
3188
3349
3193
3194
3195
3210
3217
3224
3193
3194
3211
3193
3195
3218
3244
3194
3195
3225
3245
3214
3221
3216
3229
3223
3230
3247
3200
3201
3202
3210
3217
3201
3202
3200
3201
3212
3200
3202
3219
3214
3221
3215
3222
3207
3208
3209
3210
3224
3207
3208
3208
3209
3213
3231
3207
3209
3226
3232
3228
3215
3216
3229
3233
3214
3215
3216
3214
3216
3214
3215
3215
3216
3221
3222
3223
3221
3223
3265
3221
3222
3222
3223
3266
3269
3228
3229
3230
3229
3230
3234
3272
3228
3229
3235
3228
3230
3273
3236
3275
3233
3233
3235
3298
3236
3236
3288
3236
3301
3239
3241
3252
3239
3253
3242
3255
3242
3265
3242
3267
3270
3247
3248
3249
3264
3271
3278
3247
3248
3265
3247
3249
3272
3248
3249
3279
3269
3275
3270
3282
3276
3283
3254
3255
3256
3264
3278
3254
3256
3575
3254
3255
3267
3255
3256
3280
3576
3268
3270
3282
3284
3579
3261
3262
3263
3271
3278
3262
3263
3318
3582
3261
3262
3274
3285
3319
3261
3263
3281
3286
3583
3276
3283
3287
3277
3322
3284
3586
3268
3269
3270
3269
3270
3268
3269
3268
3270
3275
3276
3277
3275
3276
3288
3275
3277
3333
3276
3277
3289
3334
3290
3336
3282
3283
3284
3282
3283
3282
3284
3590
3283
3284
3591
3593
3287
3289
3351
3287
3609
3290
3290
3290
3355
3293
3293
3295
3296
3296
3348
3296
3299
3299
3301
3302
3302
3354
3302
3307
3308
3309
3324
3331
3338
3307
3308
3325
3307
3309
3332
3308
3309
3339
3328
3335
3330
3343
3337
3344
3314
3315
3316
3324
3338
3314
3315
3315
3316
3327
3345
3314
3316
3340
3346
3342
3329
3330
3343
3347
3321
3322
3323
3331
3338
3321
3322
3322
3323
3334
3351
3321
3323
3341
3352
3342
3336
3337
3344
3353
3328
3329
3330
3328
3330
3348
3328
3329
3329
3330
3349
3350
3335
3336
3337
3335
3337
3354
3335
3336
3336
3337
3355
3356
3342
3343
3344
3343
3344
3342
3343
3342
3344
3347
3349
3347
3669
3350
3350
3350
3353
3355
3353
3675
3356
3356
3356
3359
3378
3359
3361
3379
3362
3381
3362
3398
3414
3362
3399
3401
3365
3385
3365
3367
3386
3368
3388
3368
3405
3420
3368
3406
3408
3373
3374
3375
3390
3397
3404
3373
3374
3391
3373
3375
3398
3424
3374
3375
3405
3425
3395
3401
3396
3408
3402
3409
3427
3380
3381
3382
3390
3397
3380
3382
3473
3380
3381
3392
3381
3382
3399
3475
3394
3395
3401
3403
3478
3387
3388
3389
3390
3404
3387
3389
3575
3387
3388
3393
3388
3389
3406
3577
3394
3396
3408
3410
3580
3394
3395
3396
3395
3396
3394
3395
3394
3396
3401
3402
3403
3401
3402
3445
3401
3403
3495
3402
3403
3446
3496
3448
3498
3408
3409
3410
3408
3409
3452
3408
3410
3597
3409
3410
3453
3598
3455
3600
3413
3415
3432
3513
3413
3433
3735
3416
3434
3416
3445
3416
3447
3517
3449
3419
3421
3439
3615
3419
3440
3741
3422
3441
3422
3452
3422
3454
3619
3456
3427
3428
3429
3444
3451
3458
3427
3428
3445
3427
3429
3452
3428
3429
3459
3448
3455
3449
3462
3456
3463
3434
3435
3436
3444
3458
3435
3436
3527
3755
3434
3435
3447
3528
3434
3436
3460
3756
3449
3462
3450
3530
3464
3758
3441
3442
3443
3451
3458
3442
3443
3629
3762
3441
3442
3454
3630
3441
3443
3461
3763
3456
3463
3457
3632
3464
3765
3448
3449
3450
3448
3449
3448
3450
3542
3449
3450
3543
3544
3455
3456
3457
3455
3456
3455
3457
3644
3456
3457
3645
3646
3462
3463
3464
3462
3463
3462
3464
3770
3463
3464
3771
3772
3469
3470
3471
3486
3493
3500
3469
3470
3487
3469
3471
3494
3520
3470
3471
3501
3521
3490
3497
3492
3505
3499
3506
3523
3476
3477
3478
3486
3493
3477
3478
3476
3477
3488
3476
3478
3495
3490
3497
3491
3498
3483
3484
3485
3486
3500
3483
3484
3484
3485
3489
3507
3483
3485
3502
3508
3504
3491
3492
3505
3509
3490
3491
3492
3490
3492
3490
3491
3491
3492
3497
3498
3499
3497
3499
3541
3497
3498
3498
3499
3542
3545
3504
3505
3506
3505
3506
3510
3548
3504
3505
3511
3504
3506
3549
3512
3551
3509
3509
3511
3670
3512
3512
3564
3512
3673
3515
3517
3528
3515
3529
3518
3531
3518
3541
3518
3543
3546
3523
3524
3525
3540
3547
3554
3523
3524
3541
3523
3525
3548
3524
3525
3555
3545
3551
3546
3558
3552
3559
3530
3531
3532
3540
3554
3530
3532
3851
3530
3531
3543
3531
3532
3556
3852
3544
3546
3558
3560
3855
3537
3538
3539
3547
3554
3538
3539
3689
3858
3537
3538
3550
3561
3690
3537
3539
3557
3562
3859
3552
3559
3563
3553
3693
3560
3862
3544
3545
3546
3545
3546
3544
3545
3544
3546
3551
3552
3553
3551
3552
3564
3551
3553
3704
3552
3553
3565
3705
3566
3707
3558
3559
3560
3558
3559
3558
3560
3866
3559
3560
3867
3869
3563
3565
3723
3563
3885
3566
3566
3566
3727
3571
3572
3573
3588
3595
3602
3571
3572
3589
3571
3573
3596
3622
3572
3573
3603
3623
3592
3599
3594
3607
3601
3608
3625
3578
3579
3580
3588
3595
3579
3580
3578
3579
3590
3578
3580
3597
3592
3599
3593
3600
3585
3586
3587
3588
3602
3585
3586
3586
3587
3591
3609
3585
3587
3604
3610
3606
3593
3594
3607
3611
3592
3593
3594
3592
3594
3592
3593
3593
3594
3599
3600
3601
3599
3601
3643
3599
3600
3600
3601
3644
3647
3606
3607
3608
3607
3608
3612
3650
3606
3607
3613
3606
3608
3651
3614
3653
3611
3611
3613
3676
3614
3614
3666
3614
3679
3617
3619
3630
3617
3631
3620
3633
3620
3643
3620
3645
3648
3625
3626
3627
3642
3649
3656
3625
3626
3643
3625
3627
3650
3626
3627
3657
3647
3653
3648
3660
3654
3661
3632
3633
3634
3642
3656
3632
3634
3953
3632
3633
3645
3633
3634
3658
3954
3646
3648
3660
3662
3957
3639
3640
3641
3649
3656
3640
3641
3696
3960
3639
3640
3652
3663
3697
3639
3641
3659
3664
3961
3654
3661
3665
3655
3700
3662
3964
3646
3647
3648
3647
3648
3646
3647
3646
3648
3653
3654
3655
3653
3654
3666
3653
3655
3711
3654
3655
3667
3712
3668
3714
3660
3661
3662
3660
3661
3660
3662
3968
3661
3662
3969
3971
3665
3667
3729
3665
3987
3668
3668
3668
3733
3671
3671
3673
3674
3674
3726
3674
3677
3677
3679
3680
3680
3732
3680
3685
3686
3687
3702
3709
3716
3685
3686
3703
3685
3687
3710
3686
3687
3717
3706
3713
3708
3721
3715
3722
3692
3693
3694
3702
3716
3692
3693
3693
3694
3705
3723
3692
3694
3718
3724
3720
3707
3708
3721
3725
3699
3700
3701
3709
3716
3699
3700
3700
3701
3712
3729
3699
3701
3719
3730
3720
3714
3715
3722
3731
3706
3707
3708
3706
3708
3726
3706
3707
3707
3708
3727
3728
3713
3714
3715
3713
3715
3732
3713
3714
3714
3715
3733
3734
3720
3721
3722
3721
3722
3720
3721
3720
3722
3725
3727
3725
4047
3728
3728
3728
3731
3733
3731
4053
3734
3734
3734
3737
3756
3737
3739
3757
3740
3759
3740
3776
3792
3740
3777
3779
3743
3763
3743
3745
3764
3746
3766
3746
3783
3798
3746
3784
3786
3751
3752
3753
3768
3775
3782
3751
3752
3769
3751
3753
3776
3802
3752
3753
3783
3803
3773
3779
3774
3786
3780
3787
3805
3758
3759
3760
3768
3775
3758
3760
3851
3758
3759
3770
3759
3760
3777
3853
3772
3773
3779
3781
3856
3765
3766
3767
3768
3782
3765
3767
3953
3765
3766
3771
3766
3767
3784
3955
3772
3774
3786
3788
3958
3772
3773
3774
3773
3774
3772
3773
3772
3774
3779
3780
3781
3779
3780
3823
3779
3781
3873
3780
3781
3824
3874
3826
3876
3786
3787
3788
3786
3787
3830
3786
3788
3975
3787
3788
3831
3976
3833
3978
3791
3793
3810
3891
3791
3811
4113
3794
3812
3794
3823
3794
3825
3895
3827
3797
3799
3817
3993
3797
3818
4119
3800
3819
3800
3830
3800
3832
3997
3834
3805
3806
3807
3822
3829
3836
3805
3806
3823
3805
3807
3830
3806
3807
3837
3826
3833
3827
3840
3834
3841
3812
3813
3814
3822
3836
3813
3814
3905
4133
3812
3813
3825
3906
3812
3814
3838
4134
3827
3840
3828
3908
3842
4136
3819
3820
3821
3829
3836
3820
3821
4007
4140
3819
3820
3832
4008
3819
3821
3839
4141
3834
3841
3835
4010
3842
4143
3826
3827
3828
3826
3827
3826
3828
3920
3827
3828
3921
3922
3833
3834
3835
3833
3834
3833
3835
4022
3834
3835
4023
4024
3840
3841
3842
3840
3841
3840
3842
4148
3841
3842
4149
4150
3847
3848
3849
3864
3871
3878
3847
3848
3865
3847
3849
3872
3898
3848
3849
3879
3899
3868
3875
3870
3883
3877
3884
3901
3854
3855
3856
3864
3871
3855
3856
3854
3855
3866
3854
3856
3873
3868
3875
3869
3876
3861
3862
3863
3864
3878
3861
3862
3862
3863
3867
3885
3861
3863
3880
3886
3882
3869
3870
3883
3887
3868
3869
3870
3868
3870
3868
3869
3869
3870
3875
3876
3877
3875
3877
3919
3875
3876
3876
3877
3920
3923
3882
3883
3884
3883
3884
3888
3926
3882
3883
3889
3882
3884
3927
3890
3929
3887
3887
3889
4048
3890
3890
3942
3890
4051
3893
3895
3906
3893
3907
3896
3909
3896
3919
3896
3921
3924
3901
3902
3903
3918
3925
3932
3901
3902
3919
3901
3903
3926
3902
3903
3933
3923
3929
3924
3936
3930
3937
3908
3909
3910
3918
3932
3908
3910
4229
3908
3909
3921
3909
3910
3934
4230
3922
3924
3936
3938
4233
3915
3916
3917
3925
3932
3916
3917
4067
4236
3915
3916
3928
3939
4068
3915
3917
3935
3940
4237
3930
3937
3941
3931
4071
3938
4240
3922
3923
3924
3923
3924
3922
3923
3922
3924
3929
3930
3931
3929
3930
3942
3929
3931
4082
3930
3931
3943
4083
3944
4085
3936
3937
3938
3936
3937
3936
3938
4244
3937
3938
4245
4247
3941
3943
4101
3941
4263
3944
3944
3944
4105
3949
3950
3951
3966
3973
3980
3949
3950
3967
3949
3951
3974
4000
3950
3951
3981
4001
3970
3977
3972
3985
3979
3986
4003
3956
3957
3958
3966
3973
3957
3958
3956
3957
3968
3956
3958
3975
3970
3977
3971
3978
3963
3964
3965
3966
3980
3963
3964
3964
3965
3969
3987
3963
3965
3982
3988
3984
3971
3972
3985
3989
3970
3971
3972
3970
3972
3970
3971
3971
3972
3977
3978
3979
3977
3979
4021
3977
3978
3978
3979
4022
4025
3984
3985
3986
3985
3986
3990
4028
3984
3985
3991
3984
3986
4029
3992
4031
3989
3989
3991
4054
3992
3992
4044
3992
4057
3995
3997
4008
3995
4009
3998
4011
3998
4021
3998
4023
4026
4003
4004
4005
4020
4027
4034
4003
4004
4021
4003
4005
4028
4004
4005
4035
4025
4031
4026
4038
4032
4039
4010
4011
4012
4020
4034
4010
4012
4331
4010
4011
4023
4011
4012
4036
4332
4024
4026
4038
4040
4335
4017
4018
4019
4027
4034
4018
4019
4074
4338
4017
4018
4030
4041
4075
4017
4019
4037
4042
4339
4032
4039
4043
4033
4078
4040
4342
4024
4025
4026
4025
4026
4024
4025
4024
4026
4031
4032
4033
4031
4032
4044
4031
4033
4089
4032
4033
4045
4090
4046
4092
4038
4039
4040
4038
4039
4038
4040
4346
4039
4040
4347
4349
4043
4045
4107
4043
4365
4046
4046
4046
4111
4049
4049
4051
4052
4052
4104
4052
4055
4055
4057
4058
4058
4110
4058
4063
4064
4065
4080
4087
4094
4063
4064
4081
4063
4065
4088
4064
4065
4095
4084
4091
4086
4099
4093
4100
4070
4071
4072
4080
4094
4070
4071
4071
4072
4083
4101
4070
4072
4096
4102
4098
4085
4086
4099
4103
4077
4078
4079
4087
4094
4077
4078
4078
4079
4090
4107
4077
4079
4097
4108
4098
4092
4093
4100
4109
4084
4085
4086
4084
4086
4104
4084
4085
4085
4086
4105
4106
4091
4092
4093
4091
4093
4110
4091
4092
4092
4093
4111
4112
4098
4099
4100
4099
4100
4098
4099
4098
4100
4103
4105
4103
4425
4106
4106
4106
4109
4111
4109
4431
4112
4112
4112
4115
4134
4115
4117
4135
4118
4137
4118
4154
4170
4118
4155
4157
4121
4141
4121
4123
4142
4124
4144
4124
4161
4176
4124
4162
4164
4129
4130
4131
4146
4153
4160
4129
4130
4147
4129
4131
4154
4180
4130
4131
4161
4181
4151
4157
4152
4164
4158
4165
4183
4136
4137
4138
4146
4153
4136
4138
4229
4136
4137
4148
4137
4138
4155
4231
4150
4151
4157
4159
4234
4143
4144
4145
4146
4160
4143
4145
4331
4143
4144
4149
4144
4145
4162
4333
4150
4152
4164
4166
4336
4150
4151
4152
4151
4152
4150
4151
4150
4152
4157
4158
4159
4157
4158
4201
4157
4159
4251
4158
4159
4202
4252
4204
4254
4164
4165
4166
4164
4165
4208
4164
4166
4353
4165
4166
4209
4354
4211
4356
4169
4171
4188
4269
4169
4189
4491
4172
4190
4172
4201
4172
4203
4273
4205
4175
4177
4195
4371
4175
4196
4497
4178
4197
4178
4208
4178
4210
4375
4212
4183
4184
4185
4200
4207
4214
4183
4184
4201
4183
4185
4208
4184
4185
4215
4204
4211
4205
4218
4212
4219
4190
4191
4192
4200
4214
4191
4192
4283
4511
4190
4191
4203
4284
4190
4192
4216
4512
4205
4218
4206
4286
4220
4514
4197
4198
4199
4207
4214
4198
4199
4385
4518
4197
4198
4210
4386
4197
4199
4217
4519
4212
4219
4213
4388
4220
4521
4204
4205
4206
4204
4205
4204
4206
4298
4205
4206
4299
4300
4211
4212
4213
4211
4212
4211
4213
4400
4212
4213
4401
4402
4218
4219
4220
4218
4219
4218
4220
4526
4219
4220
4527
4528
4225
4226
4227
4242
4249
4256
4225
4226
4243
4225
4227
4250
4276
4226
4227
4257
4277
4246
4253
4248
4261
4255
4262
4279
4232
4233
4234
4242
4249
4233
4234
4232
4233
4244
4232
4234
4251
4246
4253
4247
4254
4239
4240
4241
4242
4256
4239
4240
4240
4241
4245
4263
4239
4241
4258
4264
4260
4247
4248
4261
4265
4246
4247
4248
4246
4248
4246
4247
4247
4248
4253
4254
4255
4253
4255
4297
4253
4254
4254
4255
4298
4301
4260
4261
4262
4261
4262
4266
4304
4260
4261
4267
4260
4262
4305
4268
4307
4265
4265
4267
4426
4268
4268
4320
4268
4429
4271
4273
4284
4271
4285
4274
4287
4274
4297
4274
4299
4302
4279
4280
4281
4296
4303
4310
4279
4280
4297
4279
4281
4304
4280
4281
4311
4301
4307
4302
4314
4308
4315
4286
4287
4288
4296
4310
4286
4288
4607
4286
4287
4299
4287
4288
4312
4608
4300
4302
4314
4316
4611
4293
4294
4295
4303
4310
4294
4295
4445
4614
4293
4294
4306
4317
4446
4293
4295
4313
4318
4615
4308
4315
4319
4309
4449
4316
4618
4300
4301
4302
4301
4302
4300
4301
4300
4302
4307
4308
4309
4307
4308
4320
4307
4309
4460
4308
4309
4321
4461
4322
4463
4314
4315
4316
4314
4315
4314
4316
4622
4315
4316
4623
4625
4319
4321
4479
4319
4641
4322
4322
4322
4483
4327
4328
4329
4344
4351
4358
4327
4328
4345
4327
4329
4352
4378
4328
4329
4359
4379
4348
4355
4350
4363
4357
4364
4381
4334
4335
4336
4344
4351
4335
4336
4334
4335
4346
4334
4336
4353
4348
4355
4349
4356
4341
4342
4343
4344
4358
4341
4342
4342
4343
4347
4365
4341
4343
4360
4366
4362
4349
4350
4363
4367
4348
4349
4350
4348
4350
4348
4349
4349
4350
4355
4356
4357
4355
4357
4399
4355
4356
4356
4357
4400
4403
4362
4363
4364
4363
4364
4368
4406
4362
4363
4369
4362
4364
4407
4370
4409
4367
4367
4369
4432
4370
4370
4422
4370
4435
4373
4375
4386
4373
4387
4376
4389
4376
4399
4376
4401
4404
4381
4382
4383
4398
4405
4412
4381
4382
4399
4381
4383
4406
4382
4383
4413
4403
4409
4404
4416
4410
4417
4388
4389
4390
4398
4412
4388
4390
4709
4388
4389
4401
4389
4390
4414
4710
4402
4404
4416
4418
4713
4395
4396
4397
4405
4412
4396
4397
4452
4716
4395
4396
4408
4419
4453
4395
4397
4415
4420
4717
4410
4417
4421
4411
4456
4418
4720
4402
4403
4404
4403
4404
4402
4403
4402
4404
4409
4410
4411
4409
4410
4422
4409
4411
4467
4410
4411
4423
4468
4424
4470
4416
4417
4418
4416
4417
4416
4418
4724
4417
4418
4725
4727
4421
4423
4485
4421
4743
4424
4424
4424
4489
4427
4427
4429
4430
4430
4482
4430
4433
4433
4435
4436
4436
4488
4436
4441
4442
4443
4458
4465
4472
4441
4442
4459
4441
4443
4466
4442
4443
4473
4462
4469
4464
4477
4471
4478
4448
4449
4450
4458
4472
4448
4449
4449
4450
4461
4479
4448
4450
4474
4480
4476
4463
4464
4477
4481
4455
4456
4457
4465
4472
4455
4456
4456
4457
4468
4485
4455
4457
4475
4486
4476
4470
4471
4478
4487
4462
4463
4464
4462
4464
4482
4462
4463
4463
4464
4483
4484
4469
4470
4471
4469
4471
4488
4469
4470
4470
4471
4489
4490
4476
4477
4478
4477
4478
4476
4477
4476
4478
4481
4483
4481
4803
4484
4484
4484
4487
4489
4487
4809
4490
4490
4490
4493
4512
4493
4495
4513
4496
4515
4496
4532
4548
4496
4533
4535
4499
4519
4499
4501
4520
4502
4522
4502
4539
4554
4502
4540
4542
4507
4508
4509
4524
4531
4538
4507
4508
4525
4507
4509
4532
4558
4508
4509
4539
4559
4529
4535
4530
4542
4536
4543
4561
4514
4515
4516
4524
4531
4514
4516
4607
4514
4515
4526
4515
4516
4533
4609
4528
4529
4535
4537
4612
4521
4522
4523
4524
4538
4521
4523
4709
4521
4522
4527
4522
4523
4540
4711
4528
4530
4542
4544
4714
4528
4529
4530
4529
4530
4528
4529
4528
4530
4535
4536
4537
4535
4536
4579
4535
4537
4629
4536
4537
4580
4630
4582
4632
4542
4543
4544
4542
4543
4586
4542
4544
4731
4543
4544
4587
4732
4589
4734
4547
4549
4566
4647
4547
4567
4869
4550
4568
4550
4579
4550
4581
4651
4583
4553
4555
4573
4749
4553
4574
4872
4556
4575
4556
4586
4556
4588
4753
4590
4561
4562
4563
4578
4585
4592
4561
4562
4579
4561
4563
4586
4562
4563
4593
4582
4589
4583
4596
4590
4597
4568
4569
4570
4578
4592
4569
4570
4661
4876
4568
4569
4581
4662
4568
4570
4594
4877
4583
4596
4584
4664
4598
4879
4575
4576
4577
4585
4592
4576
4577
4763
4883
4575
4576
4588
4764
4575
4577
4595
4884
4590
4597
4591
4766
4598
4886
4582
4583
4584
4582
4583
4582
4584
4676
4583
4584
4677
4678
4589
4590
4591
4589
4590
4589
4591
4778
4590
4591
4779
4780
4596
4597
4598
4596
4597
4596
4598
4891
4597
4598
4892
4893
4603
4604
4605
4620
4627
4634
4603
4604
4621
4603
4605
4628
4654
4604
4605
4635
4655
4624
4631
4626
4639
4633
4640
4657
4610
4611
4612
4620
4627
4611
4612
4610
4611
4622
4610
4612
4629
4624
4631
4625
4632
4617
4618
4619
4620
4634
4617
4618
4618
4619
4623
4641
4617
4619
4636
4642
4638
4625
4626
4639
4643
4624
4625
4626
4624
4626
4624
4625
4625
4626
4631
4632
4633
4631
4633
4675
4631
4632
4632
4633
4676
4679
4638
4639
4640
4639
4640
4644
4682
4638
4639
4645
4638
4640
4683
4646
4685
4643
4643
4645
4804
4646
4646
4698
4646
4807
4649
4651
4662
4649
4663
4652
4665
4652
4675
4652
4677
4680
4657
4658
4659
4674
4681
4688
4657
4658
4675
4657
4659
4682
4658
4659
4689
4679
4685
4680
4692
4686
4693
4664
4665
4666
4674
4688
4664
4666
4897
4664
4665
4677
4665
4666
4690
4898
4678
4680
4692
4694
4901
4671
4672
4673
4681
4688
4672
4673
4823
4904
4671
4672
4684
4695
4824
4671
4673
4691
4696
4905
4686
4693
4697
4687
4827
4694
4908
4678
4679
4680
4679
4680
4678
4679
4678
4680
4685
4686
4687
4685
4686
4698
4685
4687
4838
4686
4687
4699
4839
4700
4841
4692
4693
4694
4692
4693
4692
4694
4912
4693
4694
4913
4915
4697
4699
4857
4697
4917
4700
4700
4700
4861
4705
4706
4707
4722
4729
4736
4705
4706
4723
4705
4707
4730
4756
4706
4707
4737
4757
4726
4733
4728
4741
4735
4742
4759
4712
4713
4714
4722
4729
4713
4714
4712
4713
4724
4712
4714
4731
4726
4733
4727
4734
4719
4720
4721
4722
4736
4719
4720
4720
4721
4725
4743
4719
4721
4738
4744
4740
4727
4728
4741
4745
4726
4727
4728
4726
4728
4726
4727
4727
4728
4733
4734
4735
4733
4735
4777
4733
4734
4734
4735
4778
4781
4740
4741
4742
4741
4742
4746
4784
4740
4741
4747
4740
4742
4785
4748
4787
4745
4745
4747
4810
4748
4748
4800
4748
4813
4751
4753
4764
4751
4765
4754
4767
4754
4777
4754
4779
4782
4759
4760
4761
4776
4783
4790
4759
4760
4777
4759
4761
4784
4760
4761
4791
4781
4787
4782
4794
4788
4795
4766
4767
4768
4776
4790
4766
4768
4921
4766
4767
4779
4767
4768
4792
4922
4780
4782
4794
4796
4925
4773
4774
4775
4783
4790
4774
4775
4830
4928
4773
4774
4786
4797
4831
4773
4775
4793
4798
4929
4788
4795
4799
4789
4834
4796
4932
4780
4781
4782
4781
4782
4780
4781
4780
4782
4787
4788
4789
4787
4788
4800
4787
4789
4845
4788
4789
4801
4846
4802
4848
4794
4795
4796
4794
4795
4794
4796
4936
4795
4796
4937
4939
4799
4801
4863
4799
4941
4802
4802
4802
4867
4805
4805
4807
4808
4808
4860
4808
4811
4811
4813
4814
4814
4866
4814
4819
4820
4821
4836
4843
4850
4819
4820
4837
4819
4821
4844
4820
4821
4851
4840
4847
4842
4855
4849
4856
4826
4827
4828
4836
4850
4826
4827
4827
4828
4839
4857
4826
4828
4852
4858
4854
4841
4842
4855
4859
4833
4834
4835
4843
4850
4833
4834
4834
4835
4846
4863
4833
4835
4853
4864
4854
4848
4849
4856
4865
4840
4841
4842
4840
4842
4860
4840
4841
4841
4842
4861
4862
4847
4848
4849
4847
4849
4866
4847
4848
4848
4849
4867
4868
4854
4855
4856
4855
4856
4854
4855
4854
4856
4859
4861
4859
4944
4862
4862
4862
4865
4867
4865
4947
4868
4868
4868
4871
4877
4871
4878
4880
4874
4884
4874
4885
4887
4879
4880
4881
4889
4879
4881
4897
4879
4880
4891
4880
4881
4899
4893
4894
4902
4886
4887
4888
4889
4886
4888
4921
4886
4887
4892
4887
4888
4923
4893
4895
4926
4893
4894
4895
4894
4895
4893
4894
4893
4895
4900
4901
4902
4910
4901
4902
4900
4901
4912
4900
4902
4914
4915
4907
4908
4909
4910
4907
4908
4908
4909
4913
4917
4907
4909
4918
4915
4916
4919
4914
4915
4916
4914
4916
4914
4915
4915
4916
4919
4919
4945
4924
4925
4926
4934
4925
4926
4924
4925
4936
4924
4926
4938
4939
4931
4932
4933
4934
4931
4932
4932
4933
4937
4941
4931
4933
4942
4939
4940
4943
4938
4939
4940
4938
4940
4938
4939
4939
4940
4943
4943
4948
4946
4946
4949
4949
4951
4965
4966
4970
4971
4972
4973
4977
4978
4989
4990
4994
4995
4996
4997
5000
5002
4953
4962
4963
4966
4967
4968
4956
4958
4973
4974
4975
4980
4981
4982
4961
4986
4987
4960
4990
4991
4992
4961
4997
4998
4999
5004
5005
5006
5010
5011
5013
5014
4964
4967
4964
4968
4969
4969
4970
4971
4979
4970
4971
4969
4970
4969
4971
4981
4983
4985
4976
4977
4978
4979
4977
4978
4997
4976
4977
4986
4998
4976
4978
4982
4987
4984
4988
5000
4985
4983
4984
4985
4983
4984
4983
4985
4984
4985
4988
5013
4988
4993
4994
4995
5003
4994
4995
4993
4995
5010
4993
4994
5005
5011
5007
5012
5009
5000
5001
5002
5003
5000
5002
5000
5001
5013
5001
5002
5006
5014
5008
5015
5009
5007
5008
5009
5007
5008
5007
5009
5008
5009
5012
5012
5015
5015
)


// ************************************************************************* //
