/*--------------------------------*- C++ -*----------------------------------*\
| =========                 |                                                 |
| \\      /  F ield         | OpenFOAM: The Open Source CFD Toolbox           |
|  \\    /   O peration     | Version:  2206                                  |
|   \\  /    A nd           | Website:  www.openfoam.com                      |
|    \\/     M anipulation  |                                                 |
\*---------------------------------------------------------------------------*/
FoamFile
{
    version     2.0;
    format      ascii;
    arch        "LSB;label=32;scalar=64";
    class       volScalarField;
    location    "200";
    object      p;
}
// * * * * * * * * * * * * * * * * * * * * * * * * * * * * * * * * * * * * * //

dimensions      [0 2 -2 0 0 0 0];

internalField   nonuniform List<scalar> 
10720
(
-59.833
-130.965
-214.634
-297.149
-373.464
-451.224
-520.27
-578.3
-628.753
-668.288
-698.463
-720.729
-736.205
-745.655
-749.251
-746.349
-737.853
-722.707
-702.314
-676.67
-649.017
-622.232
-599.068
-571.845
-531.654
-480.845
-428.881
-383.553
-344.463
-307.706
-271.371
-235.34
-199.664
-163.984
-127.892
-90.3628
-51.8386
-7.14991
26.6788
11.324
76.1652
145.207
209.614
264.601
306.161
330.513
338.544
335.943
322.809
301.672
278.079
254.493
231.692
210.318
190.223
171.454
153.579
136.327
119.205
102.161
84.8849
67.4688
50.3263
35.3294
23.5194
13.8322
5.98053
0.148512
-3.70038
-5.8144
-6.34086
-5.36207
-2.88353
1.10452
6.95865
15.2573
29.2618
53.0909
44.7185
-9.32036
-69.8776
-134.216
-200.354
-268.069
-333.816
-395.518
-452.487
-502.968
-546.736
-583.796
-614.07
-637.551
-654.065
-663.292
-665.98
-662.009
-652.404
-637.662
-620.317
-602.627
-585.823
-563.154
-526.527
-477.867
-427.187
-382.417
-343.527
-306.863
-270.57
-234.583
-198.982
-163.398
-127.416
-89.9869
-51.5449
-6.84381
26.3718
93.3345
139.661
185.845
230.358
269.547
300.792
320.948
329.428
327.81
316.956
299.682
279.432
258.128
236.718
215.91
195.944
176.943
158.724
141.087
123.704
106.473
89.188
71.9315
55.1297
40.2582
28.2453
18.4047
10.3208
3.95818
-0.582435
-3.31403
-4.33145
-3.73804
-1.56581
2.1851
7.86204
16.0276
29.9535
52.8448
58.3639
9.81435
-44.8652
-105.245
-167.871
-232.087
-296.323
-357.927
-415.318
-467.493
-513.2
-551.899
-583.269
-607.478
-624.773
-635.555
-639.871
-637.769
-629.873
-616.863
-600.519
-582.791
-564.902
-542.696
-509.544
-465.751
-419.258
-377.012
-339.546
-303.916
-268.477
-233.147
-197.98
-162.66
-126.851
-89.5571
-51.2226
-6.59785
26.4853
102.162
144.688
186.959
226.953
261.47
288.884
307.092
315.83
315.828
307.754
293.707
276.03
256.489
236.25
216.125
196.545
177.703
159.562
141.978
124.706
107.612
90.554
73.5961
57.1213
42.2946
30.0205
19.9257
11.6541
5.19222
0.627642
-2.10389
-3.16027
-2.6591
-0.613597
3.0081
8.57114
16.648
30.4386
52.4419
80.6455
39.9383
-6.57192
-57.7292
-111.454
-167.679
-224.742
-280.886
-334.788
-385.293
-431.278
-472.016
-507.033
-536.174
-559.314
-576.585
-587.532
-592.106
-590.6
-583.592
-572.313
-558.252
-542.288
-521.775
-491.948
-452.717
-410.169
-370.342
-334.278
-299.745
-265.283
-230.774
-196.277
-161.496
-126.084
-89.0689
-50.9211
-6.50225
26.6686
117.101
152.097
187.18
221.003
250.579
274.637
291.378
300.34
301.763
296.126
285.027
270.208
253.122
234.863
216.221
197.677
179.501
161.774
144.441
127.354
110.412
93.5389
76.8073
60.5765
45.8076
33.3514
23.039
14.5459
7.82836
2.94836
-0.150885
-1.57326
-1.39441
0.391761
3.82114
9.24811
17.2259
30.8422
51.9904
86.6237
50.3813
8.7771
-37.3142
-85.8512
-137.246
-190.126
-242.883
-294.509
-343.848
-389.754
-431.417
-468.157
-499.473
-525.059
-544.62
-557.885
-564.858
-565.759
-561.179
-552.094
-539.747
-524.819
-505.439
-477.934
-441.927
-402.211
-364.146
-329.118
-295.444
-261.806
-228.042
-194.195
-159.977
-125.05
-88.4557
-50.6236
-6.54657
26.7002
119.161
150.228
181.457
211.564
237.912
259.622
275.315
284.42
286.965
283.384
274.828
262.609
247.867
231.559
214.436
197.003
179.594
162.384
145.406
128.601
111.912
95.3086
78.8751
62.9435
48.3071
35.7401
25.2332
16.5282
9.58649
4.47619
1.1703
-0.416691
-0.366443
1.31146
4.64614
9.98587
17.871
31.2765
51.5297
90.2636
58.1727
21.1424
-19.8502
-63.0291
-109.095
-156.767
-204.769
-252.363
-298.492
-342.188
-382.684
-419.242
-451.261
-478.313
-500.02
-516.258
-526.826
-531.719
-531.276
-526.138
-517.173
-504.807
-487.696
-463.047
-430.43
-393.717
-357.676
-323.906
-291.18
-258.356
-225.292
-192.055
-158.382
-123.94
-87.7923
-50.3543
-6.76056
26.5449
119.077
146.485
174.238
201.191
224.908
244.741
259.572
268.729
272.121
270.173
263.729
253.803
241.286
226.975
211.544
195.472
179.108
162.681
146.289
129.945
113.642
97.3931
81.2992
65.6761
51.1997
38.5738
27.9099
19.0274
11.8924
6.56952
3.04421
1.23307
1.05946
2.52087
5.66039
10.8312
18.5605
31.6952
51.0287
90.0763
61.1132
27.6043
-9.52321
-48.5533
-90.4187
-133.984
-178.131
-222.366
-265.754
-307.454
-346.782
-382.989
-415.424
-443.57
-466.971
-485.222
-498.047
-505.287
-507.198
-504.3
-497.275
-486.463
-470.95
-448.66
-419.097
-385.254
-351.236
-318.752
-286.991
-254.989
-222.613
-189.945
-156.773
-122.813
-87.1478
-50.1753
-7.18009
26.1755
116.108
140.792
165.915
190.416
212.06
230.387
244.481
253.605
257.625
256.955
252.241
244.275
233.759
221.338
207.586
192.928
177.703
162.166
146.464
130.669
114.823
98.9803
83.2621
67.9701
53.6908
41.0634
30.284
21.2472
13.93
8.39618
4.64591
2.61432
2.23663
3.51914
6.50936
11.5539
19.157
32.0162
50.453
88.3049
62.0132
31.532
-2.21068
-37.5865
-75.6523
-115.363
-155.744
-196.475
-236.755
-275.862
-313.224
-348.15
-380.003
-408.224
-432.301
-451.767
-466.378
-475.922
-480.45
-480.241
-475.713
-467.042
-453.566
-433.77
-407.205
-376.195
-344.264
-313.174
-282.475
-251.386
-219.782
-187.755
-155.121
-121.647
-86.4829
-50.0627
-7.78295
25.542
111.971
134.365
157.284
179.746
199.665
216.745
230.175
239.191
243.673
243.993
240.672
234.355
225.597
214.915
202.786
189.567
175.568
161.043
146.164
131.042
115.76
100.409
85.1263
70.2042
56.1674
43.5991
32.753
23.5958
16.1227
10.3998
6.44306
4.20364
3.62482
4.71673
7.53303
12.4155
19.8474
32.3631
49.8751
85.3356
61.26
33.3156
2.40447
-29.9009
-64.7213
-101.112
-138.193
-175.787
-213.198
-249.821
-285.195
-318.697
-349.73
-377.746
-402.204
-422.609
-438.587
-449.849
-456.274
-458.014
-455.353
-448.393
-436.668
-419.078
-395.218
-366.864
-336.99
-307.332
-277.735
-247.592
-216.796
-185.448
-153.397
-120.438
-85.7849
-49.957
-8.47459
24.6345
107.039
127.544
148.632
169.385
187.849
203.87
216.694
225.555
230.36
231.442
229.241
224.293
217.052
207.93
197.316
185.5
172.747
159.293
145.314
130.947
116.304
101.504
86.7016
72.1816
58.4234
45.9642
35.0946
25.8466
18.238
12.3399
8.18301
5.73551
4.95264
5.85251
8.4956
13.2167
20.4736
32.6275
49.2372
81.7259
59.5525
33.7979
5.34416
-24.2971
-56.2714
-89.6997
-123.79
-158.463
-193.11
-227.234
-260.468
-292.26
-322.089
-349.429
-373.738
-394.507
-411.322
-423.875
-431.944
-435.52
-434.729
-429.566
-419.674
-404.255
-382.971
-357.18
-329.37
-301.201
-272.757
-243.599
-213.648
-183.012
-151.578
-119.172
-85.0584
-49.8336
-9.20565
23.5119
101.749
120.644
140.169
159.456
176.67
191.766
204.033
212.704
217.722
219.388
218.081
214.262
208.313
200.568
191.34
180.857
169.337
156.985
143.966
130.426
116.496
102.312
88.0425
73.9667
60.5313
48.2363
37.3947
28.0938
20.3788
14.3279
9.98664
7.34193
6.36049
7.06691
9.52894
14.0724
21.128
32.8725
48.5688
77.7408
57.2095
33.3524
7.02991
-20.295
-49.7809
-80.6019
-112.037
-144.066
-176.162
-207.922
-239.06
-269.097
-297.577
-324.025
-347.926
-368.771
-386.122
-399.613
-408.951
-413.984
-414.737
-411.15
-402.936
-389.515
-370.607
-347.236
-321.453
-294.803
-267.551
-239.414
-210.341
-180.453
-149.668
-117.848
-84.3113
-49.6921
-9.98922
22.238
96.3133
113.823
131.996
150.012
166.137
180.411
192.155
200.617
205.763
207.871
207.276
204.385
199.53
192.983
185.002
175.759
165.427
154.173
142.143
129.477
116.313
102.8
89.109
75.5147
62.4418
50.3597
39.5934
30.276
22.4814
16.2979
11.7858
8.95042
7.7728
8.28488
10.5624
14.9205
21.7604
33.069
47.8647
73.5817
54.4899
32.3002
7.85238
-17.4392
-44.7265
-73.2277
-102.278
-131.907
-161.648
-191.169
-220.261
-248.508
-275.528
-300.893
-324.124
-344.736
-362.283
-376.366
-386.67
-392.921
-395.051
-392.939
-386.332
-374.801
-358.114
-337.036
-313.243
-288.138
-262.118
-235.037
-206.879
-177.773
-147.671
-116.471
-83.5508
-49.5522
-10.8393
20.8332
90.8865
107.187
124.175
141.068
156.237
169.768
181.016
189.258
194.466
196.905
196.877
194.746
190.809
185.297
178.424
170.317
161.106
150.923
139.887
128.124
115.769
102.971
89.9016
76.8281
64.1584
52.3381
41.6961
32.4025
24.5596
18.2683
13.6035
10.5894
9.22192
9.54002
11.6277
15.7877
22.3906
33.2296
47.13
69.3767
51.555
30.843
8.05575
-15.4373
-40.7722
-67.2062
-94.1165
-121.575
-149.163
-176.603
-203.747
-230.239
-255.762
-279.943
-302.349
-322.524
-340.029
-354.441
-365.434
-372.646
-375.925
-375.112
-369.977
-360.188
-345.551
-326.627
-304.767
-281.219
-256.462
-230.468
-203.259
-174.971
-145.586
-115.041
-82.7763
-49.4332
-11.7558
19.304
85.5572
100.796
116.73
132.623
146.937
159.793
170.572
178.585
183.806
186.488
186.907
185.399
182.231
177.609
171.708
164.627
156.459
147.3
137.243
126.393
114.872
102.822
90.41
77.8937
65.6654
54.1516
43.681
34.4511
26.5918
20.2178
15.419
12.2378
10.6867
10.8117
12.7058
16.6578
23.0065
33.3499
46.367
65.2108
48.5208
29.1299
7.82625
-14.0627
-37.6527
-62.2352
-87.2199
-112.712
-138.332
-163.843
-189.146
-213.943
-237.967
-260.907
-282.373
-301.941
-319.195
-333.703
-345.135
-353.085
-357.325
-357.661
-353.872
-345.691
-332.948
-316.042
-296.049
-274.057
-250.587
-225.709
-199.479
-172.043
-143.412
-113.556
-81.9845
-49.3404
-12.7363
17.6648
80.3872
94.6781
109.672
124.663
138.21
150.442
160.776
168.557
173.751
176.608
177.38
176.379
173.855
169.991
164.941
158.777
151.564
143.372
134.263
124.316
113.64
102.361
90.635
78.7079
66.9567
55.7919
45.5383
36.4133
28.5712
22.1421
17.2303
13.8966
12.1701
12.1045
13.8013
17.5346
23.6105
33.4339
45.5799
61.139
45.4669
27.2647
7.29633
-13.1541
-35.1769
-58.0905
-81.3398
-105.047
-128.864
-152.595
-176.177
-199.357
-221.921
-243.6
-264.055
-282.901
-299.747
-314.171
-325.835
-334.322
-339.335
-340.657
-338.073
-331.357
-320.349
-305.322
-287.119
-266.668
-244.501
-220.761
-195.54
-168.988
-141.146
-112.015
-81.1745
-49.2688
-13.7784
15.9265
75.4129
88.8514
102.994
117.17
130.016
141.673
151.586
159.13
164.269
167.244
168.294
167.706
165.719
162.502
158.191
152.841
146.497
139.202
130.994
121.93
112.094
101.598
90.5796
79.2679
68.0253
57.2483
47.2545
38.2749
30.4845
24.0288
19.0265
15.556
13.6635
13.4105
14.9073
18.4122
24.1983
33.4819
44.7724
57.1975
42.4485
25.3228
6.56398
-12.5889
-33.1936
-54.597
-76.2745
-98.3579
-120.528
-142.619
-164.598
-186.249
-207.4
-227.828
-247.236
-265.279
-281.597
-295.788
-307.505
-316.351
-321.97
-324.126
-322.608
-317.215
-307.79
-294.506
-278.007
-259.072
-238.214
-215.631
-191.443
-165.808
-138.788
-110.418
-80.346
-49.2159
-14.8751
14.0953
70.6544
83.3215
96.6898
110.121
122.325
133.445
142.959
150.265
155.327
158.379
159.644
159.392
157.853
155.185
151.513
146.881
141.319
134.849
127.49
119.274
110.263
100.548
90.2495
79.5741
68.8683
58.5137
48.8197
40.0248
32.321
25.8684
20.7997
17.2099
15.1625
14.7268
16.0216
19.2888
24.769
33.4964
43.9486
53.4108
39.5017
23.3568
5.7009
-12.275
-31.5905
-51.6232
-71.8704
-92.4735
-113.138
-133.721
-154.208
-174.421
-194.222
-213.426
-231.778
-248.971
-264.675
-278.515
-290.142
-299.19
-305.262
-308.106
-307.515
-303.302
-295.312
-283.634
-268.748
-251.291
-231.74
-210.326
-187.192
-162.502
-136.338
-108.765
-79.4986
-49.1796
-16.0182
12.1777
66.1217
78.0874
90.7463
103.493
115.104
125.722
134.855
141.926
146.893
149.988
151.418
151.438
150.272
148.072
144.951
140.95
136.086
130.368
123.798
116.387
108.177
99.2336
89.6566
79.6309
69.4838
59.582
50.2244
41.6518
34.0692
27.6501
22.54
18.8499
16.6599
16.0476
17.1393
20.1607
25.3203
33.4794
43.1125
49.7924
36.6521
21.4084
4.75942
-12.14
-30.2813
-49.0616
-68.0049
-87.2548
-106.539
-125.731
-144.838
-163.705
-182.226
-200.248
-217.552
-233.868
-248.899
-262.297
-273.721
-282.833
-289.222
-292.62
-292.821
-289.651
-282.952
-272.745
-259.376
-243.35
-225.094
-204.855
-182.792
-159.072
-133.796
-107.055
-78.6309
-49.1591
-17.1991
10.1854
61.8184
73.141
85.1465
97.2606
108.322
118.469
127.239
134.077
138.938
142.048
143.602
143.843
142.989
141.185
138.539
135.089
130.846
125.809
119.965
113.311
105.866
97.6755
88.8153
79.4459
69.8738
60.45
51.4609
43.146
35.7186
29.3634
24.238
20.4678
18.1489
17.3675
18.256
21.0246
25.8506
33.4336
42.269
46.3489
33.9169
19.5019
3.7815
-12.1332
-29.1961
-46.83
-64.5779
-82.5893
-100.605
-118.517
-136.345
-153.957
-171.268
-188.158
-204.435
-219.869
-234.19
-247.08
-258.213
-267.273
-273.861
-277.688
-278.553
-276.293
-270.746
-261.88
-249.926
-235.275
-218.293
-199.229
-178.249
-155.523
-131.164
-105.287
-77.7419
-49.1524
-18.4089
8.13018
57.7435
68.4733
79.8744
91.4024
101.949
111.653
120.077
126.685
131.431
134.534
136.18
136.599
136.005
134.537
132.301
129.332
125.638
121.213
116.034
110.083
103.363
95.8984
87.7414
79.0284
70.0428
61.1168
52.5238
44.4987
37.259
30.998
25.8838
22.0549
19.6219
18.6802
19.3666
21.8768
26.3583
33.3615
41.4227
43.0836
31.3069
17.6581
2.7947
-12.2122
-28.2839
-44.8622
-61.5135
-78.3862
-95.2359
-111.965
-128.608
-145.048
-161.222
-177.034
-192.32
-206.878
-220.471
-232.807
-243.582
-252.497
-259.179
-263.323
-264.733
-263.255
-258.729
-251.077
-240.436
-227.095
-211.358
-193.461
-173.571
-151.857
-128.442
-103.463
-76.8297
-49.1567
-19.6392
6.02516
53.8927
64.074
74.9136
85.8957
95.9596
105.244
113.338
119.721
124.346
127.426
129.138
129.701
129.322
128.14
126.256
123.706
120.498
116.619
112.043
106.742
100.702
93.9294
86.4558
78.3922
69.9971
61.5832
53.4094
45.7027
38.6811
32.5438
27.4675
23.602
21.071
19.9791
20.4659
22.7138
26.8419
33.2658
40.578
39.9955
28.8273
15.8906
1.82203
-12.3464
-27.5019
-43.1072
-58.7477
-74.5708
-90.345
-105.984
-121.529
-136.88
-151.988
-166.777
-181.11
-194.811
-207.669
-219.422
-229.789
-238.483
-245.17
-249.532
-251.377
-250.565
-246.933
-240.371
-230.941
-218.84
-204.312
-187.566
-168.768
-148.08
-125.634
-101.581
-75.8921
-49.1675
-20.8803
3.88456
50.261
59.9316
70.2475
80.7187
90.3294
99.2176
106.996
113.158
117.658
120.702
122.459
123.136
122.938
121.999
120.418
118.232
115.45
112.059
108.028
103.32
97.9127
91.7958
84.9801
77.5523
69.7456
61.8526
54.1159
46.7523
39.9768
33.9915
28.9794
25.0999
22.4879
21.2572
21.5483
23.5316
27.3002
33.1494
39.7396
37.0824
26.4813
14.2074
0.878975
-12.5114
-26.8181
-41.5224
-56.2292
-71.0811
-85.8623
-100.493
-115.021
-129.358
-143.469
-157.294
-170.716
-183.585
-195.715
-206.869
-216.791
-225.207
-231.823
-236.317
-238.499
-238.242
-235.388
-229.799
-221.476
-210.541
-197.176
-181.562
-163.852
-144.2
-122.743
-99.644
-74.9272
-49.1804
-22.1222
1.72318
46.8402
56.0344
65.8595
75.8512
85.0349
93.5479
101.023
106.971
111.344
114.342
116.126
116.894
116.846
116.113
114.793
112.925
110.518
107.56
104.017
99.8508
95.0273
89.5246
83.3359
76.5248
69.2997
61.9309
54.644
47.6437
41.1391
35.3322
30.4101
26.5392
23.8643
22.507
22.608
24.3265
27.732
33.015
38.9119
34.3402
24.2686
12.6148
-0.0225556
-12.6906
-26.2068
-40.0753
-53.9161
-67.87
-81.7304
-95.4279
-109.012
-122.406
-135.584
-148.503
-161.06
-173.128
-184.543
-195.094
-204.547
-212.644
-219.125
-223.675
-226.108
-226.305
-224.118
-219.391
-212.077
-202.23
-189.978
-175.468
-158.835
-140.224
-119.772
-97.6512
-73.9323
-49.1898
-23.3555
-0.444982
43.6219
52.3712
61.7356
71.275
80.056
88.2126
95.3981
101.136
105.38
108.325
110.123
110.963
111.04
110.484
109.389
107.797
105.718
103.143
100.038
96.3608
92.0735
87.1426
81.5467
75.329
68.6725
61.8257
54.9962
48.3748
42.1625
36.5583
31.7506
27.9109
25.1915
23.721
23.6389
25.0944
28.1361
32.865
38.0993
31.7635
22.188
11.1154
-0.874844
-12.8684
-25.6483
-38.7386
-51.775
-64.8946
-77.9027
-90.7342
-103.442
-115.958
-128.265
-140.332
-152.071
-163.373
-174.092
-184.043
-193.014
-200.762
-207.057
-211.598
-214.206
-214.768
-213.148
-209.179
-202.775
-193.938
-182.744
-169.304
-153.732
-136.162
-116.727
-95.604
-72.9054
-49.1893
-24.5695
-2.6045
40.5982
48.9293
57.8605
66.9738
75.3732
83.1902
90.0974
95.6318
99.748
102.634
104.435
105.331
105.512
105.106
104.205
102.853
101.063
98.8262
96.1112
92.8758
89.0771
84.6749
79.6356
73.9836
67.8786
61.5462
55.1765
48.9454
43.0431
37.6629
32.9926
29.206
26.4606
24.8913
24.6349
25.8313
28.5115
32.7021
37.3056
29.3457
20.2371
9.71058
-1.67265
-13.0347
-25.1268
-37.4903
-49.7775
-62.1216
-74.3371
-86.3641
-98.2575
-109.956
-121.451
-132.718
-143.685
-154.257
-164.306
-173.667
-182.149
-189.529
-195.599
-200.08
-202.794
-203.642
-202.497
-199.189
-193.602
-185.696
-175.5
-163.09
-148.56
-132.025
-113.613
-93.5043
-71.843
-49.1727
-25.7537
-4.74057
37.7601
45.6981
54.2202
62.9298
70.9675
78.4611
85.1018
90.4395
94.4286
97.2512
99.0458
99.9852
100.254
99.9754
99.2425
98.0999
96.5627
94.6241
92.2558
89.4166
86.0616
82.145
77.6243
72.5082
66.9332
61.1038
55.1914
49.3569
43.7782
38.6408
34.1285
30.416
27.6635
26.0102
25.5897
26.5333
28.8573
32.5284
36.5343
27.081
18.4124
8.39985
-2.4127
-13.1824
-24.6302
-36.3143
-47.902
-59.5232
-71.0004
-82.2796
-93.4147
-104.352
-115.089
-125.608
-135.847
-145.725
-155.132
-163.919
-171.914
-178.915
-184.73
-189.106
-191.871
-192.935
-192.182
-189.445
-184.586
-177.532
-168.272
-156.85
-143.334
-127.823
-110.437
-91.3528
-70.7435
-49.1319
-26.8974
-6.83808
35.0991
42.6661
50.8012
59.1279
66.8222
74.0077
80.392
85.5397
89.4035
92.1603
93.9419
94.9136
95.2545
95.0861
94.4985
93.5379
92.2221
90.5468
88.4865
86.0017
83.0476
79.5745
75.534
70.9211
65.8523
60.5102
55.0485
49.6126
44.367
39.4874
35.152
31.5332
28.7921
27.0701
26.497
27.1965
29.1725
32.3457
35.7885
24.9629
16.709
7.18215
-3.09293
-13.3059
-24.1486
-35.1962
-46.1298
-57.0758
-67.8642
-78.4467
-88.8758
-99.1043
-109.134
-118.952
-128.506
-137.729
-146.522
-154.753
-162.269
-168.885
-174.424
-178.662
-181.43
-182.648
-182.216
-179.969
-175.755
-169.475
-161.088
-150.607
-138.075
-123.57
-107.206
-89.1537
-69.6035
-49.0603
-27.9916
-8.88196
32.6061
39.8225
47.5912
55.5548
62.922
69.8139
75.952
80.9154
84.6562
87.3454
89.1087
90.1039
90.5049
90.4305
89.9691
89.1676
88.046
86.6026
84.815
82.6465
80.0527
76.9834
73.3849
69.2423
64.6527
59.7786
54.7567
49.7172
44.8103
40.2002
36.0575
32.5505
29.8384
28.0635
27.3508
27.8167
29.456
32.1554
35.0706
22.9844
15.123
6.0546
-3.71231
-13.4016
-23.6752
-34.1249
-44.4465
-54.7603
-64.9059
-74.8382
-84.6098
-94.1766
-103.546
-112.708
-121.62
-130.223
-138.432
-146.129
-153.178
-159.409
-164.658
-168.732
-171.464
-172.784
-172.608
-170.776
-167.13
-161.552
-153.975
-144.383
-132.798
-119.281
-103.929
-86.9079
-68.4212
-48.9513
-29.0253
-10.8585
30.2724
37.1571
44.5785
52.1964
59.2522
65.8639
71.7655
76.5507
80.171
82.7919
84.5329
85.5444
85.9957
86.0019
85.6498
84.9873
84.0359
82.7967
81.2505
79.3631
77.0926
74.389
71.1957
67.4891
63.3502
58.9224
54.3262
49.6768
45.11
40.7778
36.8411
33.4616
30.7954
28.9835
28.1453
28.3904
29.7068
31.9588
34.3824
21.1388
13.6492
5.01492
-4.2715
-13.4669
-23.2048
-33.092
-42.8389
-52.5608
-62.1053
-71.4295
-80.5872
-89.5375
-98.289
-106.839
-115.149
-123.168
-130.824
-138.01
-144.604
-150.454
-155.408
-159.297
-161.962
-163.342
-163.365
-161.884
-158.734
-153.786
-146.955
-138.201
-127.525
-114.967
-100.614
-84.6195
-67.1942
-48.7955
-29.99
-12.7544
28.0903
34.6601
41.7515
49.0402
55.799
62.1428
67.8177
72.4305
75.9332
78.4855
80.201
81.2232
81.7161
81.7919
81.5346
80.9936
80.1916
79.1321
77.7991
76.1617
74.1806
71.8065
68.9823
65.6784
61.9605
57.9552
53.7677
49.4989
45.2701
41.2203
37.4994
34.2616
31.6569
29.8236
28.8749
28.9137
29.924
31.7565
33.725
19.4196
12.2823
4.05995
-4.7717
-13.5005
-22.7325
-32.0903
-41.2967
-50.4633
-59.4443
-68.2005
-76.7843
-85.1587
-93.3342
-101.311
-109.056
-116.528
-123.659
-130.359
-136.516
-141.993
-146.65
-150.34
-152.913
-154.316
-154.491
-153.301
-150.583
-146.2
-140.053
-132.084
-122.273
-110.644
-97.2703
-82.2925
-65.9205
-48.5877
-30.8757
-14.5574
26.0513
32.3219
39.0997
46.0749
52.55
58.6374
64.0947
68.5409
71.9293
74.413
76.1007
77.1289
77.6559
77.7918
77.6174
77.1827
76.512
75.6105
74.4656
73.05
71.3267
69.249
66.7599
63.8255
60.499
56.8908
53.0926
49.1916
45.2953
41.5291
38.0314
34.9464
32.4175
30.5778
29.5344
29.3832
30.1061
31.5488
33.0987
17.8201
11.0175
3.186
-5.21428
-13.502
-22.2562
-31.1145
-39.8125
-48.4572
-56.9102
-65.1344
-73.1815
-81.0178
-88.6546
-96.0952
-103.312
-110.269
-116.907
-123.144
-128.881
-133.997
-138.359
-141.841
-144.303
-145.7
-145.987
-145.037
-142.693
-138.813
-133.29
-126.052
-117.061
-106.328
-93.9082
-79.9303
-64.5994
-48.3209
-31.6751
-16.2569
24.1478
30.134
36.613
43.2892
49.4932
55.3352
60.583
64.8693
68.1463
70.5623
72.22
73.2501
73.8057
73.993
73.891
73.5494
72.9941
72.2317
71.2528
70.0335
68.5399
66.7277
64.5416
61.9448
58.9798
55.7427
52.3124
48.764
45.1916
41.707
38.4364
35.5135
33.0728
31.2413
30.1193
29.7957
30.2521
31.3354
32.5032
16.334
9.84957
2.38953
-5.60139
-13.4714
-21.7737
-30.1605
-38.3798
-46.5339
-54.4908
-62.2167
-69.7612
-77.0941
-84.2274
-91.167
-97.8892
-104.363
-110.535
-116.335
-121.673
-126.439
-130.511
-133.781
-136.118
-137.486
-137.851
-137.097
-135.074
-131.641
-126.686
-120.125
-111.909
-102.032
-90.5372
-77.538
-63.2303
-47.9893
-32.3807
-17.8432
22.3723
28.0881
34.282
40.6723
46.6173
52.2243
57.271
61.4028
64.5717
66.9208
68.5477
69.5769
70.1556
70.3871
70.3482
70.0886
69.6343
68.9946
68.1621
67.1163
65.8266
64.2517
62.3386
60.049
57.4161
54.5235
51.4389
48.2258
44.9659
41.758
38.7159
35.9615
33.6197
31.8099
30.6257
30.1482
30.3606
31.1158
31.9373
14.9551
8.77329
1.66674
-5.93529
-13.4094
-21.2837
-29.2248
-36.9922
-44.6845
-52.1752
-59.4338
-66.5078
-73.3698
-80.0329
-86.5037
-92.763
-98.783
-104.519
-109.906
-114.864
-119.294
-123.085
-126.141
-128.345
-129.666
-130.08
-129.484
-127.736
-124.699
-120.257
-114.321
-106.832
-97.7707
-87.1678
-75.121
-61.8125
-47.5884
-32.9859
-19.3073
20.7176
26.1756
32.0977
38.2148
43.912
49.2937
54.1473
58.1299
61.1942
63.4777
65.0728
66.098
66.6956
66.9655
66.9817
66.7939
66.4287
65.8965
65.1932
64.3006
63.1918
61.8285
60.1604
58.1491
55.8201
53.2455
50.4832
47.5867
44.6259
41.6873
38.8719
36.2901
34.0562
32.2805
31.0501
30.4382
30.4302
30.8887
31.3994
13.6772
7.78375
1.01374
-6.21848
-13.3169
-20.7858
-28.3051
-35.6462
-42.9026
-49.9552
-56.7749
-63.4079
-69.8289
-76.0521
-82.0852
-87.9114
-93.5072
-98.8335
-103.831
-108.429
-112.538
-116.058
-118.902
-120.967
-122.229
-122.67
-122.199
-120.685
-117.996
-114.018
-108.657
-101.847
-93.5585
-83.8103
-72.6845
-60.3479
-47.1137
-33.4854
-20.6428
19.1768
24.3891
30.0515
35.9074
41.3673
46.5331
51.2009
55.0399
58.0028
60.2218
61.7845
62.8037
63.4163
63.7192
63.7838
63.659
63.372
62.9348
62.3449
61.5877
60.6388
59.4635
58.0148
56.2547
54.2025
51.9201
49.4566
46.8568
44.1799
41.5008
38.9081
36.5006
34.3813
32.651
31.3901
30.6634
30.4595
30.653
30.887
12.4947
6.87595
0.426679
-6.45369
-13.1953
-20.2798
-27.3999
-34.338
-41.1839
-47.8237
-54.2311
-60.4506
-66.4589
-72.2703
-77.8937
-83.315
-88.5138
-93.4556
-98.0876
-102.346
-106.15
-109.409
-112.047
-113.971
-115.162
-115.612
-115.241
-113.926
-111.543
-107.981
-103.147
-96.9684
-89.4086
-80.475
-70.2348
-58.8373
-46.5634
-33.8757
-21.8438
17.7434
22.7211
28.1354
33.7413
38.9739
43.9325
48.4218
52.1224
54.987
57.1427
58.6731
59.6843
60.3089
60.6402
60.747
60.6774
60.4593
60.1055
59.6155
58.9773
58.1698
57.1614
55.9085
54.3743
52.5731
50.5576
48.3696
46.0459
43.6365
41.2052
38.8293
36.5954
34.5957
32.9208
31.6439
30.8223
30.4472
30.4067
30.3972
11.4019
6.04523
-0.098354
-6.64365
-13.0463
-19.7658
-26.5076
-33.0647
-39.5233
-45.7743
-51.7942
-57.6255
-63.2469
-68.6733
-73.9139
-78.9567
-83.7841
-88.3658
-92.6546
-96.5932
-100.109
-103.119
-105.556
-107.34
-108.455
-108.9
-108.605
-107.459
-105.345
-102.157
-97.8031
-92.2097
-85.3332
-77.1716
-67.7782
-57.2833
-45.936
-34.1536
-22.9066
16.4111
21.1648
26.3417
31.7084
36.7232
41.4829
45.8003
49.3673
52.1371
54.2311
55.7289
56.7307
57.3644
57.7198
57.8635
57.8425
57.685
57.4043
57.0021
56.4687
55.7857
54.925
53.8465
52.5149
50.9402
49.1676
47.2321
45.1638
43.0045
40.8081
38.6407
36.5779
34.7008
33.0898
31.8108
30.9135
30.3919
30.148
29.9267
10.3934
5.2869
-0.565141
-6.79129
-12.8716
-19.2447
-25.6279
-31.8247
-37.9172
-43.802
-49.4571
-54.9242
-60.1829
-65.2487
-70.1313
-74.8205
-79.3009
-83.5459
-87.5132
-91.1517
-94.395
-97.1694
-99.4136
-101.06
-102.095
-102.524
-102.288
-101.285
-99.4062
-96.553
-92.6362
-87.5822
-81.3434
-73.9097
-65.321
-55.689
-45.2308
-34.3177
-23.8286
15.1739
19.7136
24.6634
29.8008
34.6068
39.1754
43.3276
46.7659
49.4436
51.4773
52.9424
53.9337
54.5742
54.9502
55.1258
55.1475
55.043
54.8267
54.5015
54.0602
53.4868
52.7565
51.8328
50.6823
49.3113
47.7586
46.0533
44.22
42.2928
40.317
38.3487
36.4529
34.6997
33.1595
31.8909
30.9365
30.2926
29.8747
29.4718
9.46409
4.59654
-0.977366
-6.89921
-12.673
-18.7169
-24.7601
-30.6157
-36.3622
-41.9018
-47.2141
-52.3389
-57.2578
-61.986
-66.5339
-70.8925
-75.049
-78.9794
-82.6461
-86.0028
-88.9906
-91.542
-93.6026
-95.1146
-96.0689
-96.4753
-96.2828
-95.3997
-93.7277
-91.174
-87.6539
-83.0957
-77.4493
-70.698
-62.8702
-54.0586
-44.4494
-34.3679
-24.6088
14.0259
18.3611
23.0933
28.0111
32.6168
37.002
40.995
44.3092
46.8978
48.8727
50.3051
51.2848
51.9297
52.3232
52.5267
52.5856
52.5277
52.3677
52.1101
51.7493
51.2724
50.6569
49.8702
48.881
47.6928
46.3382
44.8418
43.2232
41.5103
39.7403
37.9605
36.2256
34.5959
33.1321
31.8851
30.8912
30.1484
29.5846
29.0286
8.60912
3.96961
-1.33859
-6.9703
-12.4525
-18.1833
-23.904
-29.4365
-34.8563
-40.0703
-45.0598
-49.863
-54.4632
-58.8757
-63.1105
-67.1604
-71.0144
-74.6512
-78.0372
-81.1306
-83.8785
-86.2202
-88.1069
-89.4899
-90.3638
-90.7421
-90.5816
-89.8007
-88.3095
-86.0231
-82.8622
-78.7581
-73.6596
-67.5451
-60.4323
-52.3963
-43.594
-34.3055
-25.2479
12.9618
17.1013
21.6252
26.3323
30.746
34.9548
38.7946
41.9889
44.4914
46.4089
47.8087
48.7758
49.4232
49.8313
50.0588
50.1502
50.133
50.0223
49.8238
49.5337
49.1411
48.6266
47.961
47.115
46.0898
44.9132
43.6054
42.182
40.6655
39.0862
37.4832
35.9024
34.3945
33.0108
31.7953
30.7782
29.9585
29.2754
28.5932
7.8237
3.40217
-1.65242
-7.00737
-12.212
-17.6451
-23.0596
-28.2862
-33.397
-38.3038
-42.9892
-47.4904
-51.7918
-55.9086
-59.8509
-63.6126
-67.1845
-70.5476
-73.6717
-76.5195
-79.043
-81.1883
-82.9113
-84.1716
-84.9669
-85.3137
-85.1763
-84.4818
-83.1494
-81.1017
-78.2653
-74.5754
-69.9816
-64.4583
-58.014
-50.7075
-42.6681
-34.1332
-25.7477
11.9763
15.9287
20.253
24.7581
28.9873
33.0266
36.7189
39.7973
42.2163
44.0777
45.4451
46.3988
47.047
47.467
47.7152
47.8348
47.8531
47.7854
47.6383
47.4099
47.0912
46.6653
46.1062
45.3869
44.507
43.4894
42.3511
41.1043
39.7667
38.363
36.9248
35.4901
34.1008
32.7999
31.6243
30.5987
29.7226
28.9452
28.1616
7.10335
2.89013
-1.92216
-7.01311
-11.9534
-17.1036
-22.2272
-27.1642
-31.9826
-36.5994
-40.9988
-45.2162
-49.2373
-53.0772
-56.7461
-60.2388
-63.5477
-66.6558
-69.5361
-72.155
-74.4695
-76.4312
-78.0011
-79.1453
-79.8649
-80.1789
-80.0577
-79.4365
-78.2436
-76.4087
-73.8651
-70.5523
-66.4213
-61.4442
-55.6218
-48.9978
-41.6763
-33.8547
-26.1113
11.0646
14.8377
18.9709
23.2821
27.3341
31.2104
34.7604
37.7272
40.0652
41.8718
43.2069
44.1464
44.7937
45.2233
45.489
45.633
45.682
45.6518
45.5497
45.3749
45.1205
44.7721
44.3065
43.6992
42.9479
42.072
41.0854
39.9974
38.8221
37.5788
36.2933
34.996
33.7213
32.5043
31.3754
30.3545
29.4408
28.592
27.7298
6.44373
2.42973
-2.15109
-6.99014
-11.6787
-16.5598
-21.4072
-26.0695
-30.6117
-34.9549
-39.0848
-43.0353
-46.7937
-50.3743
-53.7878
-57.0297
-60.0933
-62.9641
-65.6177
-68.0239
-70.144
-71.9347
-73.3619
-74.3974
-75.0451
-75.3259
-75.2156
-74.6571
-73.5869
-71.9419
-69.662
-66.6913
-62.9834
-58.5087
-53.2617
-47.2733
-40.624
-33.4751
-26.3433
10.2219
13.8234
17.7732
21.8984
25.7802
29.4996
32.9126
35.7714
38.0308
39.7837
41.0868
42.0113
42.6565
43.0933
43.3738
43.5387
43.6144
43.6166
43.5533
43.4251
43.2266
42.9457
42.5619
42.053
41.4156
40.6653
39.8138
38.8682
37.8391
36.7418
35.5965
34.4276
33.2625
32.1294
31.0528
30.0479
29.1135
28.2142
27.2944
5.84085
2.01723
-2.34224
-6.94102
-11.3896
-16.0148
-20.6001
-25.0022
-29.2829
-33.3677
-37.2438
-40.9437
-44.4554
-47.7936
-50.9684
-53.9763
-56.8119
-59.4621
-61.905
-64.1138
-66.0534
-67.6857
-68.9802
-69.9146
-70.4946
-70.7427
-70.6397
-70.1351
-69.173
-67.6975
-65.6548
-62.9939
-59.6711
-55.6567
-50.9399
-45.54
-39.5173
-33.0003
-26.4493
9.44366
12.8809
16.6549
20.6015
24.3197
27.8881
31.1689
33.9231
36.1064
37.8069
39.0781
39.9868
40.6283
41.0706
41.3633
41.5459
41.6444
41.6745
41.6448
41.557
41.407
41.1846
40.8722
40.4496
39.9123
39.2732
38.5416
37.7228
36.8249
35.8596
34.8425
33.7927
32.7316
31.6814
30.6612
29.6819
28.7417
27.8106
26.852
5.29078
1.64929
-2.49872
-6.8681
-11.0882
-15.4698
-19.8061
-23.9615
-27.9949
-31.8361
-35.4731
-38.9373
-42.218
-45.3291
-48.2811
-51.0709
-53.6942
-56.1394
-58.3871
-60.4127
-62.1855
-63.6711
-64.8432
-65.6839
-66.2009
-66.4176
-66.319
-65.8613
-64.9949
-63.6707
-61.841
-59.46
-56.4868
-52.8921
-48.6615
-43.8042
-38.363
-32.4373
-26.4358
8.72576
12.0056
15.6109
19.386
22.947
26.37
29.5232
32.1764
34.2855
35.9347
37.1741
38.0665
38.7031
39.1489
39.4514
39.649
39.767
39.821
39.8201
39.7669
39.6586
39.4871
39.2368
38.8895
38.4401
37.8988
37.2731
36.567
35.7863
34.9396
34.039
33.0991
32.136
31.1667
30.2055
29.2599
28.3267
27.3803
26.3996
4.78984
1.32257
-2.62335
-6.77375
-10.7763
-14.926
-19.0259
-22.9474
-26.747
-30.358
-33.7699
-37.0126
-40.0767
-42.9755
-45.7195
-48.3061
-50.7322
-52.9871
-55.0536
-56.9101
-58.5287
-59.8791
-60.9383
-61.6927
-62.1514
-62.3387
-62.243
-61.826
-61.0445
-59.8554
-58.2171
-56.0882
-53.4314
-50.2182
-46.4313
-42.0722
-37.1684
-31.7936
-26.3099
8.06414
11.1931
14.6367
18.247
21.6568
24.9398
27.9698
30.5253
32.5622
34.1611
35.3688
36.2443
36.8747
37.3223
37.6324
37.8425
37.9769
38.0511
38.0748
38.0513
37.9791
37.8512
37.6546
37.3729
37.0003
36.5448
36.0124
35.4058
34.7293
33.9889
33.1937
32.3544
31.483
30.5919
29.6913
28.7855
27.8702
26.9228
25.935
4.33454
1.03394
-2.71878
-6.66017
-10.4553
-14.3845
-18.2598
-21.9597
-25.5381
-28.9318
-32.1317
-35.1665
-38.0274
-40.7277
-43.2776
-45.6751
-47.9178
-49.9963
-51.8953
-53.5954
-55.0719
-56.2979
-57.2535
-57.9288
-58.3342
-58.4943
-58.4003
-58.0191
-57.3131
-56.2449
-54.7781
-52.876
-50.5048
-47.6372
-44.2539
-40.3501
-35.9405
-31.0773
-26.0799
7.45495
10.4394
13.7277
17.1799
20.4442
23.5922
26.5033
28.964
30.9309
32.4804
33.6564
34.5145
35.1375
35.5854
35.9012
36.1212
36.2693
36.3606
36.4051
36.4069
36.3653
36.275
36.1247
35.8998
35.5942
35.2136
34.7629
34.244
33.6596
33.014
32.3136
31.5661
30.78
29.9638
29.1243
28.2631
27.3745
26.4383
25.456
3.92159
0.780434
-2.78764
-6.52951
-10.1271
-13.8464
-17.5084
-20.9983
-24.3674
-27.5561
-30.5564
-33.3957
-36.0663
-38.581
-40.9497
-43.1712
-45.2436
-47.1588
-48.903
-50.459
-51.8047
-52.9165
-53.7774
-54.3805
-54.7374
-54.8725
-54.7798
-54.4304
-53.7918
-52.8318
-51.5187
-49.8203
-47.7061
-45.1504
-42.1329
-38.6436
-34.687
-30.2967
-25.7542
6.89465
9.74052
12.8799
16.18
19.3044
22.3223
25.1184
27.4873
29.386
30.887
32.0315
32.8715
33.4862
33.9328
34.2525
34.4804
34.6396
34.7452
34.8072
34.8302
34.8147
34.7563
34.6458
34.47
34.2224
33.9071
33.5278
33.0857
32.5826
32.0211
31.4057
30.7414
30.0341
29.2892
28.5103
27.6969
26.8422
25.9272
24.9612
3.54787
0.559258
-2.83229
-6.38375
-9.79302
-13.3128
-16.7722
-20.0632
-23.2341
-26.2294
-29.0418
-31.6975
-34.1897
-36.531
-38.7309
-40.7887
-42.7031
-44.467
-46.0682
-47.4914
-48.717
-49.7243
-50.499
-51.0366
-51.3496
-51.4622
-51.3704
-51.0494
-50.4712
-49.6081
-48.4327
-46.917
-45.0336
-42.7586
-40.0714
-36.9582
-33.415
-29.4603
-25.3416
6.37979
9.09286
12.0892
15.2433
18.233
21.1254
23.8105
26.0903
27.9224
29.3758
30.4889
31.3102
31.9156
32.3596
32.6816
32.9153
33.0834
33.2006
33.2772
33.3181
33.3244
33.2932
33.2166
33.083
32.8855
32.6268
32.3096
31.9347
31.5029
31.0158
30.4762
29.8872
29.2523
28.5746
27.8551
27.0916
26.276
25.3905
24.4498
3.21045
0.367747
-2.85506
-6.22473
-9.45462
-12.7844
-16.0516
-19.1539
-22.1376
-24.9504
-27.5859
-30.0693
-32.3943
-34.5735
-36.6159
-38.5216
-40.2894
-41.9135
-43.3828
-44.684
-45.7995
-46.7114
-47.4076
-47.8858
-48.1593
-48.252
-48.1612
-47.8658
-47.3418
-46.5655
-45.5135
-44.1613
-42.4849
-40.4619
-38.0719
-35.2988
-32.1315
-28.5765
-24.8512
5.90713
8.49293
11.352
14.3657
17.2257
19.9972
22.5748
24.7682
26.5354
27.9419
29.0237
29.8259
30.421
30.8611
31.1839
31.4217
31.5967
31.7233
31.8117
31.8674
31.892
31.8837
31.8359
31.7384
31.5839
31.374
31.1107
30.7942
30.4249
30.0034
29.5312
29.0099
28.4413
27.8264
27.1646
26.4519
25.6792
24.8295
23.9214
2.90651
0.203438
-2.85805
-6.05428
-9.11327
-12.2624
-15.3469
-18.2704
-21.0771
-23.7177
-26.1867
-28.5081
-30.6767
-32.7045
-34.6003
-36.3645
-37.9966
-39.4913
-40.8391
-42.0281
-43.0431
-43.8679
-44.4929
-44.9177
-45.156
-45.2309
-45.1414
-44.8692
-44.3941
-43.6957
-42.754
-41.5481
-40.0568
-38.2595
-36.1365
-33.6696
-30.8432
-27.6538
-24.2921
5.47367
7.93747
10.6647
13.5434
16.2786
18.9335
21.4071
23.5166
25.2205
26.581
27.6313
28.414
28.9979
29.4331
29.7551
29.9955
30.1757
30.3096
30.4075
30.4752
30.515
30.5257
30.5022
30.4353
30.3178
30.1499
29.9331
29.6673
29.3524
28.9885
28.576
28.1155
27.6073
27.0509
26.4443
25.7823
25.0552
24.246
23.3761
2.63347
0.0639468
-2.84332
-5.87401
-8.77017
-11.7474
-14.6584
-17.4126
-20.052
-22.5301
-24.8424
-27.0118
-29.0339
-30.9202
-32.6794
-34.3122
-35.8185
-37.1939
-38.4299
-39.5161
-40.4389
-41.1846
-41.7452
-42.1221
-42.329
-42.3885
-42.3005
-42.0497
-41.6185
-40.99
-40.1472
-39.0721
-37.7459
-36.1504
-34.2663
-32.0747
-29.5563
-26.7001
-23.6733
5.07658
7.42336
10.0241
12.773
15.388
17.9302
20.3032
22.3313
23.9734
25.2885
26.3076
27.0703
27.6423
28.0713
28.3915
28.633
28.8166
28.956
29.0614
29.1388
29.191
29.2175
29.2144
29.1733
29.0872
28.9552
28.7784
28.5564
28.2889
27.9754
27.6157
27.2094
26.756
26.2539
25.6998
25.0877
24.4074
23.6419
22.8145
2.38882
-0.0528743
-2.81281
-5.68548
-8.4265
-11.2402
-13.9866
-16.5803
-19.0613
-21.3862
-23.551
-25.5779
-27.4628
-29.217
-30.849
-32.3598
-33.7497
-35.0149
-36.1481
-37.1399
-37.9787
-38.6526
-39.1552
-39.489
-39.6682
-39.7144
-39.6284
-39.397
-39.0057
-38.44
-37.6856
-36.7272
-35.5485
-34.1329
-32.4623
-30.5175
-28.2765
-25.723
-23.0034
4.71309
6.94774
9.42693
12.0511
14.5503
16.9838
19.2594
21.2083
22.7901
24.0605
25.0483
25.7907
26.3501
26.7721
27.0892
27.3306
27.5162
27.6595
27.7706
27.8556
27.9178
27.9572
27.9708
27.9515
27.892
27.7907
27.6481
27.4639
27.2374
26.9679
26.6547
26.2968
25.8929
25.4407
24.9362
24.3726
23.7394
23.0197
22.2375
2.17027
-0.149144
-2.76821
-5.49011
-8.08338
-10.7415
-13.3315
-15.7733
-18.1046
-20.2849
-22.311
-24.2039
-25.9604
-27.5913
-29.105
-30.5025
-31.7846
-32.9482
-33.9869
-34.8924
-35.6546
-36.2634
-36.7137
-37.0092
-37.164
-37.1988
-37.115
-36.9017
-36.5464
-36.0372
-35.362
-34.5077
-33.4604
-32.2051
-30.7248
-29.0005
-27.0089
-24.7295
-22.2909
4.38074
6.50784
8.87037
11.3745
13.7622
16.0907
18.272
20.144
21.6668
22.8931
23.8499
24.5716
25.1178
25.5319
25.845
26.085
26.2714
26.4172
26.5323
26.6232
26.6931
26.7429
26.7704
26.7692
26.7321
26.6568
26.5433
26.3916
26.2006
25.9694
25.697
25.3822
25.0229
24.6164
24.1583
23.6414
23.0547
22.3817
21.6465
1.97565
-0.226781
-2.71122
-5.28927
-7.74176
-10.2519
-12.6936
-14.9912
-17.1811
-19.2249
-21.1205
-22.8877
-24.524
-26.0398
-27.4432
-28.7357
-29.9181
-30.9881
-31.9399
-32.7665
-33.459
-34.0088
-34.4121
-34.6735
-34.8068
-34.832
-34.7509
-34.5543
-34.2318
-33.7733
-33.1689
-32.4075
-31.4771
-30.3644
-29.0535
-27.5261
-25.7581
-23.7262
-21.5436
4.07713
6.10106
8.35161
10.7403
13.0205
15.2477
17.3375
19.1348
20.5999
21.7829
22.7087
23.4095
23.9419
24.3474
24.6554
24.8932
25.0792
25.2262
25.3441
25.4392
25.5152
25.5732
25.6119
25.6256
25.6072
25.5538
25.4652
25.3411
25.1807
24.9829
24.7463
24.4696
24.1504
23.7857
23.3707
22.8981
22.3569
21.7307
21.0432
1.80291
-0.287597
-2.64339
-5.08419
-7.40256
-9.77195
-12.0727
-14.2338
-16.2899
-18.2051
-19.9777
-21.627
-23.1508
-24.5591
-25.8599
-27.0549
-28.1453
-29.1288
-30.0009
-30.7553
-31.3845
-31.8809
-32.2421
-32.4732
-32.5879
-32.605
-32.5269
-32.3458
-32.053
-31.6402
-31.0992
-30.4207
-29.5943
-28.6082
-27.448
-26.096
-24.528
-22.7191
-20.769
3.8
5.72504
7.86806
10.1458
12.3224
14.4516
16.4529
18.1774
19.5862
20.7264
21.6215
22.301
22.8191
23.2153
23.5177
23.7522
23.937
24.0842
24.2035
24.3015
24.3819
24.4463
24.4939
24.5199
24.517
24.4819
24.4143
24.314
24.1799
24.0109
23.8057
23.5626
23.2794
22.9527
22.5776
22.1469
21.6495
21.0693
20.4295
1.65016
-0.333283
-2.56616
-4.87595
-7.06656
-9.30212
-11.469
-13.5008
-15.4303
-17.2241
-18.8811
-20.4197
-21.838
-23.1461
-24.3514
-25.456
-26.461
-27.3651
-28.1639
-28.8525
-29.424
-29.8723
-30.1957
-30.4
-30.4985
-30.509
-30.4342
-30.2675
-30.0018
-29.6302
-29.1459
-28.5413
-27.8073
-26.9337
-25.9073
-24.7112
-23.3218
-21.7134
-19.9739
3.54728
5.37747
7.41725
9.58819
11.6649
13.6995
15.6149
17.2688
18.6223
19.7204
20.585
21.2432
21.7467
22.133
22.429
22.6595
22.8421
22.9886
23.1084
23.2081
23.2916
23.3607
23.4154
23.4512
23.461
23.4413
23.3914
23.3112
23.1996
23.0556
22.8779
22.6646
22.4134
22.1212
21.7829
21.3913
20.9357
20.4002
19.8073
1.51561
-0.365442
-2.48086
-4.66566
-6.7346
-8.84279
-10.8826
-12.7918
-14.6016
-16.2809
-17.829
-19.2635
-20.5832
-21.7975
-22.914
-23.9346
-24.8609
-25.6916
-26.4233
-27.0516
-27.5708
-27.9757
-28.2654
-28.446
-28.5305
-28.5356
-28.4643
-28.3111
-28.0701
-27.7356
-27.3022
-26.7634
-26.1116
-25.3378
-24.4301
-23.3726
-22.1424
-20.7138
-19.1645
3.31701
5.05625
6.99692
9.0651
11.0455
12.9888
14.8209
16.4059
17.7053
18.7621
19.5963
20.2333
20.7217
21.0977
21.3866
21.6126
21.7923
21.9372
22.0567
22.1571
22.2426
22.3151
22.3751
22.4187
22.439
22.4319
22.3969
22.3337
22.2415
22.1191
21.9652
21.7782
21.5557
21.2945
20.9899
20.6348
20.2187
19.7261
19.1788
1.39759
-0.385527
-2.38874
-4.45433
-6.40733
-8.39437
-10.3135
-12.1065
-13.803
-15.374
-16.8196
-18.1564
-19.3836
-20.5105
-21.5442
-22.4869
-23.3402
-24.1034
-24.7736
-25.3468
-25.8185
-26.1842
-26.4438
-26.6035
-26.6759
-26.6768
-26.6093
-26.4687
-26.2502
-25.9492
-25.5613
-25.0813
-24.5026
-23.8174
-23.0149
-22.0803
-20.992
-19.7244
-18.3464
3.10735
4.75936
6.60492
8.57428
10.4618
12.3168
14.068
15.586
16.8324
17.8485
18.6528
19.2684
19.7416
20.1068
20.3883
20.6091
20.7854
20.9281
21.0465
21.1468
21.2333
21.3081
21.372
21.4217
21.4504
21.4537
21.4312
21.3824
21.3066
21.2029
21.0698
20.9059
20.7089
20.4758
20.2019
19.8805
19.5014
19.0497
18.5461
1.29454
-0.394946
-2.29094
-4.24284
-6.08539
-7.95715
-9.76154
-11.4443
-13.0335
-14.5024
-15.8513
-17.0963
-18.2369
-19.282
-20.2386
-21.1089
-21.8947
-22.5956
-23.2093
-23.7324
-24.1609
-24.4913
-24.724
-24.8654
-24.9275
-24.9252
-24.8614
-24.7326
-24.5347
-24.2641
-23.9171
-23.4895
-22.9757
-22.3691
-21.6599
-20.8344
-19.8722
-18.7485
-17.5246
2.91658
4.48501
6.23927
8.11354
9.9115
11.6811
13.3538
14.8066
16.0008
16.977
17.7519
18.3463
18.8041
19.1582
19.4318
19.647
19.8192
19.9593
20.0759
20.1755
20.2621
20.3383
20.405
20.4593
20.4947
20.5066
20.4943
20.4577
20.396
20.3083
20.1934
20.0499
19.8755
19.6676
19.4216
19.1312
18.7867
18.3736
17.9116
1.20501
-0.394995
-2.18861
-4.03205
-5.76937
-7.53143
-9.22682
-10.805
-12.2926
-13.6649
-14.9226
-16.0812
-17.1404
-18.1091
-18.9938
-19.7968
-20.5201
-21.1636
-21.7253
-22.2026
-22.592
-22.8906
-23.0994
-23.2247
-23.278
-23.2733
-23.2136
-23.0958
-22.9167
-22.6735
-22.3632
-21.9825
-21.5266
-20.9897
-20.3631
-19.6344
-18.7842
-17.7891
-16.7034
2.74309
4.23141
5.89811
7.68089
9.39249
11.0795
12.6759
14.0652
15.2079
16.1451
16.8912
17.4644
17.9066
18.2494
18.5149
18.7241
18.892
19.0289
19.1434
19.2416
19.3278
19.4045
19.473
19.5308
19.5713
19.5902
19.5864
19.56
19.5103
19.4365
19.3374
19.2117
19.0576
18.8722
18.6515
18.3895
18.077
17.7
17.2772
1.12767
-0.386836
-2.08269
-3.8227
-5.4598
-7.11749
-8.70923
-10.1882
-11.5794
-12.8603
-14.0318
-15.1088
-16.0918
-16.989
-17.8066
-18.5469
-19.2123
-19.8028
-20.3169
-20.7522
-21.106
-21.3761
-21.5636
-21.6748
-21.7207
-21.7143
-21.6587
-21.5514
-21.3896
-21.1712
-20.894
-20.5551
-20.1507
-19.6757
-19.1224
-18.4795
-17.7289
-16.8484
-15.8866
2.58542
3.99695
5.57968
7.27437
8.90268
10.5099
12.0321
13.3595
14.4514
15.3504
16.0685
16.6207
17.0472
17.3785
17.6356
17.8386
18.0018
18.1352
18.2472
18.3437
18.4289
18.5055
18.575
18.6352
18.6798
18.7041
18.7074
18.6896
18.6501
18.5882
18.5029
18.393
18.2567
18.0916
17.8938
17.6577
17.3747
17.0314
16.6454
1.06131
-0.371487
-1.97409
-3.6154
-5.15699
-6.71531
-8.20847
-9.59325
-10.8929
-12.0873
-13.1774
-14.1775
-15.0888
-15.919
-16.6738
-17.3557
-17.9673
-18.5088
-18.979
-19.376
-19.6976
-19.9419
-20.1104
-20.2094
-20.2491
-20.2418
-20.1903
-20.0927
-19.9469
-19.7511
-19.5037
-19.2023
-18.8438
-18.4239
-17.9356
-17.3688
-16.7067
-15.9285
-15.0775
2.44223
3.78015
5.2823
6.89213
8.44005
9.96992
11.4199
12.6871
13.7288
14.5911
15.2819
15.8131
16.2238
16.5435
16.792
16.9886
17.1469
17.2766
17.3858
17.4802
17.5641
17.6401
17.7099
17.7717
17.8193
17.8481
17.8572
17.8465
17.8158
17.7641
17.6909
17.5948
17.4744
17.3274
17.1503
16.9379
16.6819
16.3697
16.018
1.00465
-0.350088
-1.86374
-3.41093
-4.86155
-6.3251
-7.7244
-9.01964
-10.2322
-11.3447
-12.3575
-13.285
-14.1292
-14.8967
-15.5925
-16.2198
-16.7812
-17.2774
-17.7071
-18.069
-18.3612
-18.5824
-18.7341
-18.8224
-18.8571
-18.8494
-18.8022
-18.7138
-18.5828
-18.4076
-18.187
-17.9194
-17.6019
-17.231
-16.8005
-16.3012
-15.7177
-15.0305
-14.2787
2.31214
3.57967
5.00474
6.53278
8.00314
9.45799
10.8372
12.0456
13.0373
13.8649
14.5297
15.0397
15.4344
15.7425
15.9825
16.1726
16.3258
16.4516
16.5577
16.6499
16.732
16.807
16.8767
16.9394
16.9893
17.0215
17.0354
17.0308
17.0075
16.9648
16.902
16.8182
16.7119
16.5811
16.4227
16.2317
16.0006
15.7171
15.3973
0.956435
-0.324101
-1.75307
-3.21071
-4.57452
-5.94796
-7.25765
-8.46746
-9.59665
-10.6318
-11.5702
-12.4286
-13.2103
-13.9192
-14.5596
-15.1355
-15.6504
-16.1045
-16.4969
-16.8266
-17.0921
-17.2924
-17.4291
-17.5082
-17.5387
-17.5311
-17.4882
-17.4086
-17.2912
-17.1349
-16.9387
-16.7014
-16.4207
-16.0935
-15.7144
-15.2751
-14.7615
-14.1556
-13.4923
2.19387
3.3943
4.74582
6.19547
7.59142
8.97375
10.2839
11.4341
12.3731
13.1684
13.809
14.2981
14.6767
14.9735
15.2051
15.3887
15.5369
15.6587
15.7617
15.8513
15.9315
16.0052
16.0743
16.1375
16.189
16.224
16.2418
16.2423
16.2254
16.1904
16.1369
16.0639
15.9702
15.854
15.7124
15.5409
15.3323
15.0753
14.7849
0.915752
-0.294234
-1.64273
-3.01528
-4.29662
-5.58448
-6.80874
-7.93724
-8.98673
-9.94895
-10.8142
-11.6057
-12.3291
-12.9832
-13.5711
-14.0987
-14.5702
-14.9854
-15.3435
-15.6437
-15.8849
-16.0665
-16.1902
-16.2614
-16.2886
-16.2816
-16.2431
-16.1719
-16.0672
-15.9282
-15.7543
-15.5443
-15.2966
-15.0085
-14.6752
-14.2893
-13.838
-13.3046
-12.7205
2.08639
3.22277
4.50425
5.87859
7.20328
8.51567
9.75956
10.8527
11.7348
12.4994
13.1175
13.5858
13.9485
14.2342
14.4577
14.6349
14.7781
14.896
14.9958
15.0829
15.1611
15.2334
15.3017
15.365
15.4176
15.4549
15.476
15.4809
15.4695
15.4415
15.3961
15.3327
15.2503
15.1472
15.0208
14.8669
14.679
14.4462
14.183
0.882708
-0.259671
-1.53108
-2.82244
-4.02529
-5.23168
-6.37516
-7.42684
-8.40101
-9.29366
-10.0887
-10.8186
-11.4881
-12.0893
-12.6262
-13.1078
-13.5384
-13.917
-14.2428
-14.5156
-14.7347
-14.8995
-15.0116
-15.076
-15.1008
-15.0948
-15.0607
-14.9977
-14.9048
-14.7819
-14.6283
-14.4432
-14.2253
-13.9723
-13.68
-13.3418
-12.946
-12.4774
-11.9641
1.9892
3.06402
4.27723
5.57815
6.83338
8.07697
9.25712
10.2955
11.1263
11.8642
12.4587
12.904
13.2503
13.5248
13.74
13.9105
14.0485
14.1623
14.2589
14.3434
14.4195
14.4903
14.5578
14.6209
14.6743
14.7134
14.7373
14.7461
14.7396
14.7177
14.6796
14.6248
14.5526
14.4612
14.3486
14.2108
14.0417
13.8311
13.5928
0.856877
-0.220619
-1.41753
-2.63099
-3.75827
-4.88628
-5.9521
-6.9311
-7.8339
-8.65987
-9.38721
-10.0679
-10.6914
-11.2392
-11.7244
-12.162
-12.5541
-12.8979
-13.1929
-13.4399
-13.6383
-13.7877
-13.8894
-13.9482
-13.9712
-13.9668
-13.9373
-13.8821
-13.8006
-13.6927
-13.5578
-13.3952
-13.2043
-12.9828
-12.7272
-12.4316
-12.0854
-11.6749
-11.2252
1.90177
2.91704
4.06346
5.29159
6.47767
7.65126
8.76776
9.74899
10.5399
11.2662
11.8356
12.2527
12.5817
12.8458
13.0526
13.2162
13.3488
13.4585
13.5518
13.6337
13.7077
13.7767
13.8431
13.9059
13.9598
14.0004
14.0267
14.0388
14.0367
14.0202
13.9887
13.9417
13.8786
13.7979
13.6977
13.5744
13.4225
13.2321
13.0167
0.837755
-0.188963
-1.32809
-2.47574
-3.53564
-4.58818
-5.5691
-6.46037
-7.26371
-7.99989
-8.60194
-9.26902
-9.89981
-10.4263
-10.8876
-11.3105
-11.6917
-12.0247
-12.3097
-12.5487
-12.7412
-12.8864
-12.9857
-13.0434
-13.0672
-13.0653
-13.0403
-12.9912
-12.9183
-12.8219
-12.6986
-12.5513
-12.3791
-12.1796
-11.9494
-11.6834
-11.372
-11.0025
-10.5981
1.83498
2.8023
3.89631
5.05914
6.17786
7.27174
8.29659
9.1672
9.86576
10.6629
11.2485
11.6562
11.9845
12.2529
12.4621
12.6267
12.7601
12.8707
12.9648
13.0474
13.1223
13.1923
13.26
13.3246
13.3807
13.4238
13.4528
13.468
13.4694
13.4569
13.43
13.3884
13.3313
13.2578
13.1659
13.0523
12.9118
12.7351
12.5351
0.823248
-0.161664
-1.25155
-2.3416
-3.33877
-4.31612
-5.20878
-6.00187
-6.68808
-7.31515
-7.75241
-8.44009
-9.11396
-9.64135
-10.0977
-10.5251
-10.9135
-11.2518
-11.5411
-11.784
-11.9803
-12.129
-12.2317
-12.2926
-12.3198
-12.3216
-12.3013
-12.2573
-12.1912
-12.1039
-11.9871
-11.8498
-11.6905
-11.5061
-11.2934
-11.0479
-10.7609
-10.4203
-10.0477
1.78093
2.7082
3.75516
4.85672
5.90693
6.91188
7.82705
8.56589
9.14857
10.0561
10.6883
11.1015
11.4397
11.7215
11.9407
12.1118
12.2502
12.3651
12.4628
12.5486
12.6264
12.6995
12.7703
12.8382
12.8979
12.9442
12.9763
12.9946
12.9991
12.9897
12.9661
12.9281
12.8752
12.8064
12.72
12.6128
12.4799
12.312
12.1223
0.810448
-0.132244
-1.17242
-2.2045
-3.13905
-4.04152
-4.84805
-5.54543
-6.1213
-6.64236
-6.92638
-7.62145
-8.32925
-8.85521
-9.30279
-9.73017
-10.1228
-10.4646
-10.7565
-11.0023
-11.2018
-11.3538
-11.46
-11.5241
-11.5548
-11.5606
-11.5453
-11.507
-11.4484
-11.3709
-11.2615
-11.1349
-10.9895
-10.8208
-10.6258
-10.401
-10.1385
-9.82684
-9.48827
1.72796
2.61498
3.61424
4.65431
5.63705
6.5529
7.3625
7.97768
8.44655
9.44171
10.1221
10.5415
10.8858
11.1789
11.4077
11.585
11.7281
11.8469
11.9481
12.0369
12.1175
12.1934
12.2673
12.3387
12.4018
12.4515
12.4869
12.5083
12.516
12.5099
12.4898
12.4557
12.407
12.343
12.2621
12.1615
12.0362
11.8773
11.6979
0.799134
-0.101331
-1.09167
-2.06609
-2.9386
-3.76707
-4.4902
-5.0942
-5.56726
-5.98123
-6.12947
-6.81677
-7.54497
-8.06795
-8.50485
-8.92781
-9.3212
-9.66443
-9.95758
-10.2051
-10.4072
-10.5622
-10.6716
-10.739
-10.7731
-10.7828
-10.7725
-10.7393
-10.6877
-10.6193
-10.5166
-10.3998
-10.2673
-10.1134
-9.9355
-9.73083
-9.4921
-9.20768
-8.89646
1.67624
2.52324
3.47458
4.45362
5.3703
6.19696
6.90629
7.40236
7.76421
8.82041
9.54825
9.97718
10.3252
10.6269
10.8643
11.0478
11.1954
11.318
11.4224
11.5141
11.5974
11.676
11.7529
11.8276
11.8943
11.9474
11.986
12.0107
12.0217
12.0191
12.0028
11.9727
11.9286
11.8698
11.7947
11.7007
11.5833
11.4335
11.2644
0.789394
-0.0692389
-1.0101
-1.92768
-2.73933
-3.49534
-4.13816
-4.65133
-5.02905
-5.3335
-5.36502
-6.02971
-6.76248
-7.27915
-7.70394
-8.11873
-8.5092
-8.85173
-9.14471
-9.39289
-9.5967
-9.75456
-9.8673
-9.93882
-9.97798
-9.99347
-9.9903
-9.96505
-9.92337
-9.86702
-9.77438
-9.67024
-9.55291
-9.41575
-9.25611
-9.07192
-8.85716
-8.60249
-8.33228
1.62628
2.43374
3.33735
4.25637
5.10873
5.84604
6.46072
6.83787
7.10054
8.19315
8.96438
9.40692
9.7589
10.0677
10.3122
10.5009
10.6523
10.7784
10.8862
10.9811
11.0673
11.1488
11.2287
11.3069
11.3774
11.4342
11.4764
11.5047
11.5193
11.5203
11.5078
11.4818
11.4423
11.3886
11.3194
11.2323
11.1229
10.9826
10.8242
0.781155
-0.0365727
-0.929077
-1.79116
-2.54376
-3.22945
-3.79562
-4.221
-4.51052
-4.70214
-4.63496
-5.26257
-5.98297
-6.48852
-6.89981
-7.30317
-7.68702
-8.02644
-8.31799
-8.56608
-8.77123
-8.93144
-9.04675
-9.12067
-9.16174
-9.17934
-9.17905
-9.15705
-9.12008
-9.07003
-8.98237
-8.88622
-8.77993
-8.65622
-8.5128
-8.34796
-8.15506
-7.92155
-7.658
1.5787
2.34771
3.20413
4.06496
4.85438
5.50217
6.02762
6.2822
6.45139
7.56059
8.36916
8.82747
9.18468
9.50135
9.75449
9.94866
10.1028
10.2308
10.3407
10.4379
10.5267
10.6111
10.6943
10.7762
10.8507
10.9117
10.9583
10.991
11.0104
11.0163
11.0089
10.9882
10.9541
10.9061
10.8432
10.7629
10.6612
10.5296
10.3794
0.774289
-0.0046439
-0.85101
-1.65993
-2.35555
-2.97346
-3.4663
-3.80677
-4.01392
-4.08918
-3.94021
-4.51673
-5.20788
-5.69622
-6.0918
-6.48054
-6.8542
-7.18773
-7.47606
-7.72324
-7.93009
-8.09477
-8.21759
-8.30213
-8.35599
-8.38728
-8.40192
-8.39588
-8.37689
-8.34663
-8.2767
-8.19933
-8.11291
-8.00913
-7.88567
-7.74207
-7.57576
-7.38336
-7.19897
1.53462
2.26719
3.07784
3.88287
4.60915
5.16533
5.60473
5.72877
5.807
6.92191
7.76471
8.23872
8.5983
8.92037
9.18384
9.38848
9.55027
9.68257
9.79462
9.89308
9.98317
10.0692
10.1549
10.24
10.318
10.3826
10.4326
10.4689
10.4919
10.5021
10.4996
10.4847
10.4573
10.4172
10.363
10.2926
10.2023
10.0847
9.9545
0.768428
0.0248849
-0.779056
-1.53837
-2.17971
-2.73248
-3.15372
-3.41021
-3.53884
-3.49559
-3.28009
-3.79255
-4.43845
-4.90213
-5.27846
-5.64921
-6.00938
-6.33466
-6.61798
-6.86167
-7.06559
-7.22665
-7.34351
-7.41813
-7.46013
-7.48111
-7.48713
-7.47357
-7.44841
-7.4127
-7.33889
-7.26221
-7.18108
-7.08718
-6.97815
-6.85248
-6.70127
-6.50493
-6.25069
1.49481
2.19375
2.96127
3.71388
4.37504
4.83654
5.19096
5.17025
5.15111
6.26777
7.15175
7.65136
8.01498
8.33289
8.59322
8.79995
8.9695
9.11257
9.23514
9.34199
9.43826
9.52907
9.61911
9.70933
9.79384
9.86564
9.92275
9.96557
9.9943
10.009
10.01
9.99754
9.97202
9.93357
9.88174
9.81465
9.72798
9.61005
9.46483
0.763245
0.0520411
-0.713327
-1.42773
-2.0192
-2.51171
-2.86391
-3.03863
-3.09305
-2.92909
-2.65418
-3.08939
-3.67593
-4.10643
-4.45842
-4.80612
-5.14774
-5.46249
-5.74396
-5.99382
-6.21184
-6.3962
-6.54717
-6.6671
-6.7574
-6.8221
-6.86956
-6.89681
-6.91541
-6.92555
-6.89103
-6.84941
-6.80036
-6.73461
-6.65072
-6.55128
-6.4427
-6.33768
-6.30116
1.4583
2.12603
2.85379
3.55917
4.15561
4.52872
4.80371
4.60953
4.46921
5.57607
6.50323
7.04994
7.45089
7.79018
8.04996
8.23862
8.38457
8.50965
8.62377
8.73014
8.83069
8.92791
9.0249
9.12165
9.21225
9.29134
9.35844
9.41439
9.45933
9.49321
9.51583
9.5268
9.52553
9.51104
9.48215
9.43752
9.37754
9.30512
9.253
0.759142
0.078022
-0.651932
-1.32618
-1.87416
-2.31557
-2.60737
-2.71297
-2.70205
-2.40651
-2.06315
-2.40954
-2.92217
-3.30849
-3.632
-3.95331
-4.26691
-4.55315
-4.80599
-5.02585
-5.21022
-5.35215
-5.44531
-5.4898
-5.50553
-5.51317
-5.5145
-5.50075
-5.47688
-5.44282
-5.37706
-5.31616
-5.25766
-5.19327
-5.11979
-5.03253
-4.91188
-4.71647
-4.37848
1.42498
2.06385
2.7557
3.41974
3.95684
4.26396
4.4657
4.04634
3.76024
4.84436
5.77761
6.34037
6.78301
7.19391
7.53637
7.79092
7.96973
8.09483
8.18861
8.26792
8.34374
8.42313
8.51074
8.60477
8.69334
8.76572
8.81965
8.85636
8.8775
8.88448
8.87871
8.86206
8.83649
8.80354
8.76316
8.71124
8.63409
8.49713
8.25844
0.756685
0.0957288
-0.608283
-1.24969
-1.76007
-2.15544
-2.39003
-2.43632
-2.35562
-1.90764
-1.49713
-1.76131
-2.1839
-2.50439
-2.78885
-3.09141
-3.40564
-3.71327
-4.00728
-4.28766
-4.55529
-4.8123
-5.0594
-5.28973
-5.47594
-5.60938
-5.71633
-5.80365
-5.89436
-5.98497
-6.01199
-6.01459
-6.0106
-5.99381
-5.96066
-5.91897
-5.89757
-5.94798
-6.20512
1.40366
2.02313
2.68763
3.31351
3.78971
4.03452
4.11285
3.40098
3.01038
4.13937
5.08229
5.59868
5.95261
6.27288
6.57876
6.87456
7.1576
7.41399
7.63223
7.81017
7.95352
8.07164
8.17817
8.29251
8.42814
8.57355
8.7124
8.83949
8.95337
9.05313
9.13679
9.20159
9.24536
9.26701
9.26844
9.25733
9.25811
9.32503
9.56641
0.753527
0.0842341
-0.62072
-1.24706
-1.72443
-2.06178
-2.21018
-2.15753
-1.93944
-1.32186
-0.913382
-1.13817
-1.48302
-1.71909
-1.90385
-2.08366
-2.2611
-2.42822
-2.57993
-2.71103
-2.80951
-2.85611
-2.8369
-2.76039
-2.68953
-2.6576
-2.64181
-2.61051
-2.55566
-2.51612
-2.44888
-2.39069
-2.34879
-2.31059
-2.26924
-2.21631
-2.10689
-1.85998
-1.29465
1.40929
2.03319
2.68963
3.27984
3.6748
3.79334
3.5788
2.52217
2.12259
3.43612
4.60845
5.36466
5.83779
6.0848
6.1328
6.05784
5.94184
5.85089
5.81285
5.83013
5.89448
5.99719
6.12235
6.23013
6.27714
6.28121
6.27627
6.26745
6.25372
6.23477
6.21429
6.19722
6.18705
6.18485
6.18583
6.17207
6.09057
5.83371
5.22623
0.744898
0.0442287
-0.685863
-1.31772
-1.7721
-2.04688
-2.08887
-1.89401
-1.46695
-0.684921
-0.291038
-0.470419
-0.786201
-1.08345
-1.38373
-1.6977
-2.0281
-2.37652
-2.74781
-3.15077
-3.59756
-4.09443
-4.61829
-5.10991
-5.46391
-5.67992
-5.89262
-6.06151
-6.34347
-6.75405
-6.63552
-6.65656
-6.78216
-6.87472
-6.91914
-6.9619
-7.07746
-7.37159
-8.04671
1.42996
2.0759
2.74193
3.30741
3.62034
3.56933
2.96179
1.59847
0.968598
2.14463
3.44888
4.73864
5.99304
7.18245
8.19226
8.96489
9.51872
9.87171
10.0715
10.1709
10.2162
10.245
10.3118
10.5042
10.8556
11.2381
11.5523
11.8105
12.0345
12.2281
12.3847
12.5008
12.5783
12.6243
12.6545
12.7014
12.8472
13.2161
14.0117
107.464
106.683
105.677
104.374
102.554
100.022
96.5603
92.004
86.4209
80.2038
73.8697
67.7547
61.9452
56.4095
51.11
46.0343
41.1842
36.562
32.1656
27.9889
24.0225
20.2583
16.6872
13.3014
10.0936
7.05688
4.18455
1.47009
-1.09086
-3.50171
-5.76425
-7.87898
-9.84636
-11.6656
-13.336
-14.857
-16.228
-17.4495
-18.522
-19.4473
-20.2275
-20.8662
-21.3676
-21.7366
-21.9793
-22.1026
-22.1137
-22.0205
-21.8314
-21.5551
-21.2002
-20.7754
-20.2895
-19.7507
-19.167
-18.546
-17.8948
-17.22
-16.5274
-15.8225
-15.1101
-14.3943
-13.6787
-12.9665
-12.2607
-11.5627
-10.8762
-10.2887
-9.76468
-9.23568
-8.66271
-8.13856
-7.45769
-7.08013
-6.04928
-6.29998
-4.11601
-6.39445
-0.934984
-8.52098
107.088
103.931
100.368
96.6231
92.7896
88.9526
85.1757
81.5074
77.931
74.474
71.1371
67.9305
64.8608
61.9336
59.1529
56.5212
54.0395
51.7076
49.5235
47.4839
45.5846
43.8202
42.1846
40.6711
39.2724
37.9815
36.7908
35.693
34.681
33.7477
32.8865
32.0908
31.3541
30.6705
30.0338
29.4382
28.878
28.3475
27.8412
27.354
26.8808
26.4169
25.9579
25.4999
25.0391
24.5726
24.0979
23.6128
23.116
22.6065
22.0837
21.5478
20.9992
20.4387
19.8676
19.2872
18.6992
18.1056
17.5082
16.909
16.3101
15.7134
15.1209
14.5344
13.9561
13.3872
12.8311
12.3632
11.9596
11.545
11.121
10.6909
10.2526
9.84673
9.33632
9.21297
8.04965
9.73819
4.81291
14.3473
47.0528
46.5462
46.0724
45.636
45.2121
44.8404
44.5455
44.2916
43.9744
43.4638
42.6893
41.6539
40.3616
38.8128
37.0278
35.0389
32.8799
30.5817
28.1731
25.6815
23.1327
20.5511
17.9588
15.3751
12.8176
10.3015
7.84176
5.45142
3.14218
0.922929
-1.199
-3.21732
-5.12745
-6.92492
-8.60585
-10.1673
-11.6063
-12.9211
-14.1098
-15.1715
-16.106
-16.9141
-17.5973
-18.1576
-18.5984
-18.924
-19.1391
-19.2493
-19.2608
-19.1804
-19.0154
-18.773
-18.4609
-18.0866
-17.6576
-17.1812
-16.6643
-16.1136
-15.5351
-14.9347
-14.3176
-13.6883
-13.0513
-12.41
-11.7681
-11.1277
-10.4926
-9.94555
-9.45507
-8.96056
-8.41727
-7.9264
-7.26966
-6.9239
-5.91694
-6.18193
-4.05984
-6.26537
-1.03108
-8.33553
47.3649
47.5674
47.9568
48.3046
48.5811
48.7588
48.8273
48.7804
48.6152
48.3409
47.9578
47.4734
46.8942
46.2281
45.4845
44.6734
43.8051
42.8907
41.9416
40.9692
39.9844
38.9972
38.0173
37.0531
36.1119
35.1997
34.3211
33.4796
32.6774
31.9155
31.194
30.5121
29.8681
29.2599
28.685
28.1403
27.6226
27.1284
26.6541
26.1959
25.7504
25.3138
24.8828
24.4538
24.024
23.5905
23.1508
22.703
22.2454
21.7767
21.2962
20.8035
20.2986
19.7819
19.2542
18.7166
18.1704
17.6172
17.0585
16.4962
15.9322
15.3683
14.8066
14.2488
13.6971
13.1528
12.6195
12.1698
11.7813
11.3815
10.9718
10.556
10.1306
9.73968
9.23937
9.1304
7.98852
9.62738
4.89996
14.0095
28.9881
28.6868
28.3579
28.0203
27.6366
27.1868
26.6686
26.0826
25.4317
24.7218
23.9674
23.2016
22.448
21.7016
20.9455
20.1594
19.3256
18.4306
17.4638
16.4174
15.287
14.072
12.7746
11.4003
9.95761
8.45661
6.90886
5.32633
3.72229
2.11027
0.503764
-1.08372
-2.63993
-4.15307
-5.6123
-7.00801
-8.33157
-9.57538
-10.7329
-11.7985
-12.7678
-13.6376
-14.4055
-15.0701
-15.6313
-16.09
-16.448
-16.7079
-16.8734
-16.949
-16.9395
-16.8507
-16.6883
-16.4588
-16.1686
-15.824
-15.4315
-14.9974
-14.5277
-14.0279
-13.5036
-12.9596
-12.4004
-11.8302
-11.2528
-10.6709
-10.0883
-9.58325
-9.12769
-8.6681
-8.15711
-7.69787
-7.0734
-6.74787
-5.79017
-6.03072
-4.03492
-6.07762
-1.17872
-8.04534
29.1493
29.2463
29.3424
29.4293
29.5362
29.6637
29.8142
29.9829
30.1671
30.3613
30.5584
30.7526
30.9368
31.1045
31.2494
31.3653
31.447
31.4898
31.4902
31.4458
31.3552
31.2184
31.0365
30.8118
30.5478
30.2483
29.918
29.5622
29.1859
28.7942
28.3919
27.9834
27.5723
27.1618
26.754
26.3508
25.9529
25.5607
25.174
24.7919
24.4133
24.0368
23.6607
23.2831
22.9023
22.5163
22.1234
21.7221
21.3109
20.8888
20.455
20.0091
19.5508
19.0805
18.5985
18.1058
17.6032
17.0921
16.574
16.0505
15.5232
14.9941
14.465
13.9378
13.4146
12.8968
12.3879
11.9579
11.586
11.2026
10.8087
10.4087
9.99809
9.62164
9.13805
9.02882
7.94478
9.46557
5.03836
13.6208
27.6573
27.4673
27.2605
27.0452
26.8068
26.5263
26.1854
25.7656
25.2456
24.606
23.8392
22.9644
22.0249
21.0515
20.0544
19.0362
17.9995
16.9479
15.8836
14.807
13.7173
12.6123
11.4897
10.3473
9.18318
7.99596
6.7855
5.5523
4.29881
3.02851
1.74644
0.459113
-0.826226
-2.1014
-3.3575
-4.58564
-5.77676
-6.92218
-8.01359
-9.04331
-10.0046
-10.8915
-11.6991
-12.4233
-13.0614
-13.6114
-14.0725
-14.445
-14.7301
-14.9299
-15.0476
-15.0865
-15.0512
-14.9465
-14.7775
-14.5497
-14.2688
-13.9404
-13.5701
-13.1634
-12.7255
-12.2614
-11.7759
-11.273
-10.7571
-10.2313
-9.69932
-9.23461
-8.8118
-8.38467
-7.90401
-7.47473
-6.88
-6.57649
-5.65849
-5.89261
-3.98307
-5.9355
-1.24006
-7.85698
27.7889
27.8841
27.954
28.0019
28.0332
28.0475
28.0468
28.0314
28.0039
27.965
27.9169
27.8614
27.8001
27.7345
27.6659
27.5949
27.5222
27.4475
27.3703
27.2898
27.2043
27.1124
27.0121
26.9014
26.7787
26.6422
26.4907
26.3234
26.1398
25.9401
25.725
25.4954
25.2526
24.9982
24.7337
24.4607
24.1806
23.8944
23.603
23.3069
23.0063
22.701
22.3904
22.0739
21.7507
21.4196
21.0797
20.7299
20.3691
19.9967
19.6119
19.2142
18.8036
18.38
17.9439
17.4958
17.0367
16.5675
16.0897
15.6045
15.1138
14.6192
14.1225
13.6256
13.1307
12.639
12.1544
11.7436
11.3875
11.0198
10.6411
10.2563
9.86019
9.49768
9.02898
8.92411
7.87953
9.33706
5.0794
13.3717
23.4938
23.2885
23.0787
22.8778
22.678
22.4724
22.2526
22.01
21.7367
21.4206
21.0465
20.6004
20.0812
19.4995
18.8616
18.1687
17.4215
16.6214
15.771
14.874
13.934
12.9552
11.9417
10.8978
9.82748
8.73477
7.62335
6.49664
5.35817
4.21125
3.05921
1.906
0.755524
-0.387698
-1.51858
-2.63162
-3.72087
-4.78006
-5.80265
-6.78214
-7.71223
-8.58694
-9.40073
-10.1486
-10.8264
-11.4307
-11.9589
-12.4097
-12.7821
-13.0765
-13.2941
-13.4366
-13.5068
-13.5081
-13.4442
-13.3195
-13.1387
-12.9065
-12.628
-12.3083
-11.9521
-11.5643
-11.1497
-10.7123
-10.2566
-9.78605
-9.30429
-8.87956
-8.48935
-8.09454
-7.64428
-7.24529
-6.67954
-6.40092
-5.5167
-5.75745
-3.9099
-5.81389
-1.25496
-7.7175
23.6419
23.7561
23.8714
23.9828
24.0913
24.196
24.2958
24.3888
24.4741
24.5498
24.6147
24.6676
24.7076
24.734
24.7462
24.7442
24.7281
24.6981
24.6551
24.5999
24.5333
24.4564
24.3704
24.2759
24.1739
24.065
23.9493
23.8271
23.6983
23.5628
23.4201
23.2699
23.1118
22.9457
22.7712
22.5883
22.3969
22.197
21.9888
21.7721
21.5469
21.3131
21.0703
20.8183
20.5565
20.2843
20.0009
19.7059
19.3984
19.0779
18.7439
18.396
18.0341
17.6582
17.2686
16.8659
16.4506
16.0239
15.5868
15.1406
14.687
14.2275
13.7639
13.2981
12.832
12.3673
11.9076
11.5165
11.1766
10.8248
10.462
10.0926
9.71138
9.36298
8.90921
8.81134
7.79711
9.2173
5.06879
13.1676
18.8398
18.661
18.4749
18.2955
18.1153
17.9315
17.7413
17.5385
17.3172
17.0724
16.7978
16.4856
16.1303
15.7341
15.3037
14.8423
14.3501
13.8262
13.268
12.6731
12.04
11.3678
10.6559
9.90443
9.1145
8.28778
7.4268
6.53454
5.61474
4.6714
3.70888
2.73197
1.74545
0.754317
-0.236188
-1.22082
-2.19413
-3.1506
-4.0845
-4.99017
-5.86188
-6.6941
-7.48138
-8.21859
-8.9011
-9.52472
-10.0859
-10.5818
-11.0104
-11.3703
-11.6611
-11.8831
-12.0374
-12.1259
-12.1509
-12.1155
-12.0232
-11.8779
-11.6836
-11.4449
-11.1659
-10.8513
-10.5053
-10.1322
-9.73607
-9.3207
-8.8895
-8.50535
-8.14864
-7.78717
-7.36872
-7.00104
-6.46594
-6.21297
-5.36465
-5.61174
-3.82954
-5.68104
-1.26744
-7.56115
18.9632
19.0568
19.1558
19.2548
19.3573
19.4631
19.5719
19.6836
19.7978
19.9139
20.0315
20.1495
20.2673
20.3837
20.4975
20.6075
20.7124
20.8108
20.9014
20.983
21.0545
21.1148
21.1634
21.1996
21.2232
21.234
21.2321
21.2179
21.1916
21.1537
21.1046
21.0446
20.9741
20.8933
20.8024
20.7014
20.5902
20.4688
20.3371
20.1948
20.0417
19.8775
19.7019
19.5146
19.3151
19.1031
18.8779
18.6392
18.3865
18.1193
17.8373
17.5403
17.2281
16.9008
16.5586
16.2019
15.8314
15.4479
15.0525
14.6464
14.2309
13.8078
13.3785
12.945
12.5093
12.0728
11.6395
11.2692
10.9466
10.6121
10.2661
9.9133
9.54809
9.21447
8.77753
8.68534
7.70605
9.07983
5.05479
12.9355
15.7066
15.5594
15.403
15.2495
15.0934
14.9334
14.7699
14.6001
14.4187
14.2203
14
13.7519
13.4694
13.1487
12.7931
12.4092
12.0008
11.5702
11.1183
10.6441
10.1465
9.62458
9.07752
8.50441
7.90447
7.27716
6.62219
5.93972
5.23039
4.49534
3.73629
2.95567
2.15634
1.34178
0.516005
-0.316599
-1.15125
-1.98292
-2.8063
-3.61598
-4.40649
-5.17239
-5.9083
-6.60894
-7.26941
-7.88511
-8.45178
-8.9658
-9.42401
-9.82403
-10.1641
-10.4433
-10.6612
-10.8183
-10.9156
-10.955
-10.9388
-10.8696
-10.7508
-10.5857
-10.3782
-10.1322
-9.8515
-9.54008
-9.20191
-8.84074
-8.45968
-8.11617
-7.79331
-7.46554
-7.07971
-6.74376
-6.24082
-6.01326
-5.20386
-5.4546
-3.74416
-5.53472
-1.27865
-7.38484
15.8127
15.8998
15.9919
16.0846
16.1807
16.2791
16.3801
16.4835
16.5893
16.6973
16.8075
16.9198
17.034
17.1498
17.2671
17.3856
17.5048
17.6241
17.7431
17.8609
17.9767
18.0896
18.1986
18.3025
18.4004
18.4909
18.5732
18.6462
18.709
18.761
18.8014
18.83
18.8464
18.8503
18.8418
18.8206
18.7868
18.7403
18.6812
18.6092
18.5242
18.4262
18.3147
18.1896
18.0506
17.8972
17.7291
17.546
17.3475
17.1333
16.9031
16.6567
16.394
16.1151
15.8202
15.5097
15.1841
14.8442
14.4909
14.1253
13.7487
13.3625
12.9685
12.5683
12.1639
11.7568
11.351
11.0026
10.6983
10.3819
10.0537
9.71837
9.37029
9.05194
8.63375
8.54532
7.60691
8.92322
5.03851
12.6816
13.5167
13.3924
13.2586
13.1251
12.9884
12.848
12.7054
12.5606
12.4111
12.253
12.0821
11.8943
11.6844
11.4463
11.1762
10.8754
10.5482
10.1976
9.82525
9.43259
9.0193
8.58451
8.12788
7.64933
7.14887
6.62648
6.08226
5.51641
4.92934
4.32154
3.69376
3.04709
2.38288
1.70286
1.00927
0.30471
-0.407694
-1.12445
-1.8416
-2.55485
-3.25967
-3.95133
-4.62496
-5.27561
-5.89851
-6.48897
-7.04253
-7.55512
-8.02303
-8.4431
-8.81272
-9.12982
-9.39308
-9.60171
-9.75569
-9.85559
-9.90257
-9.89836
-9.84516
-9.74556
-9.60258
-9.41938
-9.19941
-8.94614
-8.66317
-8.3542
-8.02191
-7.71829
-7.42887
-7.13439
-6.78127
-6.47682
-6.00676
-5.8042
-5.03515
-5.28885
-3.65119
-5.38152
-1.27891
-7.20416
13.6103
13.6917
13.7784
13.8668
13.9586
14.0532
14.1506
14.2506
14.3533
14.4584
14.5659
14.6754
14.7868
14.8999
15.0145
15.1303
15.2469
15.3643
15.482
15.5997
15.7172
15.8339
15.9495
16.0634
16.1752
16.2842
16.3896
16.4907
16.5868
16.6768
16.76
16.8353
16.902
16.9593
17.0063
17.0423
17.0668
17.0792
17.0789
17.0657
17.0391
16.9987
16.9441
16.8751
16.7911
16.692
16.5773
16.4466
16.2997
16.1361
15.9557
15.7583
15.5438
15.3122
15.0636
14.7984
14.5171
14.2202
13.9086
13.5833
13.2456
12.8966
12.5381
12.1716
11.7991
11.422
11.0444
10.7186
10.4331
10.1354
9.82569
9.50845
9.17828
8.87553
8.47743
8.39149
7.49721
8.75257
5.00906
12.4244
11.712
11.6065
11.4927
11.3775
11.2579
11.1337
11.0069
10.8785
10.7481
10.6143
10.474
10.3238
10.1606
9.9803
9.77788
9.5498
9.29637
9.02052
8.72435
8.40929
8.07659
7.72587
7.35594
6.96609
6.55604
6.12562
5.67477
5.20357
4.71234
4.20155
3.67186
3.12423
2.55973
1.97969
1.38576
0.779831
0.164072
-0.458975
-1.08648
-1.71524
-2.34182
-2.96246
-3.5732
-4.16984
-4.74814
-5.30381
-5.83262
-6.33051
-6.7936
-7.21841
-7.6018
-7.94107
-8.23412
-8.47932
-8.67568
-8.82282
-8.92088
-8.97063
-8.9733
-8.93065
-8.84482
-8.7183
-8.55391
-8.35462
-8.12355
-7.86423
-7.57882
-7.31386
-7.05714
-6.79527
-6.47462
-6.20123
-5.7644
-5.58648
-4.85837
-5.11531
-3.54928
-5.22327
-1.26612
-7.02375
11.7931
11.8654
11.9429
12.0225
12.1056
12.1916
12.281
12.3735
12.4692
12.568
12.6699
12.7747
12.8825
12.993
13.106
13.2213
13.3387
13.4579
13.5786
13.7004
13.8229
13.9457
14.0685
14.1907
14.3118
14.4315
14.5491
14.6641
14.776
14.8841
14.9879
15.0865
15.1794
15.2657
15.3446
15.4153
15.4771
15.5291
15.5705
15.6006
15.6186
15.624
15.6159
15.5939
15.5573
15.5057
15.4384
15.3551
15.2553
15.1387
15.0049
14.8536
14.6847
14.4982
14.2941
14.0727
13.8342
13.5793
13.3086
13.0231
12.7237
12.4118
12.0887
11.756
11.4156
11.069
10.7199
10.4172
10.1509
9.87241
9.58173
9.28307
8.97146
8.68454
8.30769
8.22347
7.37533
8.56919
4.96396
12.1663
10.2016
10.1119
10.0154
9.91757
9.81484
9.70606
9.59337
9.47837
9.36158
9.24292
9.1214
8.99471
8.86002
8.71467
8.55535
8.37789
8.17904
7.95854
7.71869
7.46136
7.18799
6.89993
6.59708
6.27829
5.94277
5.59008
5.21994
4.83207
4.42637
4.00282
3.56161
3.10321
2.62819
2.13742
1.63205
1.11344
0.583269
0.0434505
-0.503773
-1.05591
-1.6102
-2.16363
-2.71296
-3.25467
-3.78516
-4.30068
-4.7974
-5.27154
-5.71934
-6.13729
-6.52209
-6.87069
-7.18054
-7.4494
-7.67562
-7.85799
-7.99589
-8.08919
-8.13832
-8.14415
-8.10809
-8.03187
-7.91762
-7.76779
-7.58494
-7.37234
-7.13158
-6.90378
-6.67878
-6.44864
-6.16008
-5.91715
-5.51372
-5.36003
-4.67331
-4.93359
-3.43845
-5.0588
-1.24251
-6.84102
10.2718
10.3356
10.4039
10.4744
10.5481
10.6247
10.7046
10.7875
10.8737
10.9631
11.0558
11.1517
11.2508
11.3531
11.4586
11.5672
11.6787
11.793
11.9099
12.0292
12.1507
12.2739
12.3987
12.5246
12.6511
12.7777
12.904
13.0294
13.1533
13.275
13.394
13.5096
13.6211
13.7278
13.8289
13.9237
14.0115
14.0914
14.1626
14.2244
14.2758
14.3162
14.3447
14.3604
14.3628
14.351
14.3244
14.2823
14.2242
14.1496
14.058
13.949
13.8225
13.6781
13.516
13.336
13.1386
12.924
12.6929
12.446
12.1842
11.9087
11.6206
11.3217
11.0135
10.6973
10.3772
10.0979
9.8512
9.59225
9.32104
9.04142
8.74895
8.47819
8.12358
8.04054
7.24038
8.37196
4.90525
11.9019
8.96426
8.88771
8.80536
8.72169
8.63412
8.54078
8.44216
8.33978
8.23486
8.12805
8.01953
7.90863
7.79359
7.67206
7.54179
7.39992
7.24284
7.06743
6.873
6.66122
6.43384
6.19222
5.93779
5.67077
5.3902
5.09533
4.78577
4.46131
4.12177
3.76697
3.39685
3.01154
2.61124
2.19634
1.76746
1.32543
0.871281
0.406346
-0.0677821
-0.549243
-1.03593
-1.52547
-2.01522
-2.5023
-2.98367
-3.4561
-3.91621
-4.3606
-4.78579
-5.18839
-5.56516
-5.91297
-6.22898
-6.51066
-6.75586
-6.96285
-7.13034
-7.25754
-7.34411
-7.39023
-7.39652
-7.36405
-7.29427
-7.18906
-7.05037
-6.88116
-6.68238
-6.48992
-6.29541
-6.09586
-5.83867
-5.6254
-5.25525
-5.1252
-4.48016
-4.74359
-3.31899
-4.88729
-1.20953
-6.65378
9.0254
9.08192
9.14225
9.20469
9.27012
9.3383
9.40945
9.48356
9.56071
9.64096
9.72435
9.81093
9.90069
9.99367
10.0899
10.1892
10.2918
10.3973
10.506
10.6175
10.7317
10.8485
10.9678
11.0891
11.2123
11.3369
11.4627
11.5892
11.7158
11.8422
11.9676
12.0914
12.213
12.3317
12.4468
12.5574
12.6628
12.7621
12.8546
12.9394
13.0156
13.0824
13.1389
13.1843
13.2177
13.2383
13.2453
13.238
13.2156
13.1776
13.1232
13.0521
12.9638
12.858
12.7344
12.5932
12.4342
12.2579
12.0645
11.8547
11.6292
11.3891
11.1354
10.8696
10.5933
10.3076
10.0164
9.76063
9.53373
9.29461
9.04323
8.78299
8.51015
8.25582
7.9243
7.84215
7.09168
8.16006
4.83415
11.6283
7.93797
7.87226
7.80161
7.72956
7.65411
7.57407
7.48946
7.4002
7.30687
7.21071
7.11265
7.013
6.91138
6.80649
6.69643
6.57922
6.45244
6.31295
6.15774
5.98575
5.79812
5.59638
5.38181
5.15579
4.91875
4.66992
4.40851
4.13413
3.84665
3.5459
3.23177
2.90428
2.56345
2.2095
1.84278
1.46378
1.07315
0.671768
0.260709
-0.158706
-0.584954
-1.01626
-1.45058
-1.88565
-2.31899
-2.74792
-3.16956
-3.58092
-3.97892
-4.36042
-4.72236
-5.06169
-5.37553
-5.6612
-5.91629
-6.13871
-6.32672
-6.47899
-6.59462
-6.67315
-6.71457
-6.71929
-6.68815
-6.62245
-6.52354
-6.394
-6.23417
-6.07486
-5.90927
-5.73886
-5.51203
-5.3273
-4.99
-4.88276
-4.27939
-4.54569
-3.19123
-4.70882
-1.16756
-6.46195
7.99129
8.04122
8.09439
8.14958
8.20747
8.26792
8.3311
8.39704
8.46583
8.53753
8.61222
8.68994
8.77075
8.85468
8.94176
9.03201
9.12542
9.22196
9.32162
9.42435
9.53004
9.63861
9.74992
9.86381
9.9801
10.0985
10.2189
10.3408
10.4639
10.5879
10.7123
10.8366
10.9602
11.0826
11.203
11.3208
11.4353
11.5456
11.6509
11.7505
11.8434
11.9286
12.0054
12.0729
12.13
12.1759
12.2098
12.2308
12.2381
12.2309
12.2085
12.1702
12.1156
12.0441
11.9555
11.8495
11.726
11.5852
11.4272
11.2524
11.0616
10.8555
10.635
10.4015
10.1563
9.9007
9.63819
9.40589
9.19878
8.9796
8.74817
8.50754
8.25464
8.01698
7.70917
7.62779
6.92849
7.93309
4.75064
11.3441
7.06712
7.0105
6.94968
6.88755
6.8224
6.75316
6.68019
6.60358
6.52267
6.43746
6.34913
6.25879
6.16694
6.07342
5.97734
5.87712
5.77103
5.65704
5.53241
5.39431
5.2414
5.07436
4.89454
4.70312
4.50141
4.29005
4.06843
3.83571
3.5915
3.33564
3.06801
2.78854
2.49716
2.19393
1.87905
1.55278
1.21556
0.867968
0.510771
0.144895
-0.228528
-0.608195
-0.992551
-1.37983
-1.76806
-2.15509
-2.53852
-2.91583
-3.28434
-3.6413
-3.98388
-4.30925
-4.61465
-4.89739
-5.15497
-5.38512
-5.58582
-5.75537
-5.89244
-5.99607
-6.06572
-6.10126
-6.10295
-6.07154
-6.00782
-5.91397
-5.78972
-5.66109
-5.52258
-5.37957
-5.18176
-5.0242
-4.71899
-4.63354
-4.07156
-4.34027
-3.05545
-4.52351
-1.11756
-6.26569
7.11361
7.15756
7.2043
7.25293
7.30398
7.35738
7.41326
7.47167
7.53272
7.59646
7.663
7.73236
7.80464
7.87989
7.95816
8.03948
8.1239
8.21141
8.30205
8.39578
8.49259
8.59241
8.69517
8.80077
8.90909
9.01996
9.13318
9.24855
9.36579
9.4846
9.60463
9.72547
9.84671
9.96785
10.0884
10.2076
10.325
10.4399
10.5514
10.6589
10.7614
10.8582
10.9484
11.031
11.1051
11.1698
11.2241
11.2672
11.2981
11.316
11.3201
11.3096
11.2839
11.2424
11.1845
11.11
11.0185
10.9101
10.7847
10.6426
10.4843
10.3103
10.1215
9.91903
9.70408
9.47771
9.24333
9.03418
8.84668
8.64732
8.43585
8.21487
7.98205
7.7612
7.47753
7.397
6.75004
7.69067
4.65481
11.0478
6.32047
6.27155
6.21902
6.16529
6.10899
6.04909
5.98572
5.91916
5.84942
5.77587
5.69811
5.61687
5.53338
5.44837
5.36192
5.27344
5.18165
5.08499
4.98178
4.86969
4.74604
4.60926
4.45967
4.2984
4.12657
3.94543
3.7558
3.55722
3.34891
3.1304
2.90155
2.66229
2.41252
2.15217
1.88131
1.60006
1.30865
1.00746
0.696983
0.377887
0.0509666
-0.282798
-0.62224
-0.965986
-1.31249
-1.66002
-2.00663
-2.35021
-2.68852
-3.01914
-3.33959
-3.64731
-3.93973
-4.21429
-4.46854
-4.70015
-4.90695
-5.08705
-5.23881
-5.36091
-5.45239
-5.51269
-5.54154
-5.53927
-5.50607
-5.44377
-5.35152
-5.25086
-5.13739
-5.0198
-4.84939
-4.71741
-4.44326
-4.37836
-3.85718
-4.12763
-2.91204
-4.33121
-1.06047
-6.0638
6.36104
6.39966
6.4407
6.48347
6.5284
6.57545
6.62474
6.67632
6.73031
6.78676
6.84576
6.90737
6.97168
7.03876
7.10865
7.18143
7.25714
7.33582
7.41751
7.50223
7.58997
7.68073
7.77449
7.87119
7.97076
8.07311
8.1781
8.28558
8.39537
8.50724
8.62091
8.73608
8.8524
8.96949
9.08688
9.20409
9.32057
9.43572
9.54892
9.65947
9.76663
9.86959
9.96753
10.0596
10.1449
10.2226
10.2916
10.351
10.4
10.4376
10.463
10.4752
10.4736
10.4574
10.4261
10.379
10.3159
10.2365
10.1406
10.0284
9.90009
9.75611
9.59713
9.42402
9.23792
9.03974
8.83263
8.64607
8.47781
8.29798
8.10623
7.9048
7.69202
7.48811
7.22873
7.14929
6.5556
7.43199
4.54709
10.7359
5.67411
5.63174
5.58625
5.53967
5.49087
5.439
5.38408
5.32617
5.26528
5.20145
5.13437
5.06345
4.98882
4.91158
4.83271
4.75256
4.67075
4.58629
4.49786
4.40402
4.30273
4.19152
4.06867
3.93411
3.7888
3.63377
3.47026
3.29918
3.12031
2.93285
2.73636
2.53069
2.31577
2.0915
1.85786
1.61487
1.36262
1.10134
0.831348
0.553064
0.267064
-0.025964
-0.325142
-0.629433
-0.937637
-1.24838
-1.56011
-1.87108
-2.17941
-2.48307
-2.7799
-3.06763
-3.34395
-3.6065
-3.85294
-4.08099
-4.2885
-4.47344
-4.63402
-4.7687
-4.87621
-4.95561
-5.00627
-5.02809
-5.02079
-4.98584
-4.92188
-4.84631
-4.75562
-4.66132
-4.51651
-4.40826
-4.16387
-4.11804
-3.63707
-3.90802
-2.76185
-4.13124
-0.998113
-5.85441
5.70953
5.74345
5.77948
5.81708
5.8566
5.89802
5.94145
5.98696
6.03463
6.08453
6.13674
6.19134
6.24841
6.30801
6.37021
6.43508
6.50268
6.57307
6.64629
6.72239
6.80138
6.88328
6.96812
7.05585
7.14647
7.23991
7.3361
7.43495
7.53634
7.6401
7.74603
7.8539
7.96348
8.07442
8.18638
8.29895
8.4117
8.5241
8.63562
8.74565
8.85355
8.9586
9.06005
9.15712
9.24897
9.33473
9.41352
9.48441
9.54649
9.59885
9.64056
9.67075
9.68858
9.69327
9.68411
9.66047
9.62184
9.56782
9.49815
9.41275
9.31168
9.19523
9.06384
8.91824
8.75935
8.58795
8.40695
8.2422
8.09259
7.9318
7.7594
7.57722
7.38427
7.19727
6.96219
6.88421
6.34467
7.15596
4.42882
10.4036
5.11049
5.07367
5.03414
4.99363
4.9512
4.90611
4.85838
4.80804
4.75494
4.69899
4.64031
4.57887
4.51405
4.44548
4.3739
4.30044
4.2257
4.14956
4.07128
3.98974
3.9037
3.81144
3.71078
3.59997
3.47865
3.34752
3.20751
3.0598
2.90534
2.74397
2.5749
2.39768
2.21219
2.01843
1.81635
1.60592
1.38712
1.16007
0.924958
0.682082
0.431817
0.174662
-0.0887522
-0.357634
-0.631077
-0.908007
-1.18718
-1.4672
-1.74651
-2.02342
-2.29608
-2.56255
-2.82075
-3.06858
-3.30388
-3.5245
-3.72834
-3.91341
-4.07784
-4.21994
-4.33825
-4.4316
-4.49902
-4.54014
-4.55423
-4.54241
-4.50296
-4.44949
-4.37921
-4.30588
-4.18464
-4.09809
-3.882
-3.8534
-3.41212
-3.68139
-2.60619
-3.92255
-0.932441
-5.63397
5.14145
5.17124
5.20286
5.23589
5.27063
5.30706
5.34529
5.38538
5.42739
5.47142
5.51753
5.5658
5.6163
5.66909
5.72426
5.78188
5.84201
5.90471
5.97003
6.03804
6.10877
6.18226
6.25852
6.33758
6.41943
6.50406
6.59142
6.68147
6.77412
6.86928
6.9668
7.06651
7.16824
7.27174
7.37673
7.48291
7.58989
7.69728
7.80462
7.9114
8.01706
8.12099
8.22252
8.32095
8.41552
8.50544
8.58986
8.66793
8.73875
8.80143
8.85507
8.89878
8.93168
8.95294
8.96179
8.95752
8.9395
8.90722
8.86031
8.79851
8.72173
8.63006
8.52384
8.40354
8.26992
8.12363
7.96732
7.82331
7.69157
7.54914
7.39546
7.23208
7.05854
6.88837
6.67731
6.60111
6.11697
6.86027
4.30257
10.0443
4.61023
4.57819
4.5438
4.50852
4.47156
4.43232
4.39078
4.34697
4.30075
4.25198
4.20055
4.14653
4.09003
4.03067
3.96779
3.90155
3.83304
3.76323
3.69226
3.61958
3.54424
3.46512
3.38075
3.28905
3.18833
3.07828
2.95967
2.83327
2.69995
2.56066
2.4153
2.26299
2.10314
1.93569
1.76075
1.57833
1.3884
1.19096
0.9861
0.774029
0.555012
0.3294
0.0976613
-0.139618
-0.381739
-0.627871
-0.877034
-1.12811
-1.37983
-1.63082
-1.8795
-2.12422
-2.36321
-2.59455
-2.81635
-3.02664
-3.22344
-3.40482
-3.56892
-3.71406
-3.83863
-3.94131
-4.02092
-4.07683
-4.10802
-4.11528
-4.09655
-4.06216
-4.00986
-3.95505
-3.85527
-3.78803
-3.59902
-3.58474
-3.184
-3.44691
-2.44794
-3.7012
-0.868149
-5.39662
4.63733
4.66353
4.69131
4.72037
4.75094
4.78303
4.81671
4.85205
4.88912
4.92799
4.96872
5.0114
5.05608
5.10284
5.15176
5.20288
5.2563
5.31205
5.37022
5.43085
5.494
5.55971
5.62802
5.69896
5.77254
5.84876
5.92763
6.00912
6.09318
6.17975
6.26874
6.36002
6.45349
6.54894
6.64618
6.74494
6.84497
6.94592
7.04742
7.14906
7.25036
7.35081
7.44983
7.54681
7.64108
7.73193
7.8186
7.90028
7.97616
8.04536
8.10705
8.16032
8.20431
8.23818
8.26113
8.27235
8.27121
8.25707
8.22941
8.18793
8.13237
8.06264
7.97891
7.88153
7.77102
7.64793
7.51458
7.39011
7.27529
7.1503
7.01455
6.8693
6.71462
6.56103
6.37365
6.29899
5.87323
6.54068
4.1755
9.64587
4.17514
4.14736
4.11755
4.08693
4.05488
4.02087
3.98488
3.94693
3.9069
3.86464
3.82009
3.77327
3.72432
3.67326
3.6194
3.56074
3.49524
3.42275
3.34505
3.26442
3.1827
3.10147
3.0225
2.94722
2.8749
2.80195
2.72307
2.63269
2.52654
2.40453
2.27175
2.13411
1.99337
1.84802
1.69622
1.53726
1.37128
1.19865
1.01952
0.833965
0.642086
0.444083
0.240285
0.0311406
-0.182854
-0.40104
-0.622678
-0.846886
-1.07262
-1.29879
-1.52409
-1.74708
-1.96629
-2.18007
-2.38674
-2.58452
-2.77161
-2.94622
-3.10653
-3.25092
-3.37777
-3.48565
-3.57326
-3.63974
-3.6839
-3.70628
-3.70457
-3.68613
-3.6494
-3.61039
-3.53014
-3.47906
-3.31672
-3.31198
-2.95515
-3.20239
-2.29109
-3.46342
-0.812278
-5.13611
4.19871
4.22155
4.24576
4.2711
4.29778
4.32578
4.3552
4.38608
4.4185
4.45251
4.48818
4.52558
4.56477
4.60582
4.64879
4.69376
4.74079
4.78994
4.84128
4.89487
4.95075
5.00899
5.06963
5.13272
5.19827
5.26633
5.33687
5.40989
5.48541
5.56341
5.64379
5.72648
5.81138
5.89842
5.98739
6.07808
6.17031
6.26385
6.35836
6.45351
6.5489
6.6441
6.73863
6.83199
6.92355
7.01274
7.09884
7.18115
7.25891
7.33134
7.39762
7.45693
7.50837
7.55116
7.5845
7.60755
7.6196
7.62004
7.60817
7.58365
7.54613
7.4953
7.43122
7.35411
7.26431
7.16221
7.04984
6.94344
6.84437
6.73572
6.6169
6.48894
6.35224
6.21477
6.05084
5.97612
5.61529
6.19094
4.05684
9.19942
3.65001
3.62687
3.60194
3.57627
3.54942
3.52096
3.49083
3.45904
3.42552
3.39016
3.35283
3.31338
3.27169
3.22763
3.18138
3.1334
3.08388
3.03215
2.97735
2.91969
2.86033
2.80007
2.73851
2.67461
2.60734
2.53553
2.45751
2.37216
2.28023
2.18274
2.07904
1.96837
1.85138
1.72918
1.60194
1.46931
1.33095
1.18671
1.03659
0.880678
0.719068
0.551883
0.379297
0.201588
0.019069
-0.167791
-0.358477
-0.552357
-0.748664
-0.946554
-1.14503
-1.34297
-1.53917
-1.73231
-1.92092
-2.10349
-2.27843
-2.44412
-2.5989
-2.74115
-2.86926
-2.98178
-3.07728
-3.1547
-3.21268
-3.2513
-3.26844
-3.26732
-3.24863
-3.22624
-3.17004
-3.13394
-3.00741
-3.00509
-2.71094
-2.92312
-2.13471
-3.18899
-0.774619
-4.84472
3.66979
3.68902
3.70938
3.73072
3.7532
3.77681
3.80162
3.82771
3.8551
3.88388
3.91409
3.94577
3.979
4.01387
4.0504
4.08864
4.12871
4.17063
4.21447
4.26029
4.30815
4.35812
4.41024
4.46454
4.52109
4.57991
4.64103
4.70446
4.77022
4.83834
4.90875
4.98142
5.05632
5.13343
5.21256
5.2936
5.37643
5.46091
5.54677
5.63377
5.72161
5.80993
5.89843
5.98666
6.07411
6.16034
6.24473
6.32664
6.40547
6.48049
6.55097
6.61621
6.67528
6.72745
6.77199
6.80805
6.83482
6.85168
6.85788
6.85292
6.83632
6.8077
6.76692
6.71396
6.64898
6.57228
6.4854
6.40108
6.32142
6.23297
6.13523
6.02892
5.91492
5.79789
5.66486
5.58827
5.31855
5.76244
3.95114
8.65264
3.10715
3.08894
3.06933
3.0491
3.02794
3.00552
2.98179
2.95675
2.93036
2.90254
2.87316
2.84207
2.80924
2.7747
2.73872
2.70196
2.66522
2.62915
2.59342
2.55644
2.51617
2.47136
2.42165
2.36684
2.30648
2.24058
2.17009
2.09624
2.01987
1.94135
1.8602
1.7747
1.68304
1.5852
1.48244
1.37556
1.26432
1.14827
1.02713
0.900915
0.769635
0.633397
0.492251
0.346335
0.19583
0.0409857
-0.117846
-0.280272
-0.445775
-0.613746
-0.783482
-0.954198
-1.12493
-1.29466
-1.46225
-1.62646
-1.78594
-1.9393
-2.08506
-2.22174
-2.34781
-2.46182
-2.56233
-2.64813
-2.71773
-2.77089
-2.8054
-2.82133
-2.81962
-2.81517
-2.78075
-2.7649
-2.66672
-2.68272
-2.4288
-2.64701
-1.9246
-2.95148
-0.661658
-4.65947
3.12283
3.13816
3.15439
3.17143
3.18938
3.20826
3.22812
3.24903
3.271
3.29412
3.31841
3.34391
3.3707
3.39886
3.42839
3.45936
3.49185
3.52591
3.56162
3.59899
3.63809
3.67903
3.72182
3.76649
3.81313
3.86177
3.91248
3.96527
4.02016
4.0772
4.1364
4.19771
4.2612
4.32683
4.39451
4.46419
4.53581
4.60927
4.68442
4.76109
4.83909
4.91819
4.99815
5.07861
5.15927
5.23975
5.31957
5.3982
5.47519
5.54992
5.62175
5.6901
5.75416
5.81325
5.86666
5.91362
5.95332
5.9851
6.00819
6.02197
6.0259
6.01949
6.00243
5.97448
5.9356
5.88596
5.82672
5.76664
5.70844
5.64263
5.56866
5.48714
5.39906
5.30745
5.20666
5.14324
4.94327
5.33764
3.69699
8.30034
2.65048
2.63598
2.62037
2.60424
2.58736
2.56947
2.55051
2.53051
2.50944
2.4872
2.46374
2.43895
2.41281
2.38523
2.35611
2.32541
2.29306
2.25907
2.22358
2.18674
2.14825
2.10727
2.06309
2.01608
1.96741
1.9181
1.8682
1.817
1.76339
1.70578
1.64294
1.57485
1.50202
1.42444
1.34199
1.25514
1.16456
1.07033
0.972125
0.869633
0.762757
0.651542
0.536025
0.416296
0.292441
0.164593
0.0329653
-0.102194
-0.240528
-0.381635
-0.525004
-0.670077
-0.81614
-0.962424
-1.10806
-1.25205
-1.39332
-1.53073
-1.66303
-1.78894
-1.90709
-2.01617
-2.1148
-2.20181
-2.27569
-2.33607
-2.38069
-2.40762
-2.41761
-2.42605
-2.40801
-2.40806
-2.33256
-2.36486
-2.1436
-2.37205
-1.70206
-2.72004
-0.526584
-4.48545
2.66307
2.67543
2.6885
2.70223
2.7167
2.73196
2.74801
2.76489
2.78268
2.8014
2.82106
2.84173
2.86347
2.88632
2.91031
2.93551
2.96196
2.98972
3.01886
3.04939
3.08135
3.11485
3.14991
3.18659
3.22496
3.26501
3.30684
3.35048
3.39595
3.44329
3.49254
3.54369
3.59679
3.65185
3.7088
3.76766
3.82838
3.8909
3.95513
4.021
4.08836
4.15708
4.22695
4.29775
4.36928
4.44125
4.51326
4.58497
4.65598
4.72586
4.79403
4.86001
4.92319
4.98294
5.03865
5.08961
5.13512
5.17454
5.20713
5.23227
5.24943
5.25802
5.25762
5.24794
5.22876
5.20013
5.16296
5.12273
5.08241
5.0358
4.98238
4.92269
4.85778
4.78979
4.71833
4.67035
4.53262
4.90017
3.40056
7.95484
2.23378
2.22221
2.20974
2.19683
2.18331
2.16898
2.1538
2.13776
2.12086
2.10302
2.08419
2.06431
2.04334
2.02122
1.99785
1.9732
1.94718
1.91974
1.89086
1.86055
1.82896
1.79621
1.76205
1.72565
1.68637
1.64464
1.6016
1.55812
1.51413
1.46879
1.4208
1.36888
1.3124
1.25165
1.18683
1.11773
1.04449
0.96779
0.888057
0.805122
0.718644
0.628447
0.534507
0.436901
0.335706
0.231
0.122905
0.0115671
-0.102776
-0.219859
-0.339306
-0.460737
-0.583625
-0.70739
-0.831387
-0.95484
-1.07691
-1.19668
-1.31315
-1.42524
-1.53179
-1.63167
-1.72365
-1.80667
-1.87931
-1.94117
-1.99004
-2.02288
-2.04013
-2.05689
-2.0507
-2.06208
-2.00507
-2.04929
-1.85795
-2.09163
-1.47494
-2.47594
-0.387843
-4.27573
2.24388
2.25379
2.26431
2.27535
2.28701
2.29932
2.31227
2.3259
2.34026
2.35539
2.3713
2.38804
2.40567
2.4242
2.44366
2.46415
2.48565
2.50825
2.53197
2.55685
2.58295
2.61032
2.63901
2.66905
2.70051
2.7334
2.76779
2.80373
2.84123
2.88034
2.92111
2.96352
3.00765
3.05349
3.10101
3.15026
3.2012
3.25379
3.308
3.36378
3.42103
3.47968
3.53956
3.60056
3.6625
3.72518
3.78833
3.85167
3.9149
3.97769
4.03959
4.10022
4.1591
4.2157
4.26951
4.31995
4.36638
4.40827
4.44497
4.47589
4.5005
4.51826
4.52872
4.53156
4.52648
4.51345
4.49315
4.46857
4.44265
4.41183
4.37562
4.33461
4.28979
4.24308
4.19775
4.16535
4.08558
4.42722
3.07974
7.51796
1.8456
1.83655
1.8268
1.81667
1.80606
1.79482
1.78292
1.77033
1.75706
1.74305
1.72826
1.71264
1.69617
1.67878
1.66041
1.64102
1.62056
1.59896
1.57619
1.55219
1.52696
1.50053
1.47303
1.44452
1.41461
1.38251
1.34772
1.31081
1.273
1.23503
1.19663
1.15688
1.11453
1.06864
1.01895
0.965663
0.908723
0.848094
0.784269
0.717856
0.648938
0.577222
0.502438
0.424512
0.343484
0.259428
0.172426
0.0825583
-0.010035
-0.105173
-0.202609
-0.302061
-0.403165
-0.505495
-0.608562
-0.711794
-0.814533
-0.916075
-1.01561
-1.11228
-1.20512
-1.29319
-1.37545
-1.45098
-1.51851
-1.57768
-1.6264
-1.6612
-1.68215
-1.70354
-1.70527
-1.72418
-1.68167
-1.7341
-1.56884
-1.80425
-1.23817
-2.21682
-0.237548
-4.03155
1.85351
1.86129
1.86955
1.87823
1.8874
1.89708
1.90728
1.91802
1.92934
1.94129
1.95387
1.96712
1.98106
1.99574
2.01119
2.02745
2.04454
2.0625
2.08137
2.10121
2.12206
2.14392
2.16686
2.19091
2.21613
2.24255
2.27019
2.29912
2.32936
2.36097
2.39397
2.42837
2.46423
2.50156
2.54035
2.58064
2.62243
2.6657
2.71043
2.75659
2.80412
2.85299
2.9031
2.95435
3.00661
3.05975
3.11359
3.16793
3.2225
3.27708
3.33134
3.38495
3.43758
3.48876
3.53811
3.58516
3.62937
3.67029
3.70738
3.74012
3.76804
3.79065
3.80752
3.81835
3.82285
3.82093
3.81306
3.8004
3.78576
3.76752
3.74533
3.71977
3.69182
3.66345
3.64033
3.62231
3.59333
3.90856
2.71142
6.99874
1.48931
1.48242
1.47496
1.4672
1.45906
1.45045
1.44133
1.43167
1.42147
1.41069
1.39931
1.3873
1.37462
1.36123
1.34708
1.33213
1.31634
1.29966
1.28206
1.26351
1.24395
1.22335
1.20171
1.17908
1.15556
1.13115
1.10542
1.07753
1.04725
1.01533
0.982932
0.950549
0.917698
0.883419
0.846658
0.806792
0.763793
0.71768
0.66838
0.616185
0.561743
0.505371
0.446895
0.386042
0.32269
0.256857
0.188623
0.118043
0.0451844
-0.0298516
-0.106927
-0.185835
-0.266343
-0.348146
-0.430895
-0.514185
-0.597518
-0.680366
-0.762111
-0.842091
-0.919551
-0.993732
-1.06378
-1.12895
-1.18815
-1.24114
-1.286
-1.31936
-1.34087
-1.36361
-1.3697
-1.39264
-1.36069
-1.41793
-1.27443
-1.50865
-0.987517
-1.94047
-0.0667857
-3.74907
1.49535
1.50127
1.50756
1.51418
1.52117
1.52856
1.53634
1.54455
1.55321
1.56235
1.57197
1.58212
1.5928
1.60405
1.61591
1.62839
1.64151
1.65531
1.66983
1.6851
1.70114
1.71799
1.73569
1.75425
1.77373
1.79416
1.81554
1.83795
1.8614
1.88595
1.91159
1.93836
1.96633
1.99548
2.02582
2.0574
2.09023
2.1243
2.15961
2.19615
2.23388
2.2728
2.31286
2.35396
2.39604
2.43902
2.48278
2.52716
2.572
2.61712
2.66227
2.70722
2.75172
2.79539
2.83794
2.87904
2.91824
2.95515
2.98935
3.02045
3.04802
3.07164
3.09098
3.10573
3.11566
3.12067
3.12108
3.11686
3.11039
3.10148
3.08988
3.07629
3.06152
3.048
3.04225
3.03592
3.04883
3.33686
2.27759
6.39599
1.11384
1.10884
1.10342
1.09775
1.09179
1.08548
1.0788
1.07173
1.06428
1.0564
1.04808
1.03929
1.03
1.02018
1.00982
0.99887
0.987305
0.9751
0.962232
0.948667
0.934348
0.919239
0.903311
0.886557
0.869015
0.850759
0.831885
0.812304
0.791452
0.768612
0.743807
0.718006
0.692239
0.66673
0.64092
0.613935
0.58506
0.553965
0.520533
0.484568
0.446131
0.405716
0.363724
0.320012
0.274217
0.226145
0.175844
0.123459
0.0691332
0.0129626
-0.0449486
-0.104465
-0.165399
-0.227533
-0.290599
-0.354301
-0.418275
-0.48213
-0.545413
-0.607646
-0.668261
-0.726696
-0.782297
-0.834526
-0.882497
-0.926072
-0.963625
-0.99237
-1.01151
-1.03252
-1.03961
-1.06319
-1.03798
-1.09653
-0.970299
-1.19969
-0.718471
-1.63725
0.127053
-3.38708
1.11823
1.12255
1.12715
1.13201
1.13714
1.14259
1.14834
1.15442
1.16084
1.16762
1.17477
1.18233
1.19031
1.19873
1.20761
1.21697
1.22683
1.23723
1.24818
1.25971
1.27183
1.28459
1.29802
1.31212
1.32694
1.34249
1.3588
1.3759
1.39383
1.4126
1.43223
1.45276
1.4742
1.49657
1.51987
1.54414
1.56939
1.5956
1.62278
1.65095
1.68005
1.71009
1.74103
1.77281
1.80541
1.83873
1.87273
1.9073
1.94231
1.97764
2.01312
2.04861
2.08389
2.11874
2.15294
2.18622
2.21828
2.24885
2.27758
2.30421
2.32838
2.34977
2.36818
2.38331
2.39496
2.40312
2.40798
2.40879
2.40763
2.40497
2.40072
2.39554
2.39005
2.38687
2.39223
2.39165
2.43408
2.69228
1.74731
5.65039
0.817726
0.814454
0.810891
0.807145
0.803194
0.798985
0.794512
0.789785
0.784793
0.779497
0.773895
0.767951
0.761639
0.754956
0.747898
0.740425
0.732526
0.724183
0.715364
0.70603
0.696162
0.685722
0.674673
0.662986
0.650672
0.637744
0.624259
0.610312
0.59594
0.580856
0.564344
0.545875
0.525872
0.505445
0.485272
0.465026
0.443789
0.420683
0.395373
0.36802
0.338803
0.307799
0.275564
0.242768
0.209567
0.175636
0.140588
0.104238
0.0666087
0.0277793
-0.0121685
-0.0531795
-0.0951651
-0.138023
-0.181589
-0.225702
-0.27012
-0.314597
-0.358825
-0.402499
-0.445219
-0.486613
-0.52622
-0.563697
-0.598369
-0.630239
-0.657975
-0.679832
-0.694341
-0.711204
-0.716498
-0.737912
-0.715987
-0.772985
-0.659311
-0.880566
-0.433867
-1.30356
0.336749
-2.89703
0.820547
0.823276
0.826201
0.829285
0.832551
0.836006
0.839655
0.843518
0.847607
0.851923
0.856469
0.861265
0.866331
0.871679
0.87731
0.883236
0.889478
0.896065
0.90299
0.910272
0.917921
0.925973
0.934447
0.943339
0.952671
0.962472
0.972758
0.983545
0.994854
1.00671
1.01912
1.03212
1.04572
1.05993
1.07477
1.09027
1.10645
1.12329
1.14081
1.15903
1.17794
1.19752
1.21777
1.23868
1.26022
1.28234
1.305
1.32816
1.35174
1.37564
1.39977
1.42402
1.44826
1.47234
1.49612
1.51939
1.54197
1.56367
1.58427
1.60357
1.62135
1.63738
1.65154
1.6636
1.67347
1.68115
1.68677
1.68968
1.69078
1.69094
1.6902
1.68926
1.68852
1.69119
1.70241
1.70287
1.76113
1.98753
1.13302
4.69699
0.329012
0.326856
0.324444
0.32186
0.319136
0.316243
0.313166
0.309898
0.306435
0.302753
0.298839
0.294667
0.290212
0.28547
0.28045
0.275123
0.269462
0.263442
0.257022
0.250163
0.242837
0.235009
0.226636
0.21767
0.208066
0.197786
0.186782
0.174986
0.162208
0.148215
0.132804
0.11583
0.0977831
0.0809862
0.0700575
0.0702333
0.0844813
0.111661
0.146547
0.181122
0.206981
0.218186
0.213244
0.195332
0.170482
0.144019
0.118303
0.0933449
0.0684378
0.0431593
0.0175202
-0.00831772
-0.0342109
-0.060101
-0.0859139
-0.111606
-0.137073
-0.162236
-0.186963
-0.211153
-0.234625
-0.257244
-0.278786
-0.299145
-0.317902
-0.335246
-0.350139
-0.362251
-0.36966
-0.379836
-0.380645
-0.39704
-0.375778
-0.426648
-0.326285
-0.523321
-0.137425
-0.87259
0.482253
-2.02778
0.330925
0.332846
0.334914
0.337109
0.339448
0.341935
0.344566
0.347374
0.350363
0.353533
0.35688
0.360428
0.364192
0.368178
0.372383
0.376826
0.381519
0.386486
0.391706
0.397206
0.403001
0.409103
0.415508
0.422232
0.42928
0.436666
0.444397
0.452477
0.460905
0.469708
0.478865
0.488399
0.498289
0.508545
0.519159
0.530141
0.54148
0.553157
0.565175
0.577527
0.590173
0.603115
0.616343
0.629835
0.643551
0.657488
0.671593
0.685842
0.700195
0.714599
0.729025
0.743399
0.757678
0.771782
0.785668
0.799235
0.812412
0.825137
0.837284
0.848746
0.859407
0.869155
0.877938
0.885582
0.892068
0.897403
0.901722
0.904256
0.906157
0.907995
0.90993
0.912108
0.913872
0.916932
0.924
0.910045
0.948642
1.13383
0.369598
3.21785
0.308557
0.308933
0.309312
0.309655
0.309997
0.310357
0.310724
0.311078
0.311425
0.311777
0.312144
0.312522
0.312913
0.313321
0.313766
0.314252
0.314787
0.315376
0.31603
0.316765
0.317612
0.318601
0.319789
0.321208
0.322873
0.324725
0.326673
0.328736
0.331383
0.335932
0.344782
0.360671
0.38476
0.413929
0.439352
0.448353
0.429108
0.375685
0.291214
0.188436
0.086843
0.00617093
-0.0417404
-0.0579009
-0.0536154
-0.0423382
-0.0325818
-0.0266729
-0.0235127
-0.0217139
-0.0207228
-0.0206547
-0.0216523
-0.0237496
-0.0268142
-0.0307405
-0.0353767
-0.0406177
-0.0463004
-0.0523133
-0.0584959
-0.0647489
-0.0709141
-0.0769679
-0.0826592
-0.0882686
-0.0931527
-0.0981305
-0.100171
-0.104688
-0.102698
-0.11304
-0.0966686
-0.132534
-0.0646769
-0.193409
0.0452073
-0.375332
0.388809
-0.87635
0.308147
0.307699
0.307236
0.306755
0.306258
0.305748
0.30521
0.304652
0.304071
0.303465
0.302826
0.302154
0.30145
0.30071
0.299928
0.299104
0.298234
0.297325
0.296358
0.295342
0.294279
0.293163
0.291987
0.290762
0.289484
0.288155
0.286778
0.285357
0.28389
0.282398
0.280875
0.279337
0.277783
0.276236
0.274703
0.273199
0.271733
0.270323
0.268992
0.267747
0.266597
0.265558
0.264653
0.263881
0.263259
0.262796
0.262495
0.262356
0.262389
0.262588
0.262964
0.263475
0.264126
0.264851
0.265644
0.266417
0.267169
0.267853
0.268447
0.268908
0.269258
0.269474
0.269596
0.269605
0.26961
0.269574
0.269652
0.271014
0.270283
0.268275
0.265196
0.26181
0.259
0.260622
0.27122
0.274547
0.308723
0.40794
0.00661134
1.34638
)
;

boundaryField
{
    inlet
    {
        type            freestreamPressure;
        freestreamValue uniform 0;
        value           nonuniform List<scalar> 
134
(
0.741272
0.0440134
-0.682524
-1.3113
-1.76347
-2.03692
-2.0787
-1.88479
-1.45981
-0.681586
-0.12534
-0.202704
-0.339043
-0.467666
-0.597893
-0.734363
-0.878309
-1.03046
-1.19297
-1.3697
1.423
-1.56597
-1.78451
-2.01522
-2.23209
-2.38887
-2.465
-2.59944
-2.60278
-2.65411
-3.169
-2.91349
-2.92433
-2.98109
-3.02329
-3.04427
-3.06451
-3.11687
-3.24819
-3.40733
2.0658
2.72858
3.29131
3.60271
3.55195
2.94737
1.59069
-3.7576
-3.67603
-3.54819
-3.46533
-3.40408
-3.3354
-3.2579
-3.17849
-3.09919
-3.01885
-2.93652
-2.85214
-2.76578
-2.67691
-2.58468
-2.48755
-2.3829
-2.26799
-2.13936
-2.05758
-1.98071
-1.88801
-1.78003
-1.65508
-1.49497
-1.27829
-0.894414
-0.386324
0.551239
1.21967
1.95995
2.69095
3.40113
4.07396
4.6447
5.0809
5.3931
5.59155
5.70321
5.75806
5.7823
5.79705
5.83324
5.94029
6.13722
6.35162
6.52748
6.67167
6.79653
6.90434
6.99126
7.05532
7.09774
7.12234
7.1381
7.1633
7.24423
7.45093
7.89876
8.08778
7.8976
7.67871
7.53843
7.42347
7.29275
7.14967
7.0048
6.85934
6.71035
6.55622
6.39613
6.22922
6.05357
5.86643
5.66409
5.43976
5.18835
4.88038
4.6822
4.48797
4.2423
3.95025
3.6111
3.19129
2.65399
1.81907
0.761708
)
;
    }
    outlet
    {
        type            freestreamPressure;
        freestreamValue uniform 0;
        value           nonuniform List<scalar> 
160
(
0.000922367
0.000921257
0.000923373
0.000920039
0.000924386
0.000918786
0.000925291
0.00091748
0.000926188
0.000916134
0.000927131
0.000914753
0.000928084
0.000913291
0.000928992
0.000911779
0.00092987
0.000910205
0.000930753
0.00090856
0.000931673
0.000906826
0.000932613
0.000905002
0.000933582
0.000903091
0.000934589
0.000901081
0.000935696
0.000898956
0.000936907
0.000896716
0.000938251
0.000894348
0.000939738
0.000891876
0.000941402
0.000889246
0.000943286
0.000886484
0.00094548
0.000883596
0.000948072
0.000880564
0.000951233
0.000877374
0.000955067
0.000874054
0.000959647
0.000870593
0.000964827
0.000867004
0.000970324
0.000863295
0.000976069
0.000859477
0.000983181
0.00085555
0.000995204
0.000851574
0.00101895
0.000847535
0.00106257
0.000843488
0.00113008
0.000839424
0.0012136
0.00083542
0.00128888
0.0008315
0.00131969
0.000827708
0.00126996
0.000824081
0.0011186
0.000820672
0.000871174
0.000817559
0.000564772
0.000814767
0.000259934
0.000812324
1.84061e-05
0.000810293
-0.000123867
0.000808746
-0.000171095
0.000807691
-0.000157973
0.000807185
-0.000124572
0.000807266
-9.58347e-05
0.000807958
-7.84683e-05
0.000809269
-6.91907e-05
0.000811246
-6.39125e-05
0.000813881
-6.10082e-05
0.00081723
-6.08228e-05
0.000821176
-6.37805e-05
0.000825753
-6.99866e-05
0.000830778
-7.9057e-05
0.000836244
-9.06885e-05
0.00084191
-0.000104444
0.000847776
-0.000120025
0.000853726
-0.000136965
0.000859703
-0.000154951
0.00086559
-0.000173526
0.000871474
-0.000192412
0.000877304
-0.000211163
0.00088323
-0.000229722
0.000889209
-0.000247368
0.000895624
-0.000264938
0.000902389
-0.000280564
0.000910063
-0.000296473
0.000921461
-0.00030365
0.00092517
-0.000318273
0.000925225
-0.000313842
0.000922273
-0.000346198
0.000918973
-0.000298959
0.000918503
-0.000408566
0.000934723
-0.00020411
0.000984917
-0.000595534
0.00101225
0.000148718
0.00115516
-0.00111963
0.00155406
0.00141363
2.65265e-05
-0.00227903
0.00499306
)
;
    }
    walls
    {
        type            zeroGradient;
    }
    frontAndBack
    {
        type            empty;
    }
}


// ************************************************************************* //
