/*--------------------------------*- C++ -*----------------------------------*\
| =========                 |                                                 |
| \\      /  F ield         | OpenFOAM: The Open Source CFD Toolbox           |
|  \\    /   O peration     | Version:  2206                                  |
|   \\  /    A nd           | Website:  www.openfoam.com                      |
|    \\/     M anipulation  |                                                 |
\*---------------------------------------------------------------------------*/
FoamFile
{
    version     2.0;
    format      ascii;
    arch        "LSB;label=32;scalar=64";
    note        "nPoints:6227  nCells:5036  nFaces:16247  nInternalFaces:13965";
    class       labelList;
    location    "constant/polyMesh";
    object      neighbour;
}
// * * * * * * * * * * * * * * * * * * * * * * * * * * * * * * * * * * * * * //


13965
(
2
3
4
1317
2
3
1318
1321
6
1322
6
7
1310
6
7
8
15
1312
9
1314
16
1315
9
18
1324
1326
12
13
14
1341
12
13
1342
1346
17
1347
16
17
1334
16
17
18
1336
1339
19
1340
19
1351
1353
25
28
30
49
268
269
272
273
275
276
279
280
32
34
35
309
310
313
314
316
317
320
321
23
24
26
69
376
377
381
382
383
384
388
389
25
28
83
448
449
452
454
455
456
460
461
25
30
99
540
541
544
546
547
548
552
553
110
596
597
600
601
603
604
607
608
28
30
127
662
663
666
668
669
670
673
675
29
31
33
136
716
717
721
722
723
724
728
729
145
758
759
763
764
765
766
769
770
32
34
154
812
813
816
818
819
820
824
825
165
860
861
865
866
867
868
871
872
32
35
174
914
915
918
920
921
922
926
927
187
974
975
978
979
981
982
985
986
34
35
1027
1028
1031
1033
1034
1035
1038
1040
1048
1049
1053
1054
1055
1056
1059
1060
1072
1073
1077
1078
1079
1080
1083
1084
58
77
81
212
213
59
93
97
217
218
109
221
222
223
76
92
110
235
238
239
241
242
245
246
248
1636
78
107
113
236
237
238
94
108
114
243
244
245
80
120
143
249
250
121
147
152
252
253
96
122
163
255
256
123
167
172
258
259
186
262
263
264
111
144
182
269
270
271
112
164
184
276
277
278
145
165
187
289
292
293
295
296
299
300
302
115
283
284
285
148
183
190
290
291
292
168
185
191
297
298
299
151
197
202
303
304
171
198
206
306
307
188
203
210
310
311
312
189
207
211
317
318
319
192
324
325
326
62
65
330
331
63
67
333
334
68
337
338
339
69
76
92
343
346
348
349
350
353
355
356
1681
72
77
344
345
346
73
93
351
352
353
70
80
120
357
358
72
81
360
361
71
96
122
363
364
73
97
366
367
370
371
372
83
99
390
392
394
396
397
399
401
403
84
125
377
378
379
100
126
384
385
386
86
391
392
393
102
398
399
400
128
405
406
407
82
412
413
414
83
418
421
423
424
425
428
429
431
1682
86
419
420
421
79
87
426
427
428
90
107
432
433
84
435
436
86
438
439
442
443
444
110
462
464
466
467
469
471
473
475
143
449
450
451
89
111
144
456
457
458
463
464
465
90
113
470
471
472
146
477
478
479
116
149
483
484
117
486
487
98
490
491
492
99
508
511
513
514
515
518
519
521
1683
102
509
510
511
95
103
516
517
518
106
108
524
525
100
527
528
102
530
531
534
535
536
110
554
556
558
559
561
563
565
567
163
541
542
543
105
112
164
548
549
550
555
556
557
106
114
562
563
564
166
569
570
571
118
169
575
576
119
578
579
117
581
582
119
586
587
590
591
592
610
612
614
615
617
619
621
622
116
597
598
599
118
604
605
606
117
611
612
613
119
618
619
620
625
626
627
182
631
632
634
635
184
637
638
640
641
125
643
644
129
132
646
647
126
649
650
130
134
652
653
135
656
657
658
143
663
664
665
163
670
671
672
136
145
165
683
686
688
689
690
693
695
696
677
678
679
139
147
684
685
686
140
167
691
692
693
137
151
197
697
698
139
152
700
701
138
171
198
703
704
140
172
706
707
710
711
712
154
174
730
732
734
736
737
739
741
743
155
199
717
718
719
175
200
724
725
726
157
731
732
733
177
738
739
740
201
745
746
747
153
752
753
754
759
760
761
149
766
767
768
154
779
782
784
785
786
789
790
792
773
774
775
157
780
781
782
150
158
787
788
789
182
793
794
161
183
796
797
155
799
800
157
802
803
806
807
808
187
826
828
830
831
833
835
837
839
202
813
814
815
160
188
203
820
821
822
827
828
829
161
190
834
835
836
204
841
842
843
193
205
847
848
194
850
851
173
854
855
856
861
862
863
169
868
869
870
174
881
884
886
887
888
891
892
894
875
876
877
177
882
883
884
170
178
889
890
891
184
895
896
181
185
898
899
175
901
902
177
904
905
908
909
910
187
928
930
932
933
935
937
939
941
206
915
916
917
180
189
207
922
923
924
929
930
931
181
191
936
937
938
208
943
944
945
195
209
949
950
196
952
953
955
956
194
958
959
961
962
196
964
965
968
969
970
988
990
992
993
995
997
999
1000
193
975
976
977
195
982
983
984
194
989
990
991
196
996
997
998
1003
1004
1005
210
1009
1010
1012
1013
211
1015
1016
1018
1019
199
1021
1022
200
1024
1025
202
1028
1029
1030
206
1035
1036
1037
1042
1043
1044
1049
1050
1051
205
1056
1057
1058
1063
1064
1065
210
1069
1070
1073
1074
1075
209
1080
1081
1082
1087
1088
1089
211
1093
1094
1096
1097
1099
1100
214
419
438
214
331
420
2585
422
2586
216
218
497
1753
4975
219
498
2587
219
509
530
219
334
510
512
224
225
226
231
235
242
224
225
232
224
226
236
590
225
226
243
591
233
240
234
247
241
248
593
229
230
231
242
1636
2597
229
230
244
501
584
1755
246
502
1636
2595
234
247
585
2596
233
234
2588
2600
233
234
1756
2594
2598
2599
239
240
241
2588
240
241
581
611
239
240
427
582
2591
239
241
428
612
429
2593
583
2594
614
246
247
248
247
248
586
618
246
247
517
587
246
248
518
619
519
588
621
251
436
760
251
253
644
761
254
762
254
780
802
254
647
781
783
257
528
862
257
259
650
863
260
864
260
882
904
260
653
883
885
265
266
267
282
289
296
265
266
283
265
267
290
968
266
267
297
969
287
294
288
301
295
302
971
272
273
274
282
289
272
273
597
766
272
274
284
599
955
273
274
291
768
956
286
600
293
769
287
294
957
279
280
281
282
296
279
280
604
868
279
281
285
606
961
280
281
298
870
962
286
607
300
871
288
301
963
286
287
288
287
288
286
287
626
286
288
627
628
293
294
295
294
295
958
989
293
294
788
959
293
295
789
990
790
960
992
300
301
302
301
302
964
996
300
301
890
965
300
302
891
997
892
966
999
305
800
1050
305
1022
1051
1052
308
902
1074
308
1025
1075
1076
313
314
315
323
313
314
975
1056
313
315
325
977
1096
314
315
1058
1097
327
978
1059
328
1098
320
321
322
323
320
321
982
1080
320
322
326
984
1099
321
322
1082
1100
327
985
1083
329
1101
327
328
329
328
329
327
328
1004
327
329
1005
1006
332
344
360
332
345
4972
347
4973
335
351
366
335
352
4975
354
4976
340
341
342
343
350
4991
340
341
4992
340
342
344
370
341
342
351
371
347
4996
354
4997
348
355
373
347
348
349
4977
347
348
391
347
349
420
4980
348
349
392
421
4982
394
423
4983
354
355
356
4984
354
355
398
354
356
510
4987
355
356
399
511
4989
401
513
4990
359
361
378
435
359
379
643
362
380
362
391
362
393
439
395
365
367
385
527
365
386
649
368
387
368
398
368
400
531
402
373
374
375
390
397
404
373
374
391
373
375
398
374
375
405
394
401
395
408
402
409
380
381
382
390
404
381
382
449
663
380
381
393
450
380
382
406
664
395
408
396
452
410
666
387
388
389
397
404
388
389
541
670
387
388
400
542
387
389
407
671
402
409
403
544
410
673
394
395
396
394
395
394
396
464
395
396
465
466
401
402
403
401
402
401
403
556
402
403
557
558
408
409
410
408
409
408
410
678
409
410
679
680
415
416
417
418
425
5012
415
416
5013
415
417
419
442
416
417
426
443
422
5016
430
5018
424
431
445
422
423
424
4998
422
424
463
422
423
5001
423
424
464
5002
5004
467
429
430
431
5005
430
431
432
470
429
430
433
5008
429
431
471
5009
434
5011
473
434
486
434
582
5020
5021
437
439
450
437
451
440
453
440
463
440
465
468
445
446
447
462
469
476
445
446
463
445
447
470
446
447
477
467
473
468
480
474
481
452
453
454
462
476
452
454
759
452
453
465
453
454
478
760
466
468
480
482
763
459
460
461
469
476
460
461
597
766
459
460
472
483
598
459
461
479
484
767
474
481
485
475
601
482
770
466
467
468
467
468
466
467
466
468
473
474
475
473
474
486
473
475
612
474
475
487
613
488
615
480
481
482
480
481
480
482
774
481
482
775
777
485
487
631
485
793
488
488
488
635
493
494
495
504
508
515
493
494
505
493
495
509
534
494
495
516
535
506
512
507
520
514
521
537
498
499
504
508
1683
5024
498
499
510
2248
4987
506
512
5023
513
1683
4990
5022
502
503
504
515
1683
5027
502
503
517
522
2249
519
1683
5025
507
520
523
5026
506
507
5030
506
507
2250
5028
5029
512
513
514
512
514
555
512
513
513
514
556
559
519
520
521
520
521
524
562
519
520
525
519
521
563
526
565
523
525
584
2251
526
5031
526
578
526
587
529
531
542
529
543
532
545
532
555
532
557
560
537
538
539
554
561
568
537
538
555
537
539
562
538
539
569
559
565
560
572
566
573
544
545
546
554
568
544
546
861
544
545
557
545
546
570
862
558
560
572
574
865
551
552
553
561
568
552
553
604
868
551
552
564
575
605
551
553
571
576
869
566
573
577
567
608
574
872
558
559
560
559
560
558
559
558
560
565
566
567
565
566
578
565
567
619
566
567
579
620
580
622
572
573
574
572
573
572
574
876
573
574
877
879
577
579
637
577
895
580
580
580
641
583
634
583
5033
5034
585
587
2253
588
5035
588
640
588
593
594
595
610
617
624
593
594
611
593
595
618
594
595
625
614
621
616
629
623
630
600
601
602
610
624
600
601
601
602
613
631
600
602
626
632
628
615
616
629
633
607
608
609
617
624
607
608
608
609
620
637
607
609
627
638
628
622
623
630
639
614
615
616
614
616
634
614
615
615
616
635
636
621
622
623
621
623
640
621
622
622
623
641
642
628
629
630
629
630
628
629
628
630
633
635
633
955
636
636
636
639
641
639
961
642
642
642
645
664
645
647
665
648
667
648
684
700
648
685
687
651
671
651
653
672
654
674
654
691
706
654
692
694
659
660
661
676
683
690
659
660
677
659
661
684
710
660
661
691
711
681
687
682
694
688
695
713
666
667
668
676
683
666
668
759
666
667
678
667
668
685
761
680
681
687
689
764
673
674
675
676
690
673
675
861
673
674
679
674
675
692
863
680
682
694
696
866
680
681
682
681
682
680
681
680
682
687
688
689
687
688
731
687
689
781
688
689
732
782
734
784
694
695
696
694
695
738
694
696
883
695
696
739
884
741
886
699
701
718
799
699
719
1021
702
720
702
731
702
733
803
735
705
707
725
901
705
726
1024
708
727
708
738
708
740
905
742
713
714
715
730
737
744
713
714
731
713
715
738
714
715
745
734
741
735
748
742
749
720
721
722
730
744
721
722
813
1028
720
721
733
814
720
722
746
1029
735
748
736
816
750
1031
727
728
729
737
744
728
729
915
1035
727
728
740
916
727
729
747
1036
742
749
743
918
750
1038
734
735
736
734
735
734
736
828
735
736
829
830
741
742
743
741
742
741
743
930
742
743
931
932
748
749
750
748
749
748
750
1043
749
750
1044
1045
755
756
757
772
779
786
755
756
773
755
757
780
806
756
757
787
807
776
783
778
791
785
792
809
762
763
764
772
779
763
764
762
763
774
762
764
781
776
783
777
784
769
770
771
772
786
769
770
770
771
775
793
769
771
788
794
790
777
778
791
795
776
777
778
776
778
776
777
777
778
783
784
785
783
785
827
783
784
784
785
828
831
790
791
792
791
792
796
834
790
791
797
790
792
835
798
837
795
795
797
956
798
798
850
798
959
801
803
814
801
815
804
817
804
827
804
829
832
809
810
811
826
833
840
809
810
827
809
811
834
810
811
841
831
837
832
844
838
845
816
817
818
826
840
816
818
1049
816
817
829
817
818
842
1050
830
832
844
846
1053
823
824
825
833
840
824
825
975
1056
823
824
836
847
976
823
825
843
848
1057
838
845
849
839
979
846
1060
830
831
832
831
832
830
831
830
832
837
838
839
837
838
850
837
839
990
838
839
851
991
852
993
844
845
846
844
845
844
846
1064
845
846
1065
1067
849
851
1009
849
1069
852
852
852
1013
857
858
859
874
881
888
857
858
875
857
859
882
908
858
859
889
909
878
885
880
893
887
894
911
864
865
866
874
881
865
866
864
865
876
864
866
883
878
885
879
886
871
872
873
874
888
871
872
872
873
877
895
871
873
890
896
892
879
880
893
897
878
879
880
878
880
878
879
879
880
885
886
887
885
887
929
885
886
886
887
930
933
892
893
894
893
894
898
936
892
893
899
892
894
937
900
939
897
897
899
962
900
900
952
900
965
903
905
916
903
917
906
919
906
929
906
931
934
911
912
913
928
935
942
911
912
929
911
913
936
912
913
943
933
939
934
946
940
947
918
919
920
928
942
918
920
1073
918
919
931
919
920
944
1074
932
934
946
948
1077
925
926
927
935
942
926
927
982
1080
925
926
938
949
983
925
927
945
950
1081
940
947
951
941
986
948
1084
932
933
934
933
934
932
933
932
934
939
940
941
939
940
952
939
941
997
940
941
953
998
954
1000
946
947
948
946
947
946
948
1088
947
948
1089
1091
951
953
1015
951
1093
954
954
954
1019
957
957
959
960
960
1012
960
963
963
965
966
966
1018
966
971
972
973
988
995
1002
971
972
989
971
973
996
972
973
1003
992
999
994
1007
1001
1008
978
979
980
988
1002
978
979
979
980
991
1009
978
980
1004
1010
1006
993
994
1007
1011
985
986
987
995
1002
985
986
986
987
998
1015
985
987
1005
1016
1006
1000
1001
1008
1017
992
993
994
992
994
1012
992
993
993
994
1013
1014
999
1000
1001
999
1001
1018
999
1000
1000
1001
1019
1020
1006
1007
1008
1007
1008
1006
1007
1006
1008
1011
1013
1011
1096
1014
1014
1014
1017
1019
1017
1099
1020
1020
1020
1023
1029
1023
1030
1032
1026
1036
1026
1037
1039
1031
1032
1033
1041
1031
1033
1049
1031
1032
1043
1032
1033
1051
1045
1046
1054
1038
1039
1040
1041
1038
1040
1073
1038
1039
1044
1039
1040
1075
1045
1047
1078
1045
1046
1047
1046
1047
1045
1046
1045
1047
1052
1053
1054
1062
1053
1054
1052
1053
1064
1052
1054
1066
1067
1059
1060
1061
1062
1059
1060
1060
1061
1065
1069
1059
1061
1070
1067
1068
1071
1066
1067
1068
1066
1068
1066
1067
1067
1068
1071
1071
1097
1076
1077
1078
1086
1077
1078
1076
1077
1088
1076
1078
1090
1091
1083
1084
1085
1086
1083
1084
1084
1085
1089
1093
1083
1085
1094
1091
1092
1095
1090
1091
1092
1090
1092
1090
1091
1091
1092
1095
1095
1100
1098
1098
1101
1101
1106
1109
1117
1211
1212
1215
1216
1218
1219
1222
1224
1637
1104
1105
1107
1252
1253
1257
1258
1259
1260
1264
1265
1106
1109
1276
1277
1280
1282
1283
1284
1288
1289
1106
1303
1304
1307
1309
1310
1311
1315
1316
1637
1327
1328
1331
1332
1334
1335
1338
1339
1109
1148
1373
1374
1377
1379
1380
1381
1384
1386
1637
1110
1157
1427
1428
1432
1433
1434
1435
1439
1440
1638
1639
1166
1469
1470
1474
1475
1476
1477
1480
1481
1111
1175
1523
1524
1527
1529
1530
1531
1535
1536
1641
1188
1583
1584
1587
1589
1590
1591
1595
1596
1630
1638
1126
1141
1164
1198
1199
1142
1168
1173
1201
1202
1187
1205
1206
1207
1136
1165
1183
1212
1213
1214
1137
1185
1219
1220
1221
1759
1166
1188
1232
1235
1236
1238
1239
1242
1244
1245
1760
1138
1226
1227
1228
1169
1184
1191
1233
1234
1235
1186
1192
1240
1241
1242
1763
1123
1126
1141
1246
1247
1124
1131
1143
1249
1250
1127
1146
1253
1254
1255
1132
1147
1260
1261
1262
1149
1267
1268
1269
1127
1273
1274
1164
1277
1278
1279
1130
1136
1165
1284
1285
1286
1167
1291
1292
1293
1139
1170
1297
1298
1132
1300
1301
1684
1304
1305
1306
1758
1135
1137
1311
1312
1313
1759
1318
1319
1320
1761
1140
1324
1325
1764
1139
1328
1329
1330
1140
1335
1336
1337
1342
1343
1344
1183
1348
1349
1185
1351
1352
1146
1354
1355
1150
1153
1357
1358
1147
1360
1361
1684
1151
1155
1363
1364
1685
1156
1367
1368
1369
1164
1374
1375
1376
1381
1382
1383
1758
1157
1166
1394
1397
1399
1400
1401
1404
1406
1407
1760
1388
1389
1390
1160
1168
1395
1396
1397
1161
1402
1403
1404
1762
1158
1172
1408
1409
1777
1160
1173
1411
1412
1159
1414
1415
1766
1779
1161
1417
1418
1767
1421
1422
1423
1175
1441
1443
1445
1447
1448
1450
1452
1454
1769
1176
1428
1429
1430
1782
1435
1436
1437
1770
1783
1178
1442
1443
1444
1449
1450
1451
1773
1456
1457
1458
1787
1174
1463
1464
1465
1470
1471
1472
1170
1477
1478
1479
1175
1490
1493
1495
1496
1497
1500
1501
1503
1484
1485
1486
1178
1491
1492
1493
1171
1179
1498
1499
1500
1183
1504
1505
1182
1184
1507
1508
1176
1510
1511
1686
1178
1513
1514
1517
1518
1519
1188
1537
1539
1541
1542
1544
1546
1548
1550
1524
1525
1526
1800
1181
1189
1531
1532
1533
1801
1538
1539
1540
1182
1191
1545
1546
1547
1552
1553
1554
1805
1194
1558
1559
1806
1195
1561
1562
1564
1565
1195
1567
1568
1570
1571
1764
1197
1573
1574
1765
1577
1578
1579
1597
1599
1601
1602
1604
1606
1608
1610
1769
1194
1584
1585
1586
1691
1196
1591
1592
1593
1692
1771
1195
1598
1599
1600
1197
1605
1606
1607
1774
1612
1613
1614
1696
1618
1619
1839
1621
1622
1624
1625
1775
1841
1627
1628
1776
1200
1274
1471
1200
1202
1355
1472
1203
1473
1203
1491
1513
1203
1358
1492
1494
1208
1209
1210
1225
1232
1239
1208
1209
1226
1208
1210
1233
1577
1209
1210
1240
1578
1230
1237
1231
1243
1238
1244
1580
1215
1216
1217
1225
1232
1215
1216
1328
1477
1215
1217
1227
1330
1564
1216
1217
1234
1479
1565
1229
1331
1236
1480
1230
1237
1566
1222
1223
1224
1225
1239
1222
1224
1335
2616
1222
1223
1228
1337
1570
1223
1224
1241
1571
2618
1229
1338
1231
1243
1572
1245
2620
1229
1230
1231
1230
1231
1229
1230
1343
1229
1231
1344
1345
1236
1237
1238
1237
1238
1567
1598
1236
1237
1499
1568
1236
1238
1500
1599
1501
1569
1601
1243
1244
1245
1243
1244
1573
1605
1243
1245
1574
2638
1244
1245
1606
2639
1575
1608
2642
1248
1254
1273
1248
1255
1354
1256
1251
1261
1300
1251
1262
1360
1263
1256
1257
1258
1266
1257
1258
1277
1374
1256
1257
1278
1256
1258
1268
1375
1270
1280
1272
1377
1263
1264
1265
1266
1264
1265
1304
1381
1263
1264
1305
1263
1265
1269
1382
1271
1307
1272
1384
1270
1271
1272
1270
1271
1270
1272
1389
1271
1272
1390
1391
1275
1278
1275
1279
1281
1280
1281
1282
1290
1280
1282
1470
1280
1281
1281
1282
1292
1471
1294
1296
1474
1287
1288
1289
1290
1288
1289
1328
1477
1287
1288
1297
1329
1287
1289
1293
1298
1478
1295
1299
1332
1296
1481
1294
1295
1296
1294
1295
1294
1296
1485
1295
1296
1486
1488
1299
1348
1299
1504
1302
1305
1302
1306
2254
1308
1307
1308
1309
1317
1307
1309
2609
1307
1308
1308
1309
1319
2610
1321
1323
2613
1314
1315
1316
1317
1315
1316
1335
2616
1314
1315
1324
1336
1314
1316
1320
1325
2617
1322
1326
1339
1323
2621
1321
1322
1323
1321
1322
1321
1323
2624
1322
1323
2625
2628
1326
1351
1326
2643
1331
1332
1333
1341
1331
1332
1332
1333
1348
1331
1333
1343
1349
1345
1346
1350
1338
1339
1340
1341
1338
1339
1339
1340
1351
1338
1340
1344
1352
1345
1347
1353
1345
1346
1347
1346
1347
1345
1346
1345
1347
1350
1350
1564
1353
1353
1570
1356
1375
1356
1358
1376
1359
1378
1359
1395
1411
1359
1396
1398
1362
1382
1362
1364
1383
2255
1365
1385
1365
1402
1417
1365
1403
2258
1405
1370
1371
1372
1387
1394
1401
1370
1371
1388
1370
1372
1395
1421
1371
1372
1402
1422
1392
1398
1393
1405
1399
1406
1424
1377
1378
1379
1387
1394
1377
1379
1470
1377
1378
1389
1378
1379
1396
1472
1391
1392
1398
1400
1475
1384
1385
1386
1387
1401
1384
1386
2609
1384
1385
1390
1385
1386
1403
2611
1391
1393
1405
1407
2614
1391
1392
1393
1392
1393
1391
1392
1391
1393
1398
1399
1400
1398
1399
1442
1398
1400
1492
1399
1400
1443
1493
1445
1495
1405
1406
1407
1405
1406
1449
1405
1407
2631
1406
1407
1450
2632
1452
2635
1410
1412
1429
1510
1410
1430
2704
1413
1431
1413
1442
1413
1444
1514
1446
1416
1418
1436
2650
1416
1437
2710
1419
1438
1419
1449
1419
1451
2653
1453
1424
1425
1426
1441
1448
1455
1424
1425
1442
1424
1426
1449
1425
1426
1456
1445
1452
1446
1459
1453
1460
1431
1432
1433
1441
1455
1432
1433
1524
2723
1431
1432
1444
1525
1431
1433
1457
2725
1446
1459
1447
1527
1461
2728
1438
1439
1440
1448
1455
1439
1440
2663
2730
1438
1439
1451
2665
1438
1440
1458
2732
1453
1460
1454
2668
1461
2735
1445
1446
1447
1445
1446
1445
1447
1539
1446
1447
1540
1541
1452
1453
1454
1452
1453
1452
1454
2685
1453
1454
2686
2689
1459
1460
1461
1459
1460
1459
1461
2752
1460
1461
2753
2756
1466
1467
1468
1483
1490
1497
1466
1467
1484
1466
1468
1491
1517
1467
1468
1498
1518
1487
1494
1489
1502
1496
1503
1520
1473
1474
1475
1483
1490
1474
1475
1473
1474
1485
1473
1475
1492
1487
1494
1488
1495
1480
1481
1482
1483
1497
1480
1481
1481
1482
1486
1504
1480
1482
1499
1505
1501
1488
1489
1502
1506
1487
1488
1489
1487
1489
1487
1488
1488
1489
1494
1495
1496
1494
1496
1538
1494
1495
1495
1496
1539
1542
1501
1502
1503
1502
1503
1507
1545
1501
1502
1508
1501
1503
1546
1509
1548
1506
1506
1508
1565
1509
1509
1561
1509
1568
1512
1514
1525
1512
1526
2261
1515
1528
1515
1538
1515
1540
1543
1520
1521
1522
1537
1544
1551
1520
1521
1538
1520
1522
1545
1521
1522
1552
1542
1548
1543
1555
1549
1556
1527
1528
1529
1537
1551
1527
1529
2819
1527
1528
1540
1528
1529
1553
2821
1541
1543
1555
1557
2824
1534
1535
1536
1544
1551
1535
1536
1584
2826
1534
1535
1547
1558
1585
1534
1536
1554
1559
2828
1549
1556
1560
1550
1587
1557
2831
1541
1542
1543
1542
1543
1541
1542
1541
1543
1548
1549
1550
1548
1549
1561
1548
1550
1599
1549
1550
1562
1600
1563
1602
1555
1556
1557
1555
1556
1555
1557
2848
1556
1557
2849
2852
1560
1562
1618
1560
2854
1563
1563
1563
1622
1566
1566
1568
1569
1569
1621
1569
1572
1572
1574
2644
1575
1575
1627
1575
2647
1580
1581
1582
1597
1604
1611
1580
1581
1598
1580
1582
1605
1581
1582
1612
1601
1608
1603
1615
1609
1616
1587
1588
1589
1597
1611
1587
1589
2280
1587
1588
1600
1618
1588
1589
1613
1619
2282
1602
1603
1615
1620
1617
2285
1594
1595
1596
1604
1611
1595
1596
2287
2670
1594
1596
1607
1624
2672
1594
1595
1614
1625
2289
1609
1616
1626
1617
2292
1610
2675
1601
1602
1603
1601
1603
1621
1601
1602
1602
1603
1622
1623
1608
1609
1610
1608
1609
1627
1608
1610
2692
1609
1610
1628
2693
1629
2696
1615
1616
1617
1615
1616
1615
1617
2309
1616
1617
2310
2313
1620
1622
1620
3016
1623
1623
1623
1626
1628
2698
1626
3022
1629
1629
1629
2701
1641
1643
1693
2279
2280
2283
2285
2286
2287
2290
2292
1645
1648
1650
1704
2333
2334
2337
2338
2340
2341
2344
2345
1652
1655
1657
1715
2387
2388
2391
2392
2394
2395
2398
2399
1659
1662
1664
1726
2441
2442
2445
2446
2448
2449
2452
2453
1666
1669
1671
1737
2495
2496
2499
2500
2502
2503
2506
2507
1673
1676
1678
1748
2549
2550
2553
2554
2556
2557
2560
2561
1680
1682
1683
2588
2589
2592
2593
2595
2597
1760
2608
2609
2613
2614
2615
2616
2620
2621
1643
1769
2662
2663
2667
2668
2669
2670
2674
2675
1641
1643
1784
2722
2723
2727
2728
2729
2730
2734
2735
1642
1644
1646
1793
2776
2777
2781
2782
2783
2784
2788
2789
1802
2818
2819
2823
2824
2825
2826
2829
2831
1645
1648
1811
2872
2873
2876
2878
2879
2880
2884
2885
1822
2920
2921
2925
2926
2927
2928
2931
2932
1645
1650
1831
2974
2975
2978
2980
2981
2982
2986
2987
1844
3034
3035
3038
3039
3041
3042
3045
3046
1648
1650
1861
3100
3101
3104
3106
3107
3108
3111
3113
1649
1651
1653
1870
3154
3155
3159
3160
3161
3162
3166
3167
1879
3196
3197
3201
3202
3203
3204
3207
3208
1652
1655
1888
3250
3251
3254
3256
3257
3258
3262
3263
1899
3298
3299
3303
3304
3305
3306
3309
3310
1652
1657
1908
3352
3353
3356
3358
3359
3360
3364
3365
1921
3412
3413
3416
3417
3419
3420
3423
3424
1655
1657
1938
3478
3479
3482
3484
3485
3486
3489
3491
1656
1658
1660
1947
3532
3533
3537
3538
3539
3540
3544
3545
1956
3574
3575
3579
3580
3581
3582
3585
3586
1659
1662
1965
3628
3629
3632
3634
3635
3636
3640
3641
1976
3676
3677
3681
3682
3683
3684
3687
3688
1659
1664
1985
3730
3731
3734
3736
3737
3738
3742
3743
1998
3790
3791
3794
3795
3797
3798
3801
3802
1662
1664
2015
3856
3857
3860
3862
3863
3864
3867
3869
1663
1665
1667
2024
3910
3911
3915
3916
3917
3918
3922
3923
2033
3952
3953
3957
3958
3959
3960
3963
3964
1666
1669
2042
4006
4007
4010
4012
4013
4014
4018
4019
2053
4054
4055
4059
4060
4061
4062
4065
4066
1666
1671
2062
4108
4109
4112
4114
4115
4116
4120
4121
2075
4168
4169
4172
4173
4175
4176
4179
4180
1669
1671
2092
4234
4235
4238
4240
4241
4242
4245
4247
1670
1672
1674
2101
4288
4289
4293
4294
4295
4296
4300
4301
2110
4330
4331
4335
4336
4337
4338
4341
4342
1673
1676
2119
4384
4385
4388
4390
4391
4392
4396
4397
2130
4432
4433
4437
4438
4439
4440
4443
4444
1673
1678
2139
4486
4487
4490
4492
4493
4494
4498
4499
2152
4546
4547
4550
4551
4553
4554
4557
4558
1676
1678
2169
4612
4613
4616
4618
4619
4620
4623
4625
1677
1679
1681
2178
4666
4667
4671
4672
4673
4674
4678
4679
2187
4708
4709
4713
4714
4715
4716
4719
4720
1680
1682
2196
4762
4763
4766
4768
4769
4770
4774
4775
2207
4810
4811
4815
4816
4817
4818
4821
4822
1680
1683
2216
4864
4865
4868
4870
4871
4872
4876
4877
2229
4924
4925
4928
4929
4931
4932
4935
4936
1682
1683
4977
4978
4981
4983
4984
4985
4988
4990
4998
4999
5003
5004
5005
5006
5009
5010
5022
5024
5025
5027
1758
2254
2255
1762
1767
2257
2258
1777
1800
2260
2261
1778
1803
1809
2263
2264
1766
1779
1820
2266
2267
1780
1824
1829
2269
2270
1843
2273
2274
2275
1801
1839
2280
2281
2282
1821
1841
2287
2288
2289
1802
1822
1844
2293
2296
2297
2299
2300
2303
2304
2306
1804
1840
1847
2294
2295
2296
1825
1842
1848
2301
2302
2303
2308
2309
2310
1808
1854
1877
2314
2315
1855
1881
1886
2317
2318
1828
1856
1897
2320
2321
1857
1901
1906
2323
2324
1920
2327
2328
2329
1845
1878
1916
2334
2335
2336
1846
1898
1918
2341
2342
2343
1879
1899
1921
2354
2357
2358
2360
2361
2364
2365
2367
1849
2348
2349
2350
1882
1917
1924
2355
2356
2357
1902
1919
1925
2362
2363
2364
1885
1931
1954
2368
2369
1932
1958
1963
2371
2372
1905
1933
1974
2374
2375
1934
1978
1983
2377
2378
1997
2381
2382
2383
1922
1955
1993
2388
2389
2390
1923
1975
1995
2395
2396
2397
1956
1976
1998
2408
2411
2412
2414
2415
2418
2419
2421
1926
2402
2403
2404
1959
1994
2001
2409
2410
2411
1979
1996
2002
2416
2417
2418
1962
2008
2031
2422
2423
2009
2035
2040
2425
2426
1982
2010
2051
2428
2429
2011
2055
2060
2431
2432
2074
2435
2436
2437
1999
2032
2070
2442
2443
2444
2000
2052
2072
2449
2450
2451
2033
2053
2075
2462
2465
2466
2468
2469
2472
2473
2475
2003
2456
2457
2458
2036
2071
2078
2463
2464
2465
2056
2073
2079
2470
2471
2472
2039
2085
2108
2476
2477
2086
2112
2117
2479
2480
2059
2087
2128
2482
2483
2088
2132
2137
2485
2486
2151
2489
2490
2491
2076
2109
2147
2496
2497
2498
2077
2129
2149
2503
2504
2505
2110
2130
2152
2516
2519
2520
2522
2523
2526
2527
2529
2080
2510
2511
2512
2113
2148
2155
2517
2518
2519
2133
2150
2156
2524
2525
2526
2116
2162
2185
2530
2531
2163
2189
2194
2533
2534
2136
2164
2205
2536
2537
2165
2209
2214
2539
2540
2228
2543
2544
2545
2153
2186
2224
2550
2551
2552
2154
2206
2226
2557
2558
2559
2187
2207
2229
2570
2573
2574
2576
2577
2580
2581
2583
2157
2564
2565
2566
2190
2225
2232
2571
2572
2573
2210
2227
2233
2578
2579
2580
2193
2239
2244
2584
2585
2213
2240
2248
2587
2230
2245
2252
2589
2590
2591
2231
2249
2253
2595
2596
2234
2598
2599
1768
2602
2603
2604
2609
2610
2611
1764
2616
2617
2618
1769
2629
2632
2634
2635
2636
2639
2641
2642
2623
2624
2625
1773
2630
2631
2632
1765
1774
2637
2638
2639
2643
2644
1776
2646
2647
1770
2649
2650
1773
2652
2653
2656
2657
2658
2683
2685
2687
2689
2690
2692
2694
2696
1820
2663
2664
2665
1775
1821
2670
2671
2672
1823
2677
2678
2679
2684
2685
2686
1776
2691
2692
2693
1826
2697
2698
2700
2701
1782
2703
2704
1785
1789
2706
2707
1783
2709
2710
1786
1791
2712
2713
1792
2716
2717
2718
1800
2723
2724
2725
1820
2730
2731
2732
1793
1802
1822
2736
2739
2741
2742
2743
2746
2748
2749
1796
1803
2737
2738
2739
1797
1824
2744
2745
2746
2751
2752
2753
1794
1808
1854
2757
2758
1796
1809
2760
2761
1795
1828
1856
2763
2764
1797
1829
2766
2767
2770
2771
2772
1811
1831
2790
2792
2794
2796
2797
2799
2801
2803
1812
1859
2777
2778
2779
1832
1860
2784
2785
2786
1814
2791
2792
2793
1834
2798
2799
2800
1862
2805
2806
2807
1810
2812
2813
2814
2819
2820
2821
1806
2826
2827
2828
1811
2832
2835
2837
2838
2839
2842
2843
2845
1814
2833
2834
2835
1807
1815
2840
2841
2842
2847
2848
2849
1839
2853
2854
1818
1840
2856
2857
1812
2859
2860
1814
2862
2863
2866
2867
2868
1844
2886
2888
2890
2891
2893
2895
2897
2899
1877
2873
2874
2875
1817
1845
1878
2880
2881
2882
2887
2888
2889
1818
1847
2894
2895
2896
1880
2901
2902
2903
1850
1883
2907
2908
1851
2910
2911
1830
2914
2915
2916
2921
2922
2923
1826
2928
2929
2930
1831
2941
2944
2946
2947
2948
2951
2952
2954
2935
2936
2937
1834
2942
2943
2944
1827
1835
2949
2950
2951
1841
2955
2956
1838
1842
2958
2959
1832
2961
2962
1834
2964
2965
2968
2969
2970
1844
2988
2990
2992
2993
2995
2997
2999
3001
1897
2975
2976
2977
1837
1846
1898
2982
2983
2984
2989
2990
2991
1838
1848
2996
2997
2998
1900
3003
3004
3005
1852
1903
3009
3010
1853
3012
3013
3015
3016
1851
3018
3019
3021
3022
1853
3024
3025
3028
3029
3030
3048
3050
3052
3053
3055
3057
3059
3060
1850
3035
3036
3037
1852
3042
3043
3044
1851
3049
3050
3051
1853
3056
3057
3058
3063
3064
3065
1916
3069
3070
3072
3073
1918
3075
3076
3078
3079
1859
3081
3082
1863
1866
3084
3085
1860
3087
3088
1864
1868
3090
3091
1869
3094
3095
3096
1877
3101
3102
3103
1897
3108
3109
3110
1870
1879
1899
3121
3124
3126
3127
3128
3131
3133
3134
3115
3116
3117
1873
1881
3122
3123
3124
1874
1901
3129
3130
3131
1871
1885
1931
3135
3136
1873
1886
3138
3139
1872
1905
1933
3141
3142
1874
1906
3144
3145
3148
3149
3150
1888
1908
3168
3170
3172
3174
3175
3177
3179
3181
1889
1936
3155
3156
3157
1909
1937
3162
3163
3164
1891
3169
3170
3171
1911
3176
3177
3178
1939
3183
3184
3185
1887
3190
3191
3192
3197
3198
3199
1883
3204
3205
3206
1888
3217
3220
3222
3223
3224
3227
3228
3230
3211
3212
3213
1891
3218
3219
3220
1884
1892
3225
3226
3227
1916
3231
3232
1895
1917
3234
3235
1889
3237
3238
1891
3240
3241
3244
3245
3246
1921
3264
3266
3268
3269
3271
3273
3275
3277
1954
3251
3252
3253
1894
1922
1955
3258
3259
3260
3265
3266
3267
1895
1924
3272
3273
3274
1957
3279
3280
3281
1927
1960
3285
3286
1928
3288
3289
1907
3292
3293
3294
3299
3300
3301
1903
3306
3307
3308
1908
3319
3322
3324
3325
3326
3329
3330
3332
3313
3314
3315
1911
3320
3321
3322
1904
1912
3327
3328
3329
1918
3333
3334
1915
1919
3336
3337
1909
3339
3340
1911
3342
3343
3346
3347
3348
1921
3366
3368
3370
3371
3373
3375
3377
3379
1974
3353
3354
3355
1914
1923
1975
3360
3361
3362
3367
3368
3369
1915
1925
3374
3375
3376
1977
3381
3382
3383
1929
1980
3387
3388
1930
3390
3391
3393
3394
1928
3396
3397
3399
3400
1930
3402
3403
3406
3407
3408
3426
3428
3430
3431
3433
3435
3437
3438
1927
3413
3414
3415
1929
3420
3421
3422
1928
3427
3428
3429
1930
3434
3435
3436
3441
3442
3443
1993
3447
3448
3450
3451
1995
3453
3454
3456
3457
1936
3459
3460
1940
1943
3462
3463
1937
3465
3466
1941
1945
3468
3469
1946
3472
3473
3474
1954
3479
3480
3481
1974
3486
3487
3488
1947
1956
1976
3499
3502
3504
3505
3506
3509
3511
3512
3493
3494
3495
1950
1958
3500
3501
3502
1951
1978
3507
3508
3509
1948
1962
2008
3513
3514
1950
1963
3516
3517
1949
1982
2010
3519
3520
1951
1983
3522
3523
3526
3527
3528
1965
1985
3546
3548
3550
3552
3553
3555
3557
3559
1966
2013
3533
3534
3535
1986
2014
3540
3541
3542
1968
3547
3548
3549
1988
3554
3555
3556
2016
3561
3562
3563
1964
3568
3569
3570
3575
3576
3577
1960
3582
3583
3584
1965
3595
3598
3600
3601
3602
3605
3606
3608
3589
3590
3591
1968
3596
3597
3598
1961
1969
3603
3604
3605
1993
3609
3610
1972
1994
3612
3613
1966
3615
3616
1968
3618
3619
3622
3623
3624
1998
3642
3644
3646
3647
3649
3651
3653
3655
2031
3629
3630
3631
1971
1999
2032
3636
3637
3638
3643
3644
3645
1972
2001
3650
3651
3652
2034
3657
3658
3659
2004
2037
3663
3664
2005
3666
3667
1984
3670
3671
3672
3677
3678
3679
1980
3684
3685
3686
1985
3697
3700
3702
3703
3704
3707
3708
3710
3691
3692
3693
1988
3698
3699
3700
1981
1989
3705
3706
3707
1995
3711
3712
1992
1996
3714
3715
1986
3717
3718
1988
3720
3721
3724
3725
3726
1998
3744
3746
3748
3749
3751
3753
3755
3757
2051
3731
3732
3733
1991
2000
2052
3738
3739
3740
3745
3746
3747
1992
2002
3752
3753
3754
2054
3759
3760
3761
2006
2057
3765
3766
2007
3768
3769
3771
3772
2005
3774
3775
3777
3778
2007
3780
3781
3784
3785
3786
3804
3806
3808
3809
3811
3813
3815
3816
2004
3791
3792
3793
2006
3798
3799
3800
2005
3805
3806
3807
2007
3812
3813
3814
3819
3820
3821
2070
3825
3826
3828
3829
2072
3831
3832
3834
3835
2013
3837
3838
2017
2020
3840
3841
2014
3843
3844
2018
2022
3846
3847
2023
3850
3851
3852
2031
3857
3858
3859
2051
3864
3865
3866
2024
2033
2053
3877
3880
3882
3883
3884
3887
3889
3890
3871
3872
3873
2027
2035
3878
3879
3880
2028
2055
3885
3886
3887
2025
2039
2085
3891
3892
2027
2040
3894
3895
2026
2059
2087
3897
3898
2028
2060
3900
3901
3904
3905
3906
2042
2062
3924
3926
3928
3930
3931
3933
3935
3937
2043
2090
3911
3912
3913
2063
2091
3918
3919
3920
2045
3925
3926
3927
2065
3932
3933
3934
2093
3939
3940
3941
2041
3946
3947
3948
3953
3954
3955
2037
3960
3961
3962
2042
3973
3976
3978
3979
3980
3983
3984
3986
3967
3968
3969
2045
3974
3975
3976
2038
2046
3981
3982
3983
2070
3987
3988
2049
2071
3990
3991
2043
3993
3994
2045
3996
3997
4000
4001
4002
2075
4020
4022
4024
4025
4027
4029
4031
4033
2108
4007
4008
4009
2048
2076
2109
4014
4015
4016
4021
4022
4023
2049
2078
4028
4029
4030
2111
4035
4036
4037
2081
2114
4041
4042
2082
4044
4045
2061
4048
4049
4050
4055
4056
4057
2057
4062
4063
4064
2062
4075
4078
4080
4081
4082
4085
4086
4088
4069
4070
4071
2065
4076
4077
4078
2058
2066
4083
4084
4085
2072
4089
4090
2069
2073
4092
4093
2063
4095
4096
2065
4098
4099
4102
4103
4104
2075
4122
4124
4126
4127
4129
4131
4133
4135
2128
4109
4110
4111
2068
2077
2129
4116
4117
4118
4123
4124
4125
2069
2079
4130
4131
4132
2131
4137
4138
4139
2083
2134
4143
4144
2084
4146
4147
4149
4150
2082
4152
4153
4155
4156
2084
4158
4159
4162
4163
4164
4182
4184
4186
4187
4189
4191
4193
4194
2081
4169
4170
4171
2083
4176
4177
4178
2082
4183
4184
4185
2084
4190
4191
4192
4197
4198
4199
2147
4203
4204
4206
4207
2149
4209
4210
4212
4213
2090
4215
4216
2094
2097
4218
4219
2091
4221
4222
2095
2099
4224
4225
2100
4228
4229
4230
2108
4235
4236
4237
2128
4242
4243
4244
2101
2110
2130
4255
4258
4260
4261
4262
4265
4267
4268
4249
4250
4251
2104
2112
4256
4257
4258
2105
2132
4263
4264
4265
2102
2116
2162
4269
4270
2104
2117
4272
4273
2103
2136
2164
4275
4276
2105
2137
4278
4279
4282
4283
4284
2119
2139
4302
4304
4306
4308
4309
4311
4313
4315
2120
2167
4289
4290
4291
2140
2168
4296
4297
4298
2122
4303
4304
4305
2142
4310
4311
4312
2170
4317
4318
4319
2118
4324
4325
4326
4331
4332
4333
2114
4338
4339
4340
2119
4351
4354
4356
4357
4358
4361
4362
4364
4345
4346
4347
2122
4352
4353
4354
2115
2123
4359
4360
4361
2147
4365
4366
2126
2148
4368
4369
2120
4371
4372
2122
4374
4375
4378
4379
4380
2152
4398
4400
4402
4403
4405
4407
4409
4411
2185
4385
4386
4387
2125
2153
2186
4392
4393
4394
4399
4400
4401
2126
2155
4406
4407
4408
2188
4413
4414
4415
2158
2191
4419
4420
2159
4422
4423
2138
4426
4427
4428
4433
4434
4435
2134
4440
4441
4442
2139
4453
4456
4458
4459
4460
4463
4464
4466
4447
4448
4449
2142
4454
4455
4456
2135
2143
4461
4462
4463
2149
4467
4468
2146
2150
4470
4471
2140
4473
4474
2142
4476
4477
4480
4481
4482
2152
4500
4502
4504
4505
4507
4509
4511
4513
2205
4487
4488
4489
2145
2154
2206
4494
4495
4496
4501
4502
4503
2146
2156
4508
4509
4510
2208
4515
4516
4517
2160
2211
4521
4522
2161
4524
4525
4527
4528
2159
4530
4531
4533
4534
2161
4536
4537
4540
4541
4542
4560
4562
4564
4565
4567
4569
4571
4572
2158
4547
4548
4549
2160
4554
4555
4556
2159
4561
4562
4563
2161
4568
4569
4570
4575
4576
4577
2224
4581
4582
4584
4585
2226
4587
4588
4590
4591
2167
4593
4594
2171
2174
4596
4597
2168
4599
4600
2172
2176
4602
4603
2177
4606
4607
4608
2185
4613
4614
4615
2205
4620
4621
4622
2178
2187
2207
4633
4636
4638
4639
4640
4643
4645
4646
4627
4628
4629
2181
2189
4634
4635
4636
2182
2209
4641
4642
4643
2179
2193
2239
4647
4648
2181
2194
4650
4651
2180
2213
2240
4653
4654
2182
2214
4656
4657
4660
4661
4662
2196
2216
4680
4682
4684
4686
4687
4689
4691
4693
2197
2241
4667
4668
4669
2217
2242
4674
4675
4676
2199
4681
4682
4683
2219
4688
4689
4690
2243
4695
4696
4697
2195
4702
4703
4704
4709
4710
4711
2191
4716
4717
4718
2196
4729
4732
4734
4735
4736
4739
4740
4742
4723
4724
4725
2199
4730
4731
4732
2192
2200
4737
4738
4739
2224
4743
4744
2203
2225
4746
4747
2197
4749
4750
2199
4752
4753
4756
4757
4758
2229
4776
4778
4780
4781
4783
4785
4787
4789
2244
4763
4764
4765
2202
2230
2245
4770
4771
4772
4777
4778
4779
2203
2232
4784
4785
4786
2246
4791
4792
4793
2235
2247
4797
4798
2236
4800
4801
2215
4804
4805
4806
4811
4812
4813
2211
4818
4819
4820
2216
4831
4834
4836
4837
4838
4841
4842
4844
4825
4826
4827
2219
4832
4833
4834
2212
2220
4839
4840
4841
2226
4845
4846
2223
2227
4848
4849
2217
4851
4852
2219
4854
4855
4858
4859
4860
2229
4878
4880
4882
4883
4885
4887
4889
4891
2248
4865
4866
4867
2222
2231
2249
4872
4873
4874
4879
4880
4881
2223
2233
4886
4887
4888
2250
4893
4894
4895
2237
2251
4899
4900
2238
4902
4903
4905
4906
2236
4908
4909
4911
4912
2238
4914
4915
4918
4919
4920
4938
4940
4942
4943
4945
4947
4949
4950
2235
4925
4926
4927
2237
4932
4933
4934
2236
4939
4940
4941
2238
4946
4947
4948
4953
4954
4955
2252
4959
4960
4962
4963
2253
4965
4966
4968
4969
2241
4971
4972
2242
4974
4975
2244
4978
4979
4980
2248
4985
4986
4987
4992
4993
4994
4999
5000
5001
2247
5006
5007
5008
5013
5014
5015
2252
5019
5020
5022
5023
2251
5025
5026
5028
5029
2253
5031
5032
5033
5035
2256
2610
2256
2258
2611
2259
2612
2259
2630
2652
2259
2631
2633
2262
2264
2703
2820
2262
2821
2265
2822
2265
2833
2862
2265
2707
2834
2836
2268
2649
2922
2268
2270
2709
2923
2271
2924
2271
2942
2964
2271
2713
2943
2945
2276
2277
2278
2293
2300
2307
2276
2278
2294
3028
2277
2278
2301
3029
2276
2277
2308
2298
2311
2305
2312
2299
2306
3031
2283
2284
2285
2293
2307
2283
2285
2826
2283
2284
2295
2827
3015
2284
2285
2309
3016
2297
2829
2298
2311
3017
2313
2290
2291
2292
2300
2307
2290
2292
2928
2290
2291
2302
2930
3021
2291
2292
2310
3022
2304
2931
2305
2312
3023
2313
2297
2298
2299
2298
2299
3018
3049
2297
2298
2841
3019
2297
2299
2842
3050
2843
3020
3052
2304
2305
2306
2305
2306
3024
3056
2304
2305
2950
3025
2304
2306
2951
3057
2952
3026
3059
2311
2312
2313
2311
2312
2311
2313
2312
2313
2316
2860
3198
2316
2318
3082
3199
2319
3200
2319
3218
3240
2319
3085
3219
3221
2322
2962
3300
2322
2324
3088
3301
2325
3302
2325
3320
3342
2325
3091
3321
3323
2330
2331
2332
2347
2354
2361
2330
2331
2348
2330
2332
2355
3406
2331
2332
2362
3407
2352
2359
2353
2366
2360
2367
3409
2337
2338
2339
2347
2354
2337
2338
3035
3204
2337
2339
2349
3037
3393
2338
2339
2356
3206
3394
2351
3038
2358
3207
2352
2359
3395
2344
2345
2346
2347
2361
2344
2345
3042
3306
2344
2346
2350
3044
3399
2345
2346
2363
3308
3400
2351
3045
2365
3309
2353
2366
3401
2351
2352
2353
2352
2353
2351
2352
3064
2351
2353
3065
3066
2358
2359
2360
2359
2360
3396
3427
2358
2359
3226
3397
2358
2360
3227
3428
3228
3398
3430
2365
2366
2367
2366
2367
3402
3434
2365
2366
3328
3403
2365
2367
3329
3435
3330
3404
3437
2370
3238
3576
2370
2372
3460
3577
2373
3578
2373
3596
3618
2373
3463
3597
3599
2376
3340
3678
2376
2378
3466
3679
2379
3680
2379
3698
3720
2379
3469
3699
3701
2384
2385
2386
2401
2408
2415
2384
2385
2402
2384
2386
2409
3784
2385
2386
2416
3785
2406
2413
2407
2420
2414
2421
3787
2391
2392
2393
2401
2408
2391
2392
3413
3582
2391
2393
2403
3415
3771
2392
2393
2410
3584
3772
2405
3416
2412
3585
2406
2413
3773
2398
2399
2400
2401
2415
2398
2399
3420
3684
2398
2400
2404
3422
3777
2399
2400
2417
3686
3778
2405
3423
2419
3687
2407
2420
3779
2405
2406
2407
2406
2407
2405
2406
3442
2405
2407
3443
3444
2412
2413
2414
2413
2414
3774
3805
2412
2413
3604
3775
2412
2414
3605
3806
3606
3776
3808
2419
2420
2421
2420
2421
3780
3812
2419
2420
3706
3781
2419
2421
3707
3813
3708
3782
3815
2424
3616
3954
2424
2426
3838
3955
2427
3956
2427
3974
3996
2427
3841
3975
3977
2430
3718
4056
2430
2432
3844
4057
2433
4058
2433
4076
4098
2433
3847
4077
4079
2438
2439
2440
2455
2462
2469
2438
2439
2456
2438
2440
2463
4162
2439
2440
2470
4163
2460
2467
2461
2474
2468
2475
4165
2445
2446
2447
2455
2462
2445
2446
3791
3960
2445
2447
2457
3793
4149
2446
2447
2464
3962
4150
2459
3794
2466
3963
2460
2467
4151
2452
2453
2454
2455
2469
2452
2453
3798
4062
2452
2454
2458
3800
4155
2453
2454
2471
4064
4156
2459
3801
2473
4065
2461
2474
4157
2459
2460
2461
2460
2461
2459
2460
3820
2459
2461
3821
3822
2466
2467
2468
2467
2468
4152
4183
2466
2467
3982
4153
2466
2468
3983
4184
3984
4154
4186
2473
2474
2475
2474
2475
4158
4190
2473
2474
4084
4159
2473
2475
4085
4191
4086
4160
4193
2478
3994
4332
2478
2480
4216
4333
2481
4334
2481
4352
4374
2481
4219
4353
4355
2484
4096
4434
2484
2486
4222
4435
2487
4436
2487
4454
4476
2487
4225
4455
4457
2492
2493
2494
2509
2516
2523
2492
2493
2510
2492
2494
2517
4540
2493
2494
2524
4541
2514
2521
2515
2528
2522
2529
4543
2499
2500
2501
2509
2516
2499
2500
4169
4338
2499
2501
2511
4171
4527
2500
2501
2518
4340
4528
2513
4172
2520
4341
2514
2521
4529
2506
2507
2508
2509
2523
2506
2507
4176
4440
2506
2508
2512
4178
4533
2507
2508
2525
4442
4534
2513
4179
2527
4443
2515
2528
4535
2513
2514
2515
2514
2515
2513
2514
4198
2513
2515
4199
4200
2520
2521
2522
2521
2522
4530
4561
2520
2521
4360
4531
2520
2522
4361
4562
4362
4532
4564
2527
2528
2529
2528
2529
4536
4568
2527
2528
4462
4537
2527
2529
4463
4569
4464
4538
4571
2532
4372
4710
2532
2534
4594
4711
2535
4712
2535
4730
4752
2535
4597
4731
4733
2538
4474
4812
2538
2540
4600
4813
2541
4814
2541
4832
4854
2541
4603
4833
4835
2546
2547
2548
2563
2570
2577
2546
2547
2564
2546
2548
2571
4918
2547
2548
2578
4919
2568
2575
2569
2582
2576
2583
4921
2553
2554
2555
2563
2570
2553
2554
4547
4716
2553
2555
2565
4549
4905
2554
2555
2572
4718
4906
2567
4550
2574
4719
2568
2575
4907
2560
2561
2562
2563
2577
2560
2561
4554
4818
2560
2562
2566
4556
4911
2561
2562
2579
4820
4912
2567
4557
2581
4821
2569
2582
4913
2567
2568
2569
2568
2569
2567
2568
4576
2567
2569
4577
4578
2574
2575
2576
2575
2576
4908
4939
2574
2575
4738
4909
2574
2576
4739
4940
4740
4910
4942
2581
2582
2583
2582
2583
4914
4946
2581
2582
4840
4915
2581
2583
4841
4947
4842
4916
4949
2586
4750
5000
2586
4972
5001
5002
4852
5023
2592
2593
2594
2592
2593
4925
5006
2592
2594
2598
4927
5032
2593
2594
5008
5033
2600
4928
5009
5034
2597
4932
5025
2597
2599
4934
5035
2600
4935
2600
4954
2600
4955
4956
2605
2606
2607
2622
2629
2636
2605
2606
2623
2605
2607
2630
2657
2606
2607
2637
2658
2626
2633
2627
2640
2634
2641
2659
2612
2613
2614
2622
2629
2613
2614
2612
2613
2624
2612
2614
2631
2626
2633
2628
2635
2619
2620
2621
2622
2636
2620
2621
2619
2621
2625
2643
2619
2620
2638
2644
2627
2640
2645
2642
2628
2626
2627
2628
2626
2627
2626
2628
2627
2628
2633
2634
2635
2633
2634
2684
2633
2635
2634
2635
2685
2687
2640
2641
2642
2640
2641
2646
2691
2640
2642
2647
2641
2642
2692
2648
2694
2645
2645
2647
2648
2648
2700
2648
2651
2664
2651
2653
2665
2654
2666
2654
2684
2654
2686
2688
2659
2660
2661
2676
2683
2690
2660
2661
2677
2659
2660
2684
2659
2661
2691
2687
2694
2680
2688
2681
2695
2666
2667
2668
2676
2683
2667
2668
2921
2666
2667
2678
2922
2666
2668
2686
2680
2688
2682
2925
2689
2673
2674
2675
2676
2690
2674
2675
2928
2673
2674
2679
2697
2929
2673
2675
2693
2698
2681
2695
2699
2682
2932
2696
2680
2681
2682
2680
2681
2680
2682
2936
2681
2682
2937
2939
2687
2688
2689
2687
2688
2687
2689
2688
2689
2694
2695
2696
2694
2695
2700
2694
2696
2695
2696
2701
2702
2699
2955
2699
2701
2702
2702
2702
2705
2707
2724
2705
2725
2708
2726
2708
2737
2760
2708
2738
2740
2711
2713
2731
2711
2732
2714
2733
2714
2744
2766
2714
2745
2747
2719
2720
2721
2736
2743
2750
2719
2721
2737
2770
2720
2721
2744
2771
2719
2720
2751
2740
2754
2747
2755
2741
2748
2773
2726
2727
2728
2736
2750
2727
2728
2819
2726
2727
2738
2820
2726
2728
2752
2740
2754
2742
2823
2756
2733
2734
2735
2743
2750
2734
2735
2921
2733
2734
2745
2923
2733
2735
2753
2747
2755
2749
2926
2756
2740
2741
2742
2740
2741
2791
2740
2742
2834
2741
2742
2792
2835
2794
2837
2747
2748
2749
2747
2748
2798
2747
2749
2943
2748
2749
2799
2944
2801
2946
2754
2755
2756
2754
2755
2754
2756
2755
2756
2759
2761
2778
2859
2759
2779
3081
2762
2780
2762
2791
2762
2793
2863
2795
2765
2767
2785
2961
2765
2786
3087
2768
2787
2768
2798
2768
2800
2965
2802
2773
2774
2775
2790
2797
2804
2773
2774
2791
2773
2775
2798
2774
2775
2805
2794
2801
2795
2808
2802
2809
2780
2781
2782
2790
2804
2781
2782
2873
3101
2780
2781
2793
2874
2780
2782
2806
3102
2795
2808
2796
2876
2810
3104
2787
2788
2789
2797
2804
2788
2789
2975
3108
2787
2788
2800
2976
2787
2789
2807
3109
2802
2809
2803
2978
2810
3111
2794
2795
2796
2794
2795
2794
2796
2888
2795
2796
2889
2890
2801
2802
2803
2801
2802
2801
2803
2990
2802
2803
2991
2992
2808
2809
2810
2808
2809
2808
2810
3116
2809
2810
3117
3118
2815
2816
2817
2832
2839
2846
2815
2817
2833
2866
2816
2817
2840
2867
2815
2816
2847
2836
2850
2844
2851
2838
2845
2869
2822
2823
2824
2832
2846
2823
2824
2822
2823
2834
2822
2824
2848
2836
2850
2837
2852
2829
2830
2831
2839
2846
2829
2831
2829
2830
2841
2853
2830
2831
2849
2854
2843
2844
2851
2855
2852
2836
2837
2838
2836
2838
2887
2836
2837
2837
2838
2888
2891
2843
2844
2845
2844
2845
2856
2894
2843
2844
2857
2843
2845
2895
2858
2897
2850
2851
2852
2850
2851
2850
2852
2851
2852
2855
2857
3015
2855
2858
2858
2910
2858
3019
2861
2863
2874
2861
2875
2864
2877
2864
2887
2864
2889
2892
2869
2870
2871
2886
2893
2900
2869
2870
2887
2869
2871
2894
2870
2871
2901
2891
2897
2892
2904
2898
2905
2876
2877
2878
2886
2900
2876
2878
3197
2876
2877
2889
2877
2878
2902
3198
2890
2892
2904
2906
3201
2883
2884
2885
2893
2900
2884
2885
3035
3204
2883
2884
2896
2907
3036
2883
2885
2903
2908
3205
2898
2905
2909
2899
3039
2906
3208
2890
2891
2892
2891
2892
2890
2891
2890
2892
2897
2898
2899
2897
2898
2910
2897
2899
3050
2898
2899
2911
3051
2912
3053
2904
2905
2906
2904
2905
2904
2906
3212
2905
2906
3213
3215
2909
2911
3069
2909
3231
2912
2912
2912
3073
2917
2918
2919
2934
2941
2948
2917
2918
2935
2917
2919
2942
2968
2918
2919
2949
2969
2938
2945
2940
2953
2947
2954
2971
2924
2925
2926
2934
2941
2925
2926
2924
2925
2936
2924
2926
2943
2938
2945
2939
2946
2931
2932
2933
2934
2948
2931
2932
2932
2933
2937
2955
2931
2933
2950
2956
2952
2939
2940
2953
2957
2938
2939
2940
2938
2940
2938
2939
2939
2940
2945
2946
2947
2945
2947
2989
2945
2946
2946
2947
2990
2993
2952
2953
2954
2953
2954
2958
2996
2952
2953
2959
2952
2954
2997
2960
2999
2957
2957
2959
3021
2960
2960
3012
2960
3025
2963
2965
2976
2963
2977
2966
2979
2966
2989
2966
2991
2994
2971
2972
2973
2988
2995
3002
2971
2972
2989
2971
2973
2996
2972
2973
3003
2993
2999
2994
3006
3000
3007
2978
2979
2980
2988
3002
2978
2980
3299
2978
2979
2991
2979
2980
3004
3300
2992
2994
3006
3008
3303
2985
2986
2987
2995
3002
2986
2987
3042
3306
2985
2986
2998
3009
3043
2985
2987
3005
3010
3307
3000
3007
3011
3001
3046
3008
3310
2992
2993
2994
2993
2994
2992
2993
2992
2994
2999
3000
3001
2999
3000
3012
2999
3001
3057
3000
3001
3013
3058
3014
3060
3006
3007
3008
3006
3007
3006
3008
3314
3007
3008
3315
3317
3011
3013
3075
3011
3333
3014
3014
3014
3079
3017
3019
3017
3020
3020
3072
3020
3023
3025
3023
3026
3026
3078
3026
3031
3032
3033
3048
3055
3062
3031
3032
3049
3031
3033
3056
3032
3033
3063
3052
3059
3054
3067
3061
3068
3038
3039
3040
3048
3062
3038
3039
3039
3040
3051
3069
3038
3040
3064
3070
3066
3053
3054
3067
3071
3045
3046
3047
3055
3062
3045
3046
3046
3047
3058
3075
3045
3047
3065
3076
3066
3060
3061
3068
3077
3052
3053
3054
3052
3054
3072
3052
3053
3053
3054
3073
3074
3059
3060
3061
3059
3061
3078
3059
3060
3060
3061
3079
3080
3066
3067
3068
3067
3068
3066
3067
3066
3068
3071
3073
3071
3393
3074
3074
3074
3077
3079
3077
3399
3080
3080
3080
3083
3102
3083
3085
3103
3086
3105
3086
3122
3138
3086
3123
3125
3089
3109
3089
3091
3110
3092
3112
3092
3129
3144
3092
3130
3132
3097
3098
3099
3114
3121
3128
3097
3098
3115
3097
3099
3122
3148
3098
3099
3129
3149
3119
3125
3120
3132
3126
3133
3151
3104
3105
3106
3114
3121
3104
3106
3197
3104
3105
3116
3105
3106
3123
3199
3118
3119
3125
3127
3202
3111
3112
3113
3114
3128
3111
3113
3299
3111
3112
3117
3112
3113
3130
3301
3118
3120
3132
3134
3304
3118
3119
3120
3119
3120
3118
3119
3118
3120
3125
3126
3127
3125
3126
3169
3125
3127
3219
3126
3127
3170
3220
3172
3222
3132
3133
3134
3132
3133
3176
3132
3134
3321
3133
3134
3177
3322
3179
3324
3137
3139
3156
3237
3137
3157
3459
3140
3158
3140
3169
3140
3171
3241
3173
3143
3145
3163
3339
3143
3164
3465
3146
3165
3146
3176
3146
3178
3343
3180
3151
3152
3153
3168
3175
3182
3151
3152
3169
3151
3153
3176
3152
3153
3183
3172
3179
3173
3186
3180
3187
3158
3159
3160
3168
3182
3159
3160
3251
3479
3158
3159
3171
3252
3158
3160
3184
3480
3173
3186
3174
3254
3188
3482
3165
3166
3167
3175
3182
3166
3167
3353
3486
3165
3166
3178
3354
3165
3167
3185
3487
3180
3187
3181
3356
3188
3489
3172
3173
3174
3172
3173
3172
3174
3266
3173
3174
3267
3268
3179
3180
3181
3179
3180
3179
3181
3368
3180
3181
3369
3370
3186
3187
3188
3186
3187
3186
3188
3494
3187
3188
3495
3496
3193
3194
3195
3210
3217
3224
3193
3194
3211
3193
3195
3218
3244
3194
3195
3225
3245
3214
3221
3216
3229
3223
3230
3247
3200
3201
3202
3210
3217
3201
3202
3200
3201
3212
3200
3202
3219
3214
3221
3215
3222
3207
3208
3209
3210
3224
3207
3208
3208
3209
3213
3231
3207
3209
3226
3232
3228
3215
3216
3229
3233
3214
3215
3216
3214
3216
3214
3215
3215
3216
3221
3222
3223
3221
3223
3265
3221
3222
3222
3223
3266
3269
3228
3229
3230
3229
3230
3234
3272
3228
3229
3235
3228
3230
3273
3236
3275
3233
3233
3235
3394
3236
3236
3288
3236
3397
3239
3241
3252
3239
3253
3242
3255
3242
3265
3242
3267
3270
3247
3248
3249
3264
3271
3278
3247
3248
3265
3247
3249
3272
3248
3249
3279
3269
3275
3270
3282
3276
3283
3254
3255
3256
3264
3278
3254
3256
3575
3254
3255
3267
3255
3256
3280
3576
3268
3270
3282
3284
3579
3261
3262
3263
3271
3278
3262
3263
3413
3582
3261
3262
3274
3285
3414
3261
3263
3281
3286
3583
3276
3283
3287
3277
3417
3284
3586
3268
3269
3270
3269
3270
3268
3269
3268
3270
3275
3276
3277
3275
3276
3288
3275
3277
3428
3276
3277
3289
3429
3290
3431
3282
3283
3284
3282
3283
3282
3284
3590
3283
3284
3591
3593
3287
3289
3447
3287
3609
3290
3290
3290
3451
3295
3296
3297
3312
3319
3326
3295
3296
3313
3295
3297
3320
3346
3296
3297
3327
3347
3316
3323
3318
3331
3325
3332
3349
3302
3303
3304
3312
3319
3303
3304
3302
3303
3314
3302
3304
3321
3316
3323
3317
3324
3309
3310
3311
3312
3326
3309
3310
3310
3311
3315
3333
3309
3311
3328
3334
3330
3317
3318
3331
3335
3316
3317
3318
3316
3318
3316
3317
3317
3318
3323
3324
3325
3323
3325
3367
3323
3324
3324
3325
3368
3371
3330
3331
3332
3331
3332
3336
3374
3330
3331
3337
3330
3332
3375
3338
3377
3335
3335
3337
3400
3338
3338
3390
3338
3403
3341
3343
3354
3341
3355
3344
3357
3344
3367
3344
3369
3372
3349
3350
3351
3366
3373
3380
3349
3350
3367
3349
3351
3374
3350
3351
3381
3371
3377
3372
3384
3378
3385
3356
3357
3358
3366
3380
3356
3358
3677
3356
3357
3369
3357
3358
3382
3678
3370
3372
3384
3386
3681
3363
3364
3365
3373
3380
3364
3365
3420
3684
3363
3364
3376
3387
3421
3363
3365
3383
3388
3685
3378
3385
3389
3379
3424
3386
3688
3370
3371
3372
3371
3372
3370
3371
3370
3372
3377
3378
3379
3377
3378
3390
3377
3379
3435
3378
3379
3391
3436
3392
3438
3384
3385
3386
3384
3385
3384
3386
3692
3385
3386
3693
3695
3389
3391
3453
3389
3711
3392
3392
3392
3457
3395
3395
3397
3398
3398
3450
3398
3401
3401
3403
3404
3404
3456
3404
3409
3410
3411
3426
3433
3440
3409
3410
3427
3409
3411
3434
3410
3411
3441
3430
3437
3432
3445
3439
3446
3416
3417
3418
3426
3440
3416
3417
3417
3418
3429
3447
3416
3418
3442
3448
3444
3431
3432
3445
3449
3423
3424
3425
3433
3440
3423
3424
3424
3425
3436
3453
3423
3425
3443
3454
3444
3438
3439
3446
3455
3430
3431
3432
3430
3432
3450
3430
3431
3431
3432
3451
3452
3437
3438
3439
3437
3439
3456
3437
3438
3438
3439
3457
3458
3444
3445
3446
3445
3446
3444
3445
3444
3446
3449
3451
3449
3771
3452
3452
3452
3455
3457
3455
3777
3458
3458
3458
3461
3480
3461
3463
3481
3464
3483
3464
3500
3516
3464
3501
3503
3467
3487
3467
3469
3488
3470
3490
3470
3507
3522
3470
3508
3510
3475
3476
3477
3492
3499
3506
3475
3476
3493
3475
3477
3500
3526
3476
3477
3507
3527
3497
3503
3498
3510
3504
3511
3529
3482
3483
3484
3492
3499
3482
3484
3575
3482
3483
3494
3483
3484
3501
3577
3496
3497
3503
3505
3580
3489
3490
3491
3492
3506
3489
3491
3677
3489
3490
3495
3490
3491
3508
3679
3496
3498
3510
3512
3682
3496
3497
3498
3497
3498
3496
3497
3496
3498
3503
3504
3505
3503
3504
3547
3503
3505
3597
3504
3505
3548
3598
3550
3600
3510
3511
3512
3510
3511
3554
3510
3512
3699
3511
3512
3555
3700
3557
3702
3515
3517
3534
3615
3515
3535
3837
3518
3536
3518
3547
3518
3549
3619
3551
3521
3523
3541
3717
3521
3542
3843
3524
3543
3524
3554
3524
3556
3721
3558
3529
3530
3531
3546
3553
3560
3529
3530
3547
3529
3531
3554
3530
3531
3561
3550
3557
3551
3564
3558
3565
3536
3537
3538
3546
3560
3537
3538
3629
3857
3536
3537
3549
3630
3536
3538
3562
3858
3551
3564
3552
3632
3566
3860
3543
3544
3545
3553
3560
3544
3545
3731
3864
3543
3544
3556
3732
3543
3545
3563
3865
3558
3565
3559
3734
3566
3867
3550
3551
3552
3550
3551
3550
3552
3644
3551
3552
3645
3646
3557
3558
3559
3557
3558
3557
3559
3746
3558
3559
3747
3748
3564
3565
3566
3564
3565
3564
3566
3872
3565
3566
3873
3874
3571
3572
3573
3588
3595
3602
3571
3572
3589
3571
3573
3596
3622
3572
3573
3603
3623
3592
3599
3594
3607
3601
3608
3625
3578
3579
3580
3588
3595
3579
3580
3578
3579
3590
3578
3580
3597
3592
3599
3593
3600
3585
3586
3587
3588
3602
3585
3586
3586
3587
3591
3609
3585
3587
3604
3610
3606
3593
3594
3607
3611
3592
3593
3594
3592
3594
3592
3593
3593
3594
3599
3600
3601
3599
3601
3643
3599
3600
3600
3601
3644
3647
3606
3607
3608
3607
3608
3612
3650
3606
3607
3613
3606
3608
3651
3614
3653
3611
3611
3613
3772
3614
3614
3666
3614
3775
3617
3619
3630
3617
3631
3620
3633
3620
3643
3620
3645
3648
3625
3626
3627
3642
3649
3656
3625
3626
3643
3625
3627
3650
3626
3627
3657
3647
3653
3648
3660
3654
3661
3632
3633
3634
3642
3656
3632
3634
3953
3632
3633
3645
3633
3634
3658
3954
3646
3648
3660
3662
3957
3639
3640
3641
3649
3656
3640
3641
3791
3960
3639
3640
3652
3663
3792
3639
3641
3659
3664
3961
3654
3661
3665
3655
3795
3662
3964
3646
3647
3648
3647
3648
3646
3647
3646
3648
3653
3654
3655
3653
3654
3666
3653
3655
3806
3654
3655
3667
3807
3668
3809
3660
3661
3662
3660
3661
3660
3662
3968
3661
3662
3969
3971
3665
3667
3825
3665
3987
3668
3668
3668
3829
3673
3674
3675
3690
3697
3704
3673
3674
3691
3673
3675
3698
3724
3674
3675
3705
3725
3694
3701
3696
3709
3703
3710
3727
3680
3681
3682
3690
3697
3681
3682
3680
3681
3692
3680
3682
3699
3694
3701
3695
3702
3687
3688
3689
3690
3704
3687
3688
3688
3689
3693
3711
3687
3689
3706
3712
3708
3695
3696
3709
3713
3694
3695
3696
3694
3696
3694
3695
3695
3696
3701
3702
3703
3701
3703
3745
3701
3702
3702
3703
3746
3749
3708
3709
3710
3709
3710
3714
3752
3708
3709
3715
3708
3710
3753
3716
3755
3713
3713
3715
3778
3716
3716
3768
3716
3781
3719
3721
3732
3719
3733
3722
3735
3722
3745
3722
3747
3750
3727
3728
3729
3744
3751
3758
3727
3728
3745
3727
3729
3752
3728
3729
3759
3749
3755
3750
3762
3756
3763
3734
3735
3736
3744
3758
3734
3736
4055
3734
3735
3747
3735
3736
3760
4056
3748
3750
3762
3764
4059
3741
3742
3743
3751
3758
3742
3743
3798
4062
3741
3742
3754
3765
3799
3741
3743
3761
3766
4063
3756
3763
3767
3757
3802
3764
4066
3748
3749
3750
3749
3750
3748
3749
3748
3750
3755
3756
3757
3755
3756
3768
3755
3757
3813
3756
3757
3769
3814
3770
3816
3762
3763
3764
3762
3763
3762
3764
4070
3763
3764
4071
4073
3767
3769
3831
3767
4089
3770
3770
3770
3835
3773
3773
3775
3776
3776
3828
3776
3779
3779
3781
3782
3782
3834
3782
3787
3788
3789
3804
3811
3818
3787
3788
3805
3787
3789
3812
3788
3789
3819
3808
3815
3810
3823
3817
3824
3794
3795
3796
3804
3818
3794
3795
3795
3796
3807
3825
3794
3796
3820
3826
3822
3809
3810
3823
3827
3801
3802
3803
3811
3818
3801
3802
3802
3803
3814
3831
3801
3803
3821
3832
3822
3816
3817
3824
3833
3808
3809
3810
3808
3810
3828
3808
3809
3809
3810
3829
3830
3815
3816
3817
3815
3817
3834
3815
3816
3816
3817
3835
3836
3822
3823
3824
3823
3824
3822
3823
3822
3824
3827
3829
3827
4149
3830
3830
3830
3833
3835
3833
4155
3836
3836
3836
3839
3858
3839
3841
3859
3842
3861
3842
3878
3894
3842
3879
3881
3845
3865
3845
3847
3866
3848
3868
3848
3885
3900
3848
3886
3888
3853
3854
3855
3870
3877
3884
3853
3854
3871
3853
3855
3878
3904
3854
3855
3885
3905
3875
3881
3876
3888
3882
3889
3907
3860
3861
3862
3870
3877
3860
3862
3953
3860
3861
3872
3861
3862
3879
3955
3874
3875
3881
3883
3958
3867
3868
3869
3870
3884
3867
3869
4055
3867
3868
3873
3868
3869
3886
4057
3874
3876
3888
3890
4060
3874
3875
3876
3875
3876
3874
3875
3874
3876
3881
3882
3883
3881
3882
3925
3881
3883
3975
3882
3883
3926
3976
3928
3978
3888
3889
3890
3888
3889
3932
3888
3890
4077
3889
3890
3933
4078
3935
4080
3893
3895
3912
3993
3893
3913
4215
3896
3914
3896
3925
3896
3927
3997
3929
3899
3901
3919
4095
3899
3920
4221
3902
3921
3902
3932
3902
3934
4099
3936
3907
3908
3909
3924
3931
3938
3907
3908
3925
3907
3909
3932
3908
3909
3939
3928
3935
3929
3942
3936
3943
3914
3915
3916
3924
3938
3915
3916
4007
4235
3914
3915
3927
4008
3914
3916
3940
4236
3929
3942
3930
4010
3944
4238
3921
3922
3923
3931
3938
3922
3923
4109
4242
3921
3922
3934
4110
3921
3923
3941
4243
3936
3943
3937
4112
3944
4245
3928
3929
3930
3928
3929
3928
3930
4022
3929
3930
4023
4024
3935
3936
3937
3935
3936
3935
3937
4124
3936
3937
4125
4126
3942
3943
3944
3942
3943
3942
3944
4250
3943
3944
4251
4252
3949
3950
3951
3966
3973
3980
3949
3950
3967
3949
3951
3974
4000
3950
3951
3981
4001
3970
3977
3972
3985
3979
3986
4003
3956
3957
3958
3966
3973
3957
3958
3956
3957
3968
3956
3958
3975
3970
3977
3971
3978
3963
3964
3965
3966
3980
3963
3964
3964
3965
3969
3987
3963
3965
3982
3988
3984
3971
3972
3985
3989
3970
3971
3972
3970
3972
3970
3971
3971
3972
3977
3978
3979
3977
3979
4021
3977
3978
3978
3979
4022
4025
3984
3985
3986
3985
3986
3990
4028
3984
3985
3991
3984
3986
4029
3992
4031
3989
3989
3991
4150
3992
3992
4044
3992
4153
3995
3997
4008
3995
4009
3998
4011
3998
4021
3998
4023
4026
4003
4004
4005
4020
4027
4034
4003
4004
4021
4003
4005
4028
4004
4005
4035
4025
4031
4026
4038
4032
4039
4010
4011
4012
4020
4034
4010
4012
4331
4010
4011
4023
4011
4012
4036
4332
4024
4026
4038
4040
4335
4017
4018
4019
4027
4034
4018
4019
4169
4338
4017
4018
4030
4041
4170
4017
4019
4037
4042
4339
4032
4039
4043
4033
4173
4040
4342
4024
4025
4026
4025
4026
4024
4025
4024
4026
4031
4032
4033
4031
4032
4044
4031
4033
4184
4032
4033
4045
4185
4046
4187
4038
4039
4040
4038
4039
4038
4040
4346
4039
4040
4347
4349
4043
4045
4203
4043
4365
4046
4046
4046
4207
4051
4052
4053
4068
4075
4082
4051
4052
4069
4051
4053
4076
4102
4052
4053
4083
4103
4072
4079
4074
4087
4081
4088
4105
4058
4059
4060
4068
4075
4059
4060
4058
4059
4070
4058
4060
4077
4072
4079
4073
4080
4065
4066
4067
4068
4082
4065
4066
4066
4067
4071
4089
4065
4067
4084
4090
4086
4073
4074
4087
4091
4072
4073
4074
4072
4074
4072
4073
4073
4074
4079
4080
4081
4079
4081
4123
4079
4080
4080
4081
4124
4127
4086
4087
4088
4087
4088
4092
4130
4086
4087
4093
4086
4088
4131
4094
4133
4091
4091
4093
4156
4094
4094
4146
4094
4159
4097
4099
4110
4097
4111
4100
4113
4100
4123
4100
4125
4128
4105
4106
4107
4122
4129
4136
4105
4106
4123
4105
4107
4130
4106
4107
4137
4127
4133
4128
4140
4134
4141
4112
4113
4114
4122
4136
4112
4114
4433
4112
4113
4125
4113
4114
4138
4434
4126
4128
4140
4142
4437
4119
4120
4121
4129
4136
4120
4121
4176
4440
4119
4120
4132
4143
4177
4119
4121
4139
4144
4441
4134
4141
4145
4135
4180
4142
4444
4126
4127
4128
4127
4128
4126
4127
4126
4128
4133
4134
4135
4133
4134
4146
4133
4135
4191
4134
4135
4147
4192
4148
4194
4140
4141
4142
4140
4141
4140
4142
4448
4141
4142
4449
4451
4145
4147
4209
4145
4467
4148
4148
4148
4213
4151
4151
4153
4154
4154
4206
4154
4157
4157
4159
4160
4160
4212
4160
4165
4166
4167
4182
4189
4196
4165
4166
4183
4165
4167
4190
4166
4167
4197
4186
4193
4188
4201
4195
4202
4172
4173
4174
4182
4196
4172
4173
4173
4174
4185
4203
4172
4174
4198
4204
4200
4187
4188
4201
4205
4179
4180
4181
4189
4196
4179
4180
4180
4181
4192
4209
4179
4181
4199
4210
4200
4194
4195
4202
4211
4186
4187
4188
4186
4188
4206
4186
4187
4187
4188
4207
4208
4193
4194
4195
4193
4195
4212
4193
4194
4194
4195
4213
4214
4200
4201
4202
4201
4202
4200
4201
4200
4202
4205
4207
4205
4527
4208
4208
4208
4211
4213
4211
4533
4214
4214
4214
4217
4236
4217
4219
4237
4220
4239
4220
4256
4272
4220
4257
4259
4223
4243
4223
4225
4244
4226
4246
4226
4263
4278
4226
4264
4266
4231
4232
4233
4248
4255
4262
4231
4232
4249
4231
4233
4256
4282
4232
4233
4263
4283
4253
4259
4254
4266
4260
4267
4285
4238
4239
4240
4248
4255
4238
4240
4331
4238
4239
4250
4239
4240
4257
4333
4252
4253
4259
4261
4336
4245
4246
4247
4248
4262
4245
4247
4433
4245
4246
4251
4246
4247
4264
4435
4252
4254
4266
4268
4438
4252
4253
4254
4253
4254
4252
4253
4252
4254
4259
4260
4261
4259
4260
4303
4259
4261
4353
4260
4261
4304
4354
4306
4356
4266
4267
4268
4266
4267
4310
4266
4268
4455
4267
4268
4311
4456
4313
4458
4271
4273
4290
4371
4271
4291
4593
4274
4292
4274
4303
4274
4305
4375
4307
4277
4279
4297
4473
4277
4298
4599
4280
4299
4280
4310
4280
4312
4477
4314
4285
4286
4287
4302
4309
4316
4285
4286
4303
4285
4287
4310
4286
4287
4317
4306
4313
4307
4320
4314
4321
4292
4293
4294
4302
4316
4293
4294
4385
4613
4292
4293
4305
4386
4292
4294
4318
4614
4307
4320
4308
4388
4322
4616
4299
4300
4301
4309
4316
4300
4301
4487
4620
4299
4300
4312
4488
4299
4301
4319
4621
4314
4321
4315
4490
4322
4623
4306
4307
4308
4306
4307
4306
4308
4400
4307
4308
4401
4402
4313
4314
4315
4313
4314
4313
4315
4502
4314
4315
4503
4504
4320
4321
4322
4320
4321
4320
4322
4628
4321
4322
4629
4630
4327
4328
4329
4344
4351
4358
4327
4328
4345
4327
4329
4352
4378
4328
4329
4359
4379
4348
4355
4350
4363
4357
4364
4381
4334
4335
4336
4344
4351
4335
4336
4334
4335
4346
4334
4336
4353
4348
4355
4349
4356
4341
4342
4343
4344
4358
4341
4342
4342
4343
4347
4365
4341
4343
4360
4366
4362
4349
4350
4363
4367
4348
4349
4350
4348
4350
4348
4349
4349
4350
4355
4356
4357
4355
4357
4399
4355
4356
4356
4357
4400
4403
4362
4363
4364
4363
4364
4368
4406
4362
4363
4369
4362
4364
4407
4370
4409
4367
4367
4369
4528
4370
4370
4422
4370
4531
4373
4375
4386
4373
4387
4376
4389
4376
4399
4376
4401
4404
4381
4382
4383
4398
4405
4412
4381
4382
4399
4381
4383
4406
4382
4383
4413
4403
4409
4404
4416
4410
4417
4388
4389
4390
4398
4412
4388
4390
4709
4388
4389
4401
4389
4390
4414
4710
4402
4404
4416
4418
4713
4395
4396
4397
4405
4412
4396
4397
4547
4716
4395
4396
4408
4419
4548
4395
4397
4415
4420
4717
4410
4417
4421
4411
4551
4418
4720
4402
4403
4404
4403
4404
4402
4403
4402
4404
4409
4410
4411
4409
4410
4422
4409
4411
4562
4410
4411
4423
4563
4424
4565
4416
4417
4418
4416
4417
4416
4418
4724
4417
4418
4725
4727
4421
4423
4581
4421
4743
4424
4424
4424
4585
4429
4430
4431
4446
4453
4460
4429
4430
4447
4429
4431
4454
4480
4430
4431
4461
4481
4450
4457
4452
4465
4459
4466
4483
4436
4437
4438
4446
4453
4437
4438
4436
4437
4448
4436
4438
4455
4450
4457
4451
4458
4443
4444
4445
4446
4460
4443
4444
4444
4445
4449
4467
4443
4445
4462
4468
4464
4451
4452
4465
4469
4450
4451
4452
4450
4452
4450
4451
4451
4452
4457
4458
4459
4457
4459
4501
4457
4458
4458
4459
4502
4505
4464
4465
4466
4465
4466
4470
4508
4464
4465
4471
4464
4466
4509
4472
4511
4469
4469
4471
4534
4472
4472
4524
4472
4537
4475
4477
4488
4475
4489
4478
4491
4478
4501
4478
4503
4506
4483
4484
4485
4500
4507
4514
4483
4484
4501
4483
4485
4508
4484
4485
4515
4505
4511
4506
4518
4512
4519
4490
4491
4492
4500
4514
4490
4492
4811
4490
4491
4503
4491
4492
4516
4812
4504
4506
4518
4520
4815
4497
4498
4499
4507
4514
4498
4499
4554
4818
4497
4498
4510
4521
4555
4497
4499
4517
4522
4819
4512
4519
4523
4513
4558
4520
4822
4504
4505
4506
4505
4506
4504
4505
4504
4506
4511
4512
4513
4511
4512
4524
4511
4513
4569
4512
4513
4525
4570
4526
4572
4518
4519
4520
4518
4519
4518
4520
4826
4519
4520
4827
4829
4523
4525
4587
4523
4845
4526
4526
4526
4591
4529
4529
4531
4532
4532
4584
4532
4535
4535
4537
4538
4538
4590
4538
4543
4544
4545
4560
4567
4574
4543
4544
4561
4543
4545
4568
4544
4545
4575
4564
4571
4566
4579
4573
4580
4550
4551
4552
4560
4574
4550
4551
4551
4552
4563
4581
4550
4552
4576
4582
4578
4565
4566
4579
4583
4557
4558
4559
4567
4574
4557
4558
4558
4559
4570
4587
4557
4559
4577
4588
4578
4572
4573
4580
4589
4564
4565
4566
4564
4566
4584
4564
4565
4565
4566
4585
4586
4571
4572
4573
4571
4573
4590
4571
4572
4572
4573
4591
4592
4578
4579
4580
4579
4580
4578
4579
4578
4580
4583
4585
4583
4905
4586
4586
4586
4589
4591
4589
4911
4592
4592
4592
4595
4614
4595
4597
4615
4598
4617
4598
4634
4650
4598
4635
4637
4601
4621
4601
4603
4622
4604
4624
4604
4641
4656
4604
4642
4644
4609
4610
4611
4626
4633
4640
4609
4610
4627
4609
4611
4634
4660
4610
4611
4641
4661
4631
4637
4632
4644
4638
4645
4663
4616
4617
4618
4626
4633
4616
4618
4709
4616
4617
4628
4617
4618
4635
4711
4630
4631
4637
4639
4714
4623
4624
4625
4626
4640
4623
4625
4811
4623
4624
4629
4624
4625
4642
4813
4630
4632
4644
4646
4816
4630
4631
4632
4631
4632
4630
4631
4630
4632
4637
4638
4639
4637
4638
4681
4637
4639
4731
4638
4639
4682
4732
4684
4734
4644
4645
4646
4644
4645
4688
4644
4646
4833
4645
4646
4689
4834
4691
4836
4649
4651
4668
4749
4649
4669
4971
4652
4670
4652
4681
4652
4683
4753
4685
4655
4657
4675
4851
4655
4676
4974
4658
4677
4658
4688
4658
4690
4855
4692
4663
4664
4665
4680
4687
4694
4663
4664
4681
4663
4665
4688
4664
4665
4695
4684
4691
4685
4698
4692
4699
4670
4671
4672
4680
4694
4671
4672
4763
4978
4670
4671
4683
4764
4670
4672
4696
4979
4685
4698
4686
4766
4700
4981
4677
4678
4679
4687
4694
4678
4679
4865
4985
4677
4678
4690
4866
4677
4679
4697
4986
4692
4699
4693
4868
4700
4988
4684
4685
4686
4684
4685
4684
4686
4778
4685
4686
4779
4780
4691
4692
4693
4691
4692
4691
4693
4880
4692
4693
4881
4882
4698
4699
4700
4698
4699
4698
4700
4993
4699
4700
4994
4995
4705
4706
4707
4722
4729
4736
4705
4706
4723
4705
4707
4730
4756
4706
4707
4737
4757
4726
4733
4728
4741
4735
4742
4759
4712
4713
4714
4722
4729
4713
4714
4712
4713
4724
4712
4714
4731
4726
4733
4727
4734
4719
4720
4721
4722
4736
4719
4720
4720
4721
4725
4743
4719
4721
4738
4744
4740
4727
4728
4741
4745
4726
4727
4728
4726
4728
4726
4727
4727
4728
4733
4734
4735
4733
4735
4777
4733
4734
4734
4735
4778
4781
4740
4741
4742
4741
4742
4746
4784
4740
4741
4747
4740
4742
4785
4748
4787
4745
4745
4747
4906
4748
4748
4800
4748
4909
4751
4753
4764
4751
4765
4754
4767
4754
4777
4754
4779
4782
4759
4760
4761
4776
4783
4790
4759
4760
4777
4759
4761
4784
4760
4761
4791
4781
4787
4782
4794
4788
4795
4766
4767
4768
4776
4790
4766
4768
4999
4766
4767
4779
4767
4768
4792
5000
4780
4782
4794
4796
5003
4773
4774
4775
4783
4790
4774
4775
4925
5006
4773
4774
4786
4797
4926
4773
4775
4793
4798
5007
4788
4795
4799
4789
4929
4796
5010
4780
4781
4782
4781
4782
4780
4781
4780
4782
4787
4788
4789
4787
4788
4800
4787
4789
4940
4788
4789
4801
4941
4802
4943
4794
4795
4796
4794
4795
4794
4796
5014
4795
4796
5015
5017
4799
4801
4959
4799
5019
4802
4802
4802
4963
4807
4808
4809
4824
4831
4838
4807
4808
4825
4807
4809
4832
4858
4808
4809
4839
4859
4828
4835
4830
4843
4837
4844
4861
4814
4815
4816
4824
4831
4815
4816
4814
4815
4826
4814
4816
4833
4828
4835
4829
4836
4821
4822
4823
4824
4838
4821
4822
4822
4823
4827
4845
4821
4823
4840
4846
4842
4829
4830
4843
4847
4828
4829
4830
4828
4830
4828
4829
4829
4830
4835
4836
4837
4835
4837
4879
4835
4836
4836
4837
4880
4883
4842
4843
4844
4843
4844
4848
4886
4842
4843
4849
4842
4844
4887
4850
4889
4847
4847
4849
4912
4850
4850
4902
4850
4915
4853
4855
4866
4853
4867
4856
4869
4856
4879
4856
4881
4884
4861
4862
4863
4878
4885
4892
4861
4862
4879
4861
4863
4886
4862
4863
4893
4883
4889
4884
4896
4890
4897
4868
4869
4870
4878
4892
4868
4870
5022
4868
4869
4881
4869
4870
4894
5023
4882
4884
4896
4898
5024
4875
4876
4877
4885
4892
4876
4877
4932
5025
4875
4876
4888
4899
4933
4875
4877
4895
4900
5026
4890
4897
4901
4891
4936
4898
5027
4882
4883
4884
4883
4884
4882
4883
4882
4884
4889
4890
4891
4889
4890
4902
4889
4891
4947
4890
4891
4903
4948
4904
4950
4896
4897
4898
4896
4897
4896
4898
5028
4897
4898
5029
5030
4901
4903
4965
4901
5031
4904
4904
4904
4969
4907
4907
4909
4910
4910
4962
4910
4913
4913
4915
4916
4916
4968
4916
4921
4922
4923
4938
4945
4952
4921
4922
4939
4921
4923
4946
4922
4923
4953
4942
4949
4944
4957
4951
4958
4928
4929
4930
4938
4952
4928
4929
4929
4930
4941
4959
4928
4930
4954
4960
4956
4943
4944
4957
4961
4935
4936
4937
4945
4952
4935
4936
4936
4937
4948
4965
4935
4937
4955
4966
4956
4950
4951
4958
4967
4942
4943
4944
4942
4944
4962
4942
4943
4943
4944
4963
4964
4949
4950
4951
4949
4951
4968
4949
4950
4950
4951
4969
4970
4956
4957
4958
4957
4958
4956
4957
4956
4958
4961
4963
4961
5032
4964
4964
4964
4967
4969
4967
5035
4970
4970
4970
4973
4979
4973
4980
4982
4976
4986
4976
4987
4989
4981
4982
4983
4991
4981
4983
4999
4981
4982
4993
4982
4983
5001
4995
4996
5004
4988
4989
4990
4991
4988
4990
5022
4988
4989
4994
4989
4990
4995
4997
4995
4996
4997
4996
4997
4995
4996
4995
4997
5002
5003
5004
5012
5003
5004
5002
5003
5014
5002
5004
5016
5017
5009
5010
5011
5012
5009
5010
5010
5011
5015
5019
5009
5011
5020
5017
5018
5021
5016
5017
5018
5016
5018
5016
5017
5017
5018
5021
5021
5033
5024
5024
5028
5030
5027
5027
5029
5031
5030
5030
5030
5034
5034
)


// ************************************************************************* //
