/*--------------------------------*- C++ -*----------------------------------*\
| =========                 |                                                 |
| \\      /  F ield         | OpenFOAM: The Open Source CFD Toolbox           |
|  \\    /   O peration     | Version:  2206                                  |
|   \\  /    A nd           | Website:  www.openfoam.com                      |
|    \\/     M anipulation  |                                                 |
\*---------------------------------------------------------------------------*/
FoamFile
{
    version     2.0;
    format      ascii;
    arch        "LSB;label=32;scalar=64";
    class       volScalarField;
    location    "300";
    object      p;
}
// * * * * * * * * * * * * * * * * * * * * * * * * * * * * * * * * * * * * * //

dimensions      [0 2 -2 0 0 0 0];

internalField   nonuniform List<scalar> 
10720
(
-62.4008
-133.696
-217.555
-300.199
-376.563
-454.354
-523.369
-581.309
-631.642
-671.022
-701.003
-723.081
-738.384
-747.636
-751.015
-747.872
-739.115
-723.693
-703.032
-677.197
-649.55
-623.149
-600.556
-573.601
-533.358
-482.266
-429.877
-384.272
-345.025
-308.104
-271.608
-235.443
-199.653
-163.867
-127.684
-90.07
-51.5667
-6.92719
25.9995
8.97789
74.0303
143.383
208.135
263.471
305.404
330.164
338.462
336.072
323.178
302.155
278.615
255.071
232.289
210.908
190.795
172.006
154.108
136.833
119.688
102.623
85.3271
67.8931
50.7327
35.7137
23.8767
14.1611
6.27858
0.414204
-3.46664
-5.61223
-6.17079
-5.22504
-2.78122
1.1694
6.98046
15.2259
29.1484
52.8376
43.1284
-11.033
-71.7121
-136.157
-202.381
-270.161
-335.943
-397.648
-454.595
-505.025
-548.731
-585.717
-615.89
-639.247
-655.607
-664.666
-667.178
-663.027
-653.265
-638.439
-621.202
-603.914
-587.655
-565.252
-528.492
-479.428
-428.268
-383.203
-344.143
-307.301
-270.832
-234.704
-198.987
-163.297
-127.22
-89.7023
-51.2779
-6.62285
25.6899
91.8655
138.324
184.666
229.368
268.764
300.242
320.664
329.367
327.95
317.268
300.09
279.896
258.636
237.251
216.447
196.473
177.459
159.224
141.569
124.167
106.917
89.6149
72.3413
55.5218
40.6288
28.5894
18.7209
10.6091
4.21787
-0.352554
-3.11505
-4.16411
-3.60328
-1.46534
2.2485
7.88266
15.9954
29.8393
52.5976
56.9148
8.2518
-46.5409
-107.038
-169.76
-234.047
-298.332
-359.957
-417.338
-469.475
-515.119
-553.714
-584.954
-609.032
-626.181
-636.82
-640.976
-638.712
-630.676
-617.594
-601.327
-583.909
-566.497
-544.621
-511.439
-467.325
-420.415
-377.876
-340.225
-304.409
-268.788
-233.306
-198.008
-162.57
-126.661
-89.2768
-50.9577
-6.37331
25.8119
100.828
143.492
185.928
226.106
260.816
288.437
306.866
315.792
315.959
308.028
294.081
276.468
256.972
236.762
216.647
197.064
178.213
160.058
142.457
125.166
108.053
90.9779
74.0023
57.5092
42.6611
30.3615
20.2394
11.9398
5.44881
0.853825
-1.90853
-2.99613
-2.5269
-0.515116
3.06999
8.59066
16.6151
30.3246
52.2013
79.538
38.7445
-7.85695
-59.1049
-112.909
-169.199
-226.31
-282.484
-336.395
-386.886
-432.838
-473.52
-508.468
-537.532
-560.588
-577.758
-588.593
-593.049
-591.439
-584.381
-573.16
-559.327
-543.716
-523.457
-493.615
-454.142
-411.256
-371.171
-334.937
-300.236
-265.604
-230.949
-196.326
-161.427
-125.909
-88.7966
-50.6586
-6.274
26.0177
116.077
151.17
186.369
220.329
250.055
274.284
291.2
300.321
301.891
296.374
285.365
270.609
253.565
235.335
216.706
198.164
179.982
162.245
144.898
127.795
110.837
93.9473
77.1991
60.9509
46.1617
33.6817
23.3432
14.8233
8.07805
3.16929
0.0409124
-1.41151
-1.26389
0.488999
3.88204
9.26685
17.1926
30.7289
51.7567
85.6712
49.3506
7.66367
-38.5137
-87.1273
-138.588
-191.523
-244.319
-295.968
-345.311
-391.201
-432.83
-469.516
-500.765
-526.274
-545.733
-558.893
-565.759
-566.568
-561.945
-552.906
-540.742
-526.096
-506.924
-479.411
-443.206
-403.202
-364.904
-329.721
-295.898
-262.108
-228.21
-194.245
-159.914
-124.888
-88.1973
-50.3675
-6.31603
26.0815
118.286
149.441
180.775
211.003
237.481
259.337
275.177
284.418
287.089
283.612
275.137
262.979
248.28
232.002
214.896
197.469
180.057
162.84
145.851
129.033
112.329
95.7098
79.2599
63.3109
48.6548
36.0648
25.5328
16.8018
9.83314
4.69464
1.35973
-0.257198
-0.238086
1.40675
4.70541
10.0034
17.837
31.1641
51.3035
89.4704
57.3143
20.2131
-20.8524
-64.097
-110.221
-157.943
-205.983
-253.601
-299.739
-343.43
-383.904
-420.425
-452.395
-479.388
-501.027
-517.193
-527.691
-532.526
-532.062
-526.976
-518.163
-506.025
-489.085
-464.432
-431.642
-394.674
-358.411
-324.484
-291.613
-258.641
-225.448
-192.103
-158.325
-123.786
-87.5451
-50.1057
-6.52937
25.967
118.348
145.829
173.669
200.725
224.553
244.512
259.468
268.743
272.243
270.386
264.015
254.144
241.669
227.387
211.975
195.911
179.549
163.116
146.716
130.361
114.044
97.7805
81.6712
66.0314
51.5362
38.8886
28.2009
19.2934
12.1324
6.78214
3.22863
1.38847
1.18463
2.61378
5.71799
10.8476
18.5261
31.5842
50.8108
89.3953
60.3741
26.8017
-10.3918
-49.4817
-91.4017
-135.015
-179.201
-223.465
-266.869
-308.574
-347.893
-384.077
-416.479
-444.581
-467.931
-486.12
-498.884
-506.073
-507.968
-505.112
-498.21
-487.581
-472.215
-449.931
-420.227
-386.164
-351.944
-319.308
-287.407
-255.263
-222.76
-189.986
-156.717
-122.668
-86.915
-49.9364
-6.95142
25.6481
115.484
140.232
165.432
190.023
211.765
230.202
244.405
253.631
257.744
257.155
252.506
244.592
234.116
221.723
207.99
193.344
178.122
162.583
146.876
131.071
115.213
99.357
83.6242
68.3162
54.0188
41.3709
30.5688
21.5079
14.1655
8.60517
4.82747
2.76748
2.36003
3.61062
6.56582
11.5696
19.1226
31.907
50.2435
87.7199
61.3772
30.8398
-2.96115
-38.3898
-76.5047
-116.259
-156.677
-197.436
-237.735
-276.85
-314.209
-349.122
-380.951
-409.14
-433.177
-452.598
-467.168
-476.682
-481.207
-481.041
-476.615
-468.09
-454.734
-434.947
-408.264
-377.065
-344.95
-313.714
-282.881
-251.656
-219.929
-187.796
-155.068
-121.511
-86.2677
-49.8412
-7.56614
25.073
111.436
133.886
156.872
179.414
199.42
216.595
230.122
239.229
243.791
244.181
240.92
234.65
225.929
215.275
203.166
189.959
175.965
161.44
146.557
131.427
116.136
100.772
85.4762
70.539
56.485
43.8973
33.0295
23.8493
16.3519
10.6034
6.62002
4.35292
3.74504
4.80566
7.58756
12.4299
19.8127
32.2559
49.6744
84.8277
60.7066
32.7117
1.7481
-30.6049
-65.47
-101.901
-139.018
-176.64
-214.071
-250.706
-286.083
-319.579
-350.599
-378.592
-403.023
-423.397
-439.346
-450.586
-457.011
-458.787
-456.209
-449.366
-437.739
-420.159
-396.205
-367.688
-337.649
-307.852
-278.128
-247.856
-216.942
-185.492
-153.349
-120.311
-85.5858
-49.7577
-8.27905
24.2228
106.576
127.131
148.279
169.103
187.645
203.751
216.66
225.601
230.477
231.621
229.473
224.568
217.362
208.267
197.672
185.869
173.123
159.671
145.69
131.317
116.666
101.855
87.04
72.5057
58.7313
46.2538
35.3638
26.0937
18.4618
12.539
8.35625
5.88178
5.07054
5.93968
8.54889
13.2305
20.4391
32.5229
49.0455
81.283
59.0688
33.2687
4.76785
-24.916
-56.9309
-90.3967
-124.519
-159.219
-193.886
-228.024
-261.265
-293.056
-322.877
-350.203
-374.493
-395.241
-412.037
-424.579
-432.654
-436.265
-435.543
-430.474
-420.661
-405.252
-383.89
-357.96
-330
-301.701
-273.137
-243.856
-213.791
-183.058
-151.535
-119.053
-84.8735
-49.6574
-9.03202
23.1468
101.347
120.286
139.865
159.215
176.5
191.671
204.014
212.757
217.838
219.559
218.3
214.52
208.603
200.883
191.674
181.204
169.693
157.344
144.324
130.78
116.842
102.649
88.3686
74.2795
60.8289
48.5166
37.6557
28.3338
20.5965
14.5217
10.1554
7.4845
6.4754
7.15173
9.58053
14.0852
21.0937
32.7708
48.3863
77.3524
56.7842
32.8859
6.52085
-20.8426
-50.3654
-81.2208
-112.686
-144.741
-176.857
-208.631
-239.779
-269.819
-298.297
-324.737
-348.627
-369.459
-386.799
-400.287
-409.632
-414.696
-415.507
-411.995
-403.844
-390.432
-371.461
-347.971
-322.055
-295.283
-267.917
-239.664
-210.483
-180.5
-149.63
-117.739
-84.1394
-49.5359
-9.83375
21.9111
95.9614
113.511
131.733
149.807
165.996
180.337
192.148
200.674
205.877
208.035
207.483
204.628
199.801
193.278
185.315
176.086
165.763
154.513
142.483
129.815
116.645
103.124
89.4228
75.8162
62.7291
50.6309
39.8463
30.509
22.693
16.4866
11.9504
9.08955
7.88502
8.36767
10.6126
14.9327
21.7266
32.9707
47.6917
73.2397
54.1145
31.8873
7.40085
-17.9255
-45.2464
-73.7791
-102.857
-132.51
-162.271
-191.807
-220.909
-249.162
-276.184
-301.546
-324.771
-345.378
-362.919
-377.005
-387.32
-393.6
-395.777
-393.725
-387.169
-375.645
-358.906
-337.727
-313.815
-288.598
-262.47
-235.279
-207.018
-177.821
-147.638
-116.371
-83.392
-49.4118
-10.7005
20.542
90.5777
106.915
123.947
140.893
156.119
169.711
181.02
189.32
194.578
197.062
197.072
194.974
191.063
185.574
178.718
170.624
161.422
151.244
140.209
128.445
116.086
103.281
90.2027
77.118
64.4351
52.5998
41.9407
32.6282
24.7649
18.4516
13.7636
10.7248
9.33118
9.62056
11.6764
15.7992
22.3575
33.1349
46.9665
69.0745
51.2223
30.4762
7.65366
-15.871
-41.2365
-67.6994
-94.6352
-122.116
-149.724
-177.179
-204.334
-230.834
-256.361
-280.544
-302.949
-323.122
-340.627
-355.045
-366.051
-373.288
-376.608
-375.844
-370.748
-360.965
-346.285
-327.275
-305.309
-281.657
-256.799
-230.703
-203.395
-175.02
-145.558
-114.949
-82.6308
-49.3062
-11.6334
19.0451
85.2852
100.557
116.531
132.473
146.84
159.751
170.585
178.65
183.916
186.638
187.093
185.613
182.47
177.868
171.984
164.915
156.756
147.603
137.549
126.698
115.174
103.118
90.6984
78.172
65.9316
54.4038
43.9171
34.6695
26.7907
20.3958
15.5745
12.3696
10.793
10.8901
12.7531
16.6689
22.9743
33.2593
46.2133
64.9428
48.2249
28.8028
7.46695
-14.4508
-38.0687
-62.6778
-87.686
-113.199
-138.837
-164.363
-189.678
-214.484
-238.515
-261.458
-282.927
-302.497
-319.755
-334.271
-345.718
-353.692
-357.966
-358.341
-354.583
-346.406
-333.627
-316.648
-296.562
-274.474
-250.909
-225.936
-199.613
-172.094
-143.389
-113.473
-81.8524
-49.2263
-12.6291
17.4351
80.147
94.4681
109.498
124.535
138.129
150.412
160.797
168.623
173.858
176.752
177.556
176.582
174.08
170.235
165.2
159.047
151.844
143.657
134.551
124.606
113.927
102.643
90.9105
78.9744
67.2122
56.0344
45.7659
36.6241
28.7636
22.3145
17.3812
14.0245
12.2734
12.1806
13.8472
17.5453
23.5794
33.3476
45.4359
60.9007
45.203
26.9721
6.97428
-13.5025
-35.5509
-58.4888
-81.7599
-105.486
-129.321
-153.066
-176.66
-199.85
-222.422
-244.106
-264.567
-283.418
-300.27
-314.704
-326.385
-334.893
-339.934
-341.288
-338.728
-332.015
-320.977
-305.888
-287.602
-267.064
-244.809
-220.98
-195.671
-169.04
-141.128
-111.941
-81.0554
-49.1676
-13.6851
15.7245
75.2001
88.6663
102.843
117.061
129.951
141.653
151.611
159.197
164.374
167.383
168.461
167.897
165.931
162.731
158.433
153.095
146.76
139.471
131.267
122.204
112.367
101.866
90.8423
79.5226
68.2699
57.481
47.4734
38.4781
30.6703
24.1956
19.1727
15.6801
13.7638
13.4845
14.9519
18.4226
24.1686
33.4002
44.6383
56.9851
42.2125
25.0604
6.27452
-12.9024
-33.5307
-54.9565
-76.654
-98.7555
-120.941
-143.047
-165.038
-186.699
-207.858
-228.294
-247.709
-265.759
-282.085
-296.287
-308.02
-316.887
-322.53
-324.711
-323.212
-317.82
-308.37
-295.032
-278.462
-259.448
-238.508
-215.842
-191.571
-165.861
-138.775
-110.352
-80.2394
-49.1269
-14.7948
13.9195
70.4655
83.1581
96.5578
110.028
122.271
133.434
142.989
150.333
155.429
158.512
159.803
159.573
158.052
155.401
151.741
147.12
141.566
135.102
127.746
119.532
110.521
100.803
90.4993
79.8169
69.1021
58.7366
49.0299
40.2203
32.5001
26.0295
20.9411
17.33
15.2597
14.7987
16.0649
19.2991
24.7407
33.4195
43.8243
53.221
39.2902
23.1209
5.44006
-12.5579
-31.895
-51.9484
-72.2141
-92.834
-113.514
-134.11
-154.609
-174.832
-194.642
-213.855
-232.214
-249.415
-265.129
-278.981
-290.624
-299.69
-305.783
-308.648
-308.071
-303.858
-295.846
-284.123
-269.174
-251.646
-232.019
-210.528
-187.317
-162.557
-136.33
-108.707
-79.4041
-49.1018
-15.9501
12.0266
65.9537
77.9428
90.6309
103.413
115.061
125.718
134.888
141.995
146.993
150.115
151.569
151.609
150.46
148.274
145.165
141.174
136.317
130.606
124.039
116.631
108.42
99.4748
89.8937
79.862
69.7068
59.7952
50.4257
41.8395
34.2416
27.8054
22.6766
18.9661
16.754
16.1173
17.1814
20.171
25.2938
33.4076
42.998
49.6224
36.462
21.1957
4.52383
-12.3959
-30.5571
-49.3565
-68.3169
-87.5824
-106.881
-126.085
-145.204
-164.081
-182.611
-200.642
-217.954
-234.28
-249.321
-262.731
-274.17
-283.299
-289.707
-293.121
-293.333
-290.163
-283.445
-273.199
-259.774
-243.684
-225.359
-205.049
-182.914
-159.128
-133.793
-107.005
-78.5479
-49.0916
-17.142
10.0568
61.6686
73.013
85.0456
97.1926
108.288
118.471
127.275
134.145
139.035
142.17
143.746
144.005
143.166
141.375
138.74
135.299
131.063
126.032
120.192
113.54
106.095
97.9034
89.0398
79.6652
70.0861
60.6534
51.6534
43.3259
35.8841
29.5128
24.3696
20.58
18.2399
17.435
18.2969
21.035
25.826
33.3671
42.1643
46.1964
33.7458
19.3099
3.56825
-12.3651
-29.4465
-47.098
-64.8617
-82.8876
-100.917
-118.84
-136.679
-154.301
-171.622
-188.52
-204.807
-220.25
-234.581
-247.483
-258.631
-267.707
-274.31
-278.152
-279.025
-276.762
-271.2
-262.3
-250.298
-235.589
-218.544
-199.414
-178.367
-155.579
-131.165
-105.246
-77.6699
-49.0943
-18.3618
8.0221
57.6098
68.3598
79.7861
91.3447
101.922
111.659
120.115
126.752
131.525
134.651
136.317
136.753
136.172
134.716
132.49
129.529
125.842
121.422
116.247
110.298
103.579
96.1133
87.9536
79.2361
70.2444
61.3104
52.7075
44.6707
37.4176
31.1414
26.0105
22.163
19.7097
18.7456
19.4064
21.8876
26.3358
33.3003
41.3276
42.9466
31.1526
17.4843
2.6013
-12.4228
-28.5116
-45.1062
-61.7721
-78.6582
-95.5203
-112.26
-128.914
-145.364
-161.547
-177.367
-192.662
-207.23
-220.833
-233.181
-243.97
-252.899
-259.595
-263.751
-265.167
-263.687
-259.146
-251.464
-240.781
-227.389
-211.596
-193.637
-173.686
-151.914
-128.448
-103.429
-76.768
-49.1071
-19.6008
5.93551
53.7731
63.9732
74.8364
85.8469
95.9399
105.254
113.378
119.787
124.437
127.538
129.268
129.846
129.48
128.309
126.434
123.891
120.689
116.815
112.243
106.943
100.904
94.1316
86.6559
78.5886
70.1881
61.7671
53.5843
45.8668
38.8328
32.6813
27.5892
23.706
21.1557
20.0424
20.5048
22.7249
26.8218
33.2101
40.4922
39.8722
28.6879
15.7331
1.64629
-12.5381
-27.7094
-43.3298
-58.9838
-74.8195
-90.6051
-106.255
-121.809
-137.169
-152.286
-167.084
-181.426
-195.136
-208.004
-219.768
-230.148
-238.855
-245.554
-249.926
-251.776
-250.961
-247.316
-240.729
-231.262
-219.115
-204.535
-187.734
-168.88
-148.138
-125.644
-101.555
-75.8401
-49.1257
-20.8494
3.81135
50.1539
59.842
70.1799
80.6775
90.3151
99.2309
107.036
113.223
117.746
120.809
122.582
123.274
123.087
122.157
120.585
118.406
115.629
112.243
108.215
103.509
98.1028
91.9857
85.1684
77.7375
69.9262
62.0268
54.282
46.9086
40.1215
34.123
29.0961
25.1999
22.5696
21.3185
21.5863
23.5433
27.2825
33.0993
39.663
36.9712
26.3551
14.0644
0.719003
-12.6862
-27.0075
-41.7258
-56.4451
-71.3086
-86.1005
-100.741
-115.279
-129.624
-143.743
-157.577
-171.007
-183.885
-196.024
-207.189
-217.123
-225.551
-232.178
-236.68
-238.865
-238.605
-235.739
-230.128
-221.773
-210.797
-197.386
-181.722
-163.959
-144.258
-122.757
-99.6239
-74.8841
-49.1455
-22.0977
1.66455
46.7442
55.9547
65.8004
75.8167
85.0253
93.5637
101.064
107.035
111.428
114.444
116.243
117.025
116.987
116.263
114.95
113.088
110.686
107.731
104.192
100.028
95.2053
89.7027
83.5128
76.6992
69.47
62.0957
54.8015
47.7922
41.277
35.4578
30.5217
26.6351
23.9428
22.5663
22.6451
24.3388
27.7168
32.9704
38.8443
34.2398
24.1542
12.4847
-0.16842
-12.8502
-26.38
-40.2615
-54.1138
-68.0785
-81.9488
-95.6554
-109.248
-122.65
-135.836
-148.763
-161.329
-173.405
-184.829
-195.39
-204.854
-212.961
-219.452
-224.008
-226.444
-226.638
-224.441
-219.694
-212.351
-202.468
-190.175
-175.619
-158.939
-140.282
-119.789
-97.6372
-73.8975
-49.1611
-23.3365
-0.490816
43.5357
52.3003
61.6839
71.2464
80.0503
88.2304
95.439
101.198
105.461
108.422
110.234
111.086
111.173
110.625
109.536
107.949
105.875
103.303
100.201
96.5262
92.2399
87.3092
81.7125
75.4927
68.8328
61.9811
55.1451
48.5155
42.2935
36.6779
31.8571
28.0027
25.2669
23.7783
23.6753
25.1074
28.1236
32.826
38.0403
31.6727
22.0841
10.9969
-1.00805
-13.0144
-25.807
-38.9092
-51.9564
-65.086
-78.1033
-90.9432
-103.659
-116.182
-128.497
-140.571
-152.318
-163.628
-174.356
-184.316
-193.296
-201.054
-207.358
-211.905
-214.514
-215.073
-213.443
-209.457
-203.028
-194.16
-182.928
-169.447
-153.832
-136.22
-116.748
-95.5957
-72.878
-49.1661
-24.5549
-2.6392
40.5207
48.8661
57.8153
66.9501
75.3709
83.2096
90.1382
95.6923
99.8259
102.727
104.541
105.448
105.638
105.238
104.344
102.997
101.21
98.9764
96.2638
93.0302
89.2326
84.8306
79.7907
74.1371
68.0292
61.6926
55.3169
49.0786
43.1673
37.7766
33.0941
29.2938
26.533
24.9466
24.6705
25.8452
28.5018
32.6686
37.2549
29.2635
20.1427
9.60243
-1.79449
-13.1684
-25.2722
-37.647
-49.9441
-62.2975
-74.5215
-86.5564
-98.4571
-110.163
-121.665
-132.939
-143.913
-154.492
-164.549
-173.919
-182.409
-189.798
-195.876
-200.361
-203.076
-203.921
-202.767
-199.444
-193.835
-185.901
-175.672
-163.225
-148.656
-132.083
-113.636
-93.5011
-71.8222
-49.1542
-25.7425
-4.76567
37.6903
45.6417
54.1807
62.9104
70.9679
78.4816
85.1422
90.4982
94.5033
97.3399
99.1465
100.096
100.372
100.1
99.3725
98.2341
96.7003
94.7645
92.3983
89.5606
86.2066
82.2903
77.7692
72.6517
67.0743
61.2412
55.3237
49.4826
43.8957
38.7486
34.2252
30.4999
27.7329
26.0636
25.6247
26.5481
28.8504
32.5002
36.4916
27.0064
18.3264
8.30103
-2.5243
-13.3051
-24.7638
-36.4583
-48.0552
-59.685
-71.1702
-82.4565
-93.5984
-104.542
-115.286
-125.811
-136.056
-145.942
-155.356
-164.15
-172.153
-179.161
-184.983
-189.364
-192.13
-193.19
-192.43
-189.679
-184.801
-177.721
-168.432
-156.977
-143.426
-127.88
-110.463
-91.3541
-70.7286
-49.1176
-26.889
-6.85499
35.0362
42.6158
50.7668
59.1122
66.825
74.0291
80.4319
85.5966
89.4752
92.2448
94.0375
95.0181
95.3662
95.2036
94.6206
93.6637
92.3509
90.6779
88.6194
86.136
83.1827
79.71
75.6691
71.0551
65.9844
60.639
55.1728
49.7309
44.4779
39.5895
35.2438
31.6131
28.8585
27.1216
26.5314
27.2122
29.1683
32.3227
35.7533
24.8952
16.6306
7.09173
-3.19529
-13.4185
-24.2715
-35.3288
-46.2709
-57.2248
-68.0206
-78.6097
-89.0452
-99.2797
-109.315
-119.139
-128.7
-137.928
-146.728
-154.966
-162.489
-169.112
-174.656
-178.898
-181.667
-182.881
-182.442
-180.183
-175.951
-169.65
-161.237
-150.726
-138.162
-123.627
-107.234
-89.1588
-69.5937
-49.0495
-27.9852
-8.8919
32.5493
39.7776
47.5612
55.5423
62.9267
69.8359
75.9912
80.9703
84.7248
87.426
89.1994
90.2028
90.6103
90.5411
90.0838
89.2855
88.1664
86.7251
84.939
82.7715
80.1785
77.1094
73.5107
69.3673
64.776
59.8991
54.8732
49.8284
44.9147
40.2967
36.1444
32.6264
29.9019
28.1132
27.3848
27.8334
29.4547
32.1375
35.0426
22.9229
15.0515
5.97176
-3.80632
-13.5052
-23.7883
-34.247
-44.5766
-54.8978
-65.0501
-74.9885
-84.7659
-94.3382
-103.713
-112.88
-121.798
-130.407
-138.622
-146.325
-153.379
-159.617
-164.871
-168.948
-171.68
-172.997
-172.814
-170.972
-167.311
-161.713
-154.112
-144.494
-132.881
-119.336
-103.958
-86.9164
-68.4158
-48.9433
-29.0203
-10.8626
30.2212
37.117
44.5524
52.1867
59.2585
65.8863
71.8039
76.6037
80.2367
82.8686
84.6189
85.6379
86.0951
86.106
85.7575
85.0978
84.1485
82.911
81.366
79.4795
77.2095
74.5061
71.3126
67.6054
63.4651
59.0349
54.4352
49.781
45.2082
40.8687
36.9233
33.5337
30.8561
29.0314
28.1788
28.4081
29.7083
31.9458
34.3611
21.0828
13.5837
4.93893
-4.35794
-13.5623
-23.3091
-33.2047
-42.959
-52.6877
-62.2384
-71.5682
-80.7312
-89.6866
-98.443
-106.997
-115.312
-123.337
-130.998
-138.19
-144.789
-150.645
-155.603
-159.495
-162.16
-163.536
-163.553
-162.062
-158.899
-153.934
-147.083
-138.305
-127.604
-115.021
-100.645
-84.6308
-67.1924
-48.7899
-29.9859
-12.7537
28.044
34.6243
41.7288
49.0329
55.8066
62.1654
67.8551
72.4815
75.996
78.5585
80.2826
81.3115
81.8099
81.8899
81.6357
81.097
80.2968
79.2387
77.9067
76.27
74.2892
71.9154
69.0909
65.7864
62.0674
58.06
53.8694
49.5964
45.3622
41.3058
37.577
34.33
31.7148
29.8698
28.908
28.9325
29.9282
31.7482
33.71
19.3686
12.2224
3.99016
-4.85128
-13.5885
-22.8288
-32.1943
-41.4076
-50.5805
-59.5672
-68.3286
-76.9173
-85.2963
-93.4761
-101.457
-109.207
-116.683
-123.819
-130.524
-136.685
-142.168
-146.828
-150.52
-153.093
-154.493
-154.663
-153.464
-150.734
-146.336
-140.171
-132.181
-122.348
-110.697
-97.3013
-82.3059
-65.9217
-48.584
-30.8721
-14.5528
26.0094
32.2899
39.08
46.0696
52.5586
58.66
64.1311
68.59
71.9892
74.4824
76.178
77.2124
77.7442
77.8839
77.7123
77.2796
76.6104
75.7099
74.5658
73.1506
71.4277
69.35
66.8607
63.9258
60.5983
56.9883
53.1873
49.2826
45.3815
41.6093
38.1045
35.0112
32.4727
30.6224
29.5671
29.403
30.113
31.5449
33.0895
17.7736
10.9627
3.12183
-5.28762
-13.5831
-22.3451
-31.2107
-39.915
-48.5656
-57.0239
-65.2528
-73.3043
-81.1447
-88.7856
-96.2301
-103.451
-110.412
-117.054
-123.295
-129.037
-134.156
-138.522
-142.006
-144.467
-145.861
-146.143
-145.186
-142.831
-138.938
-133.399
-126.142
-117.132
-106.378
-93.9394
-79.9454
-64.6029
-48.3186
-31.6716
-16.249
24.1099
30.1054
36.596
43.2856
49.5025
55.3576
60.6183
64.9164
68.2035
70.6282
72.2932
73.3291
73.889
74.0796
73.9801
73.6402
73.0861
72.3244
71.346
70.127
68.6336
66.8213
64.635
62.0377
59.0719
55.8332
52.4005
48.8488
45.2721
41.7823
38.5052
35.5748
33.1254
31.2843
30.1517
29.8165
30.2615
31.3356
32.4994
16.2916
9.79927
2.33047
-5.66905
-13.5464
-21.8559
-30.2495
-38.4747
-46.6342
-54.5959
-62.3261
-69.8747
-77.2113
-84.3482
-91.2913
-98.0171
-104.494
-110.671
-116.474
-121.816
-126.584
-130.66
-133.931
-136.268
-137.633
-137.993
-137.232
-135.2
-131.755
-126.786
-120.208
-111.975
-102.08
-90.5682
-77.5543
-63.2356
-47.988
-32.377
-17.8328
22.3379
28.0625
34.2674
40.6702
46.6273
52.2464
57.3052
61.448
64.6263
66.9835
68.6171
69.6515
70.2342
70.4686
70.4318
70.1736
69.7203
69.0811
68.2489
67.2032
65.9135
64.3384
62.4251
60.1351
57.5015
54.6075
51.5207
48.3047
45.041
41.8284
38.7805
36.0193
33.6698
31.8513
30.6577
30.17
30.3724
31.1198
31.9384
14.9163
8.72712
1.61232
-5.99777
-13.4787
-21.3598
-29.3072
-37.0801
-44.7773
-52.2725
-59.5351
-66.6127
-73.478
-80.1443
-86.6183
-92.8807
-98.9039
-104.643
-110.033
-114.994
-119.427
-123.221
-126.278
-128.481
-129.8
-130.209
-129.607
-127.85
-124.803
-120.348
-114.398
-106.894
-97.8165
-87.1982
-75.1379
-61.819
-47.5878
-32.9819
-19.2948
20.6864
26.1527
32.085
38.2139
43.9224
49.3155
54.1804
58.1732
61.2463
63.5373
65.1386
66.1685
66.7696
67.0422
67.0602
66.8735
66.5091
65.9772
65.2739
64.3813
63.2724
61.9088
60.2404
58.2287
55.8991
53.3233
50.5591
47.66
44.6959
41.7531
38.9326
36.3447
34.1039
32.3205
31.0818
30.4609
30.4442
30.8964
31.4049
13.6417
7.74132
0.963558
-6.27624
-13.381
-20.8563
-28.3814
-35.7276
-42.9887
-50.0453
-56.8686
-63.5049
-69.9289
-76.1549
-82.1908
-88.0198
-93.6184
-98.9474
-103.948
-108.549
-112.66
-116.181
-119.027
-121.091
-122.35
-122.787
-122.311
-120.789
-118.091
-114.102
-108.728
-101.904
-93.6019
-83.8398
-72.7017
-60.3552
-47.1134
-33.4809
-20.6287
19.1486
24.3687
30.0407
35.9076
41.3781
46.5546
51.2329
55.0813
58.0524
60.2783
61.8468
62.8703
63.4861
63.7913
63.8574
63.7336
63.4471
63.01
62.4201
61.6626
60.7135
59.5379
58.0888
56.3283
54.2756
51.9921
49.5269
46.9248
44.245
41.5622
38.965
36.5521
34.4267
32.6897
31.4214
30.687
30.4756
30.6638
30.8965
12.4623
6.83693
0.380353
-6.50712
-13.2548
-20.3451
-27.4708
-34.4135
-41.2637
-47.9072
-54.3179
-60.5403
-66.5513
-72.3652
-77.9911
-83.4148
-88.616
-93.5601
-98.1944
-102.455
-106.261
-109.522
-112.16
-114.084
-115.273
-115.719
-115.342
-114.021
-111.63
-108.058
-103.212
-97.0219
-89.4494
-80.5034
-70.2518
-58.8449
-46.5633
-33.8706
-21.8284
17.7177
22.7028
28.1262
33.7424
38.985
43.9535
48.4526
52.1621
55.0343
57.1964
58.732
59.7472
60.3747
60.7081
60.8161
60.7473
60.5295
60.1757
59.6854
59.047
58.239
57.2302
55.9769
54.4423
52.6406
50.6242
48.4347
46.109
43.697
41.2625
38.8825
36.644
34.6389
32.9581
31.6749
30.8465
30.4652
30.4205
30.4103
11.3721
6.00931
-0.141153
-6.69313
-13.1014
-19.8265
-26.5733
-33.1348
-39.5973
-45.8518
-51.8746
-57.7086
-63.3324
-68.761
-74.0037
-79.0486
-83.878
-88.4617
-92.7525
-96.693
-100.21
-103.222
-105.66
-107.443
-108.556
-108.997
-108.697
-107.545
-105.424
-102.227
-97.8633
-92.2592
-85.3714
-77.1986
-67.7948
-57.2908
-45.9358
-34.1477
-22.8902
16.3877
21.1485
26.3339
31.7103
36.7344
41.5034
45.83
49.4053
52.1821
54.282
55.7847
56.7901
57.4264
57.7836
57.9284
57.9079
57.7506
57.4698
57.0672
56.5334
55.8499
54.9886
53.9097
52.5778
51.0026
49.2292
47.2923
45.2223
43.0607
40.8614
38.6906
36.6238
34.742
33.1259
31.8414
30.9384
30.4116
30.1644
29.9429
10.3661
5.25381
-0.604714
-6.83714
-12.9227
-19.301
-25.6889
-31.8897
-37.9858
-43.8738
-49.5316
-55.0011
-60.2619
-65.3297
-70.2141
-74.9051
-79.3872
-83.6339
-87.6029
-91.2429
-94.4877
-97.2631
-99.5077
-101.153
-102.186
-102.612
-102.372
-101.363
-99.4778
-96.6168
-92.6913
-87.6277
-81.3788
-73.9351
-65.3368
-55.6963
-45.2303
-34.3112
-23.8115
15.1527
19.699
24.6568
29.8034
34.6181
39.1954
43.3562
46.8022
49.4865
51.5257
52.9953
53.9899
54.6326
55.0103
55.1868
55.2088
55.1044
54.8878
54.5622
54.1203
53.5464
52.8155
51.8913
50.7404
49.369
47.8155
46.109
44.2742
42.3451
40.3668
38.3955
36.4961
34.7389
33.1943
31.9211
30.962
30.3139
29.8934
29.4908
9.4391
4.56603
-1.01398
-6.94173
-12.7205
-18.7692
-24.8168
-30.6762
-36.426
-41.9685
-47.2832
-52.4101
-57.3309
-62.0608
-66.6103
-70.9704
-75.1283
-79.0602
-82.7283
-86.0863
-89.0752
-91.6274
-93.6882
-95.1993
-96.1515
-96.5548
-96.3583
-95.4705
-93.7926
-91.232
-87.7041
-83.1374
-77.4819
-70.7216
-62.8849
-54.0653
-44.4484
-34.3606
-24.5911
14.0066
18.3481
23.0878
28.0142
32.6281
37.0215
41.0225
44.3439
46.9386
48.9187
50.3551
51.3378
51.9849
52.3798
52.584
52.6432
52.5851
52.4248
52.1666
51.8053
51.3277
50.7116
49.9243
48.9347
47.7461
46.3909
44.8934
43.2734
41.5588
39.7867
38.0043
36.2664
34.6333
33.1658
31.9149
30.9172
30.1709
29.6053
29.05
8.58618
3.94147
-1.37249
-7.00975
-12.4966
-18.2319
-23.9568
-29.4927
-34.9156
-40.1322
-45.1239
-49.929
-54.5309
-58.9449
-63.181
-67.2322
-71.0874
-74.7254
-78.1125
-81.2069
-83.9556
-86.298
-88.1848
-89.5669
-90.4388
-90.8142
-90.65
-89.8647
-88.3682
-86.0757
-82.9078
-78.7961
-73.6895
-67.5668
-60.4459
-52.4023
-43.5924
-34.2976
-25.2298
12.9442
17.0897
21.6208
26.3359
30.7572
34.9737
38.8211
42.0221
44.5303
46.4525
47.8561
48.826
49.4753
49.8846
50.1127
50.2042
50.1868
50.0757
49.8765
49.5857
49.1925
48.6773
48.0111
47.1647
46.1392
44.9619
43.6531
42.2286
40.7105
39.1295
37.5243
35.941
34.4301
33.0434
31.8248
30.8046
29.9822
29.298
28.6166
7.80265
3.37619
-1.68383
-7.044
-12.2529
-17.6904
-23.1087
-28.3385
-33.4521
-38.3613
-43.0486
-47.5516
-51.8545
-55.9725
-59.916
-63.6788
-67.2517
-70.6157
-73.7406
-76.5892
-79.1134
-81.2591
-82.9821
-84.2415
-85.0348
-85.3789
-85.2382
-84.5396
-83.2025
-81.1492
-78.3066
-74.6099
-70.0088
-64.478
-58.0262
-50.7125
-42.6659
-34.1245
-25.7293
11.9604
15.9183
20.2494
24.762
28.9984
33.045
36.7443
39.8291
42.2534
44.1192
45.4901
46.4463
47.0962
47.5173
47.7659
47.8856
47.9036
47.8353
47.6876
47.4585
47.139
46.7124
46.1527
45.433
44.5526
43.5345
42.3954
41.1475
39.8087
38.4034
36.9634
35.5266
34.1349
32.8315
31.6533
30.6254
29.7472
28.9692
28.1867
7.08402
2.86614
-1.95127
-7.04714
-11.9916
-17.1457
-22.2729
-27.2128
-32.0338
-36.6529
-41.054
-45.2729
-49.2953
-53.1363
-56.8061
-60.2997
-63.6094
-66.7183
-69.5993
-72.2187
-74.5338
-76.4957
-78.0654
-79.2087
-79.9265
-80.2379
-80.1135
-79.4886
-78.2915
-76.4515
-73.9024
-70.5833
-66.4458
-61.4619
-55.6326
-49.0019
-41.6733
-33.8454
-26.0927
11.0501
14.8285
18.9681
23.2863
27.3451
31.2282
34.7848
37.7576
40.1005
41.9112
43.2496
44.1913
44.8402
45.2707
45.5368
45.6807
45.7294
45.6986
45.5958
45.4202
45.1651
44.8159
44.3496
43.7419
42.9903
42.1139
41.1265
40.0376
38.8612
37.6166
36.3295
35.0305
33.7538
32.5349
31.4041
30.3813
29.4662
28.6172
27.7563
6.42598
2.40758
-2.17807
-7.02176
-11.7142
-16.599
-21.4497
-26.1148
-30.6594
-35.0046
-39.1361
-43.088
-46.8474
-50.4289
-53.8432
-57.0858
-60.1501
-63.0214
-65.6756
-68.0822
-70.2027
-71.9934
-73.4204
-74.4549
-75.1009
-75.3792
-75.266
-74.7041
-73.6299
-71.9804
-69.6954
-66.7191
-63.0053
-58.5244
-53.271
-47.2762
-40.6202
-33.4651
-26.3247
10.2087
13.8152
17.7711
21.9029
25.7911
29.5168
32.9361
35.8004
38.0645
39.8213
41.1273
42.0539
42.7005
43.1381
43.4189
43.5836
43.6589
43.6605
43.5965
43.4674
43.2682
42.9865
42.6021
42.0927
41.4549
40.7042
39.8521
38.9056
37.8756
36.7772
35.6307
34.4604
33.2937
32.1591
31.081
30.0748
29.1396
28.2404
27.322
5.82455
1.99677
-2.36727
-6.97042
-11.4226
-16.0513
-20.6398
-25.0444
-29.3272
-33.4139
-37.2914
-40.9925
-44.5052
-47.8441
-51.0196
-54.0281
-56.8642
-59.5148
-61.9581
-64.1671
-66.1069
-67.7391
-69.0334
-69.9668
-70.5451
-70.7908
-70.6851
-70.1774
-69.2116
-67.732
-65.6846
-63.0188
-59.6905
-55.6704
-50.9477
-45.5418
-39.5127
-32.9898
-26.4306
9.43169
12.8737
16.6533
20.6062
24.3305
27.9049
31.1915
33.951
36.1385
37.8426
39.1166
40.0273
40.67
41.113
41.4058
41.5883
41.6864
41.7159
41.6853
41.5967
41.4458
41.2227
40.9097
40.4866
39.949
39.3095
38.5772
37.7578
36.8591
35.8929
34.8748
33.8239
32.7616
31.7102
30.6889
29.7088
28.7682
27.8375
26.8804
5.27581
1.63038
-2.52194
-6.89544
-11.119
-15.5039
-19.8431
-24.0008
-28.0363
-31.8791
-35.5174
-38.9826
-42.2642
-45.376
-48.3284
-51.1186
-53.7423
-56.1878
-58.4357
-60.4615
-62.2343
-63.7199
-64.8915
-65.7313
-66.2466
-66.4611
-66.3599
-65.8993
-65.0295
-63.7015
-61.8676
-59.482
-56.5038
-52.9039
-48.6677
-43.8049
-38.3577
-32.4263
-26.417
8.71489
11.9992
15.61
19.3909
22.9575
26.3862
29.5449
32.2031
34.3162
35.9687
37.2107
38.1049
38.7426
39.189
39.4916
39.689
39.8066
39.8599
39.8582
39.8041
39.6951
39.5227
39.2718
38.9241
38.4744
37.9327
37.3064
36.5998
35.8184
34.971
34.0696
33.1288
32.1648
31.1947
30.2328
29.2867
28.3535
27.4078
26.4287
4.7761
1.3051
-2.6449
-6.79918
-10.8049
-14.9577
-19.0603
-22.9841
-26.7855
-30.398
-33.8111
-37.0547
-40.1195
-43.0189
-45.7633
-48.3502
-50.7765
-53.0315
-55.0982
-56.9547
-58.5733
-59.9235
-60.9822
-61.7356
-62.1927
-62.3779
-62.2797
-61.8601
-61.0754
-59.8828
-58.2406
-56.1075
-53.4462
-50.2282
-46.4362
-42.0718
-37.1623
-31.7821
-26.2912
8.05429
11.1875
14.6362
18.2521
21.6672
24.9556
27.9908
30.5508
32.5916
34.1936
35.4037
36.2808
36.9122
37.3604
37.6706
37.8804
38.0143
38.0879
38.1107
38.0864
38.0133
37.8847
37.6875
37.4053
37.0325
36.5766
36.0437
35.4366
34.7595
34.0186
33.2227
32.3828
31.5107
30.6191
29.7181
28.8122
27.8971
26.9507
25.9645
4.32194
1.0178
-2.73877
-6.68383
-10.482
-14.414
-18.2919
-21.9939
-25.574
-28.9691
-32.1701
-35.2056
-38.0671
-40.7679
-43.318
-45.7158
-47.9586
-50.0371
-51.9362
-53.6362
-55.1125
-56.3383
-57.2934
-57.9677
-58.3716
-58.5296
-58.4333
-58.0496
-57.3407
-56.2692
-54.7988
-52.8928
-50.5174
-47.6453
-44.2573
-40.3487
-35.9337
-31.0654
-26.0613
7.44603
10.4345
13.7277
17.1851
20.4544
23.6074
26.5235
28.9885
30.9589
32.5114
33.6897
34.5493
35.1732
35.6215
35.9374
36.1572
36.3048
36.3954
36.4391
36.44
36.3976
36.3065
36.1556
35.9303
35.6244
35.2435
34.7924
34.2731
33.6882
33.0422
32.3413
31.5933
30.8068
29.9903
29.1506
28.2896
27.4015
26.4664
25.4857
3.91003
0.765536
-2.8062
-6.55153
-10.1519
-13.874
-17.5384
-21.0302
-24.4008
-27.5909
-30.5921
-33.4321
-36.1032
-38.6183
-40.9872
-43.2088
-45.2812
-47.1963
-48.9405
-50.4964
-51.8418
-52.9533
-53.8137
-54.4158
-54.7712
-54.9043
-54.8094
-54.4576
-53.8163
-52.8532
-51.5369
-49.8348
-47.7168
-45.1569
-42.135
-38.6411
-34.6795
-30.2844
-25.7357
6.88659
9.73627
12.8803
16.1854
19.3144
22.3371
25.1379
27.5109
29.4129
30.9166
32.0632
32.9046
33.5202
33.9672
34.2869
34.5145
34.6733
34.7781
34.8394
34.8615
34.8452
34.7861
34.675
34.4988
34.2509
33.9353
33.5557
33.1133
32.6097
32.0479
31.4322
30.7676
30.06
29.315
28.5362
27.7231
26.869
25.9553
24.9911
3.5373
0.545504
-2.84951
-6.40424
-9.81619
-13.3385
-16.8002
-20.0929
-23.2653
-26.2618
-29.075
-31.7314
-34.224
-36.5656
-38.7655
-40.8234
-42.7377
-44.5015
-46.1026
-47.5257
-48.7509
-49.7579
-50.532
-51.0685
-51.38
-51.4908
-51.397
-51.0737
-50.4929
-49.6269
-48.4485
-46.9294
-45.0424
-42.7636
-40.0722
-36.9548
-33.4069
-29.4476
-25.3233
6.37253
9.08922
12.0899
15.2487
18.2429
21.1398
23.8293
26.113
27.9482
29.4041
30.5192
31.3419
31.9481
32.3924
32.7144
32.9478
33.1155
33.232
33.3078
33.3478
33.3534
33.3215
33.2443
33.1103
32.9126
32.6536
32.3361
31.9609
31.5288
31.0415
30.5016
29.9125
29.2775
28.5997
27.8805
27.1175
26.3027
25.4185
24.4796
3.20078
0.355063
-2.87102
-6.24379
-9.47622
-12.8084
-16.0777
-19.1816
-22.1667
-24.9806
-27.6168
-30.1007
-32.4262
-34.6056
-36.648
-38.5536
-40.3214
-41.9453
-43.4144
-44.7153
-45.8305
-46.7419
-47.4375
-47.9148
-48.1869
-48.2777
-48.1849
-47.8874
-47.361
-46.582
-45.5271
-44.1718
-42.492
-40.4654
-38.0716
-35.2945
-32.1229
-28.5637
-24.8331
5.90061
8.48984
11.353
14.3712
17.2354
20.0112
22.593
24.79
26.5602
27.9691
29.0527
29.8562
30.452
30.8925
31.2152
31.4528
31.6273
31.7532
31.8408
31.8958
31.9197
31.9106
31.8623
31.7643
31.6097
31.3996
31.136
30.8193
30.4497
30.028
29.5557
29.0343
28.4657
27.851
27.1895
26.4775
25.7058
24.8574
23.951
2.89768
0.191745
-2.87285
-6.07201
-9.13339
-12.2848
-15.3712
-18.2963
-21.1043
-23.7459
-26.2155
-28.5374
-30.7063
-32.7342
-34.6301
-36.3941
-38.0261
-39.5206
-40.8682
-42.0568
-43.0714
-43.8958
-44.5201
-44.944
-45.1809
-45.254
-45.1626
-44.8884
-44.4109
-43.7101
-42.7657
-41.5569
-40.0624
-38.2618
-36.1352
-33.6646
-30.8341
-27.6407
-24.2742
5.46784
7.93489
10.666
13.549
16.2882
18.9471
21.4246
23.5376
25.2443
26.6071
27.6592
28.443
29.0277
29.4631
29.7851
30.0252
30.2049
30.3382
30.4353
30.5023
30.5414
30.5514
30.5274
30.4602
30.3425
30.1744
29.9573
29.6913
29.3763
29.0122
28.5997
28.1392
27.6311
27.075
26.4689
25.8076
25.0815
24.2736
23.4054
2.62542
0.0531821
-2.85703
-5.8905
-8.78893
-11.7683
-14.6811
-17.4368
-20.0773
-22.5563
-24.8692
-27.0391
-29.0615
-30.9478
-32.707
-34.3396
-35.8458
-37.2209
-38.4566
-39.5424
-40.4648
-41.21
-41.7699
-42.1459
-42.3515
-42.4092
-42.3195
-42.0667
-41.6333
-41.0025
-40.1571
-39.0792
-37.7502
-36.1515
-34.2641
-32.069
-29.5468
-26.6869
-23.6556
5.07138
7.42125
10.0256
12.7786
15.3974
17.9435
20.3202
22.3515
23.9964
25.3136
26.3343
27.0981
27.6708
28.1001
28.4203
28.6615
28.8446
28.9834
29.0881
29.1648
29.2163
29.2422
29.2385
29.1972
29.1109
28.9788
28.8017
28.5796
28.312
27.9984
27.6387
27.2325
26.7792
26.2775
25.7239
25.1126
24.4333
23.6693
22.8434
2.3815
-0.0627774
-2.82551
-5.70081
-8.44398
-11.2597
-14.0078
-16.6029
-19.085
-21.4107
-23.5761
-25.6033
-27.4884
-29.2426
-30.8746
-32.3852
-33.7749
-35.0398
-36.1726
-37.1641
-38.0024
-38.6758
-39.1776
-39.5106
-39.6885
-39.7331
-39.6453
-39.4121
-39.0187
-38.4507
-37.694
-36.733
-35.5515
-34.133
-32.4593
-30.5112
-28.2667
-25.7097
-22.986
4.70849
6.94606
9.42876
12.0567
14.5596
16.9967
19.2758
21.2279
22.8122
24.0846
25.0741
25.8175
26.3775
26.7998
27.1169
27.358
27.5432
27.6859
27.7963
27.8807
27.9422
27.9809
27.9941
27.9745
27.9149
27.8134
27.6706
27.4863
27.2598
26.9902
26.677
26.3193
25.9157
25.4638
24.9598
24.3971
23.7649
23.0466
22.266
2.16364
-0.158238
-2.77996
-5.50436
-8.09966
-10.7597
-13.3514
-15.7944
-18.1267
-20.3078
-22.3344
-24.2276
-25.9843
-27.6151
-29.1287
-30.5261
-31.8079
-32.9712
-34.0095
-34.9146
-35.6763
-36.2846
-36.7341
-37.0287
-37.1822
-37.2155
-37.1301
-36.915
-36.5578
-36.0464
-35.3689
-34.5122
-33.4623
-32.2043
-30.7211
-28.9938
-26.9989
-24.7162
-22.2738
4.37669
6.50657
8.87241
11.3802
13.7713
16.1033
18.2879
20.1629
21.6881
22.9164
23.8748
24.5974
25.1442
25.5586
25.8716
26.1114
26.2974
26.4427
26.5572
26.6474
26.7167
26.7659
26.793
26.7915
26.7543
26.6788
26.5652
26.4134
26.2224
25.9912
25.7189
25.4042
25.0452
24.6391
24.1816
23.6655
23.0798
22.4083
21.6746
1.96965
-0.235122
-2.72209
-5.3025
-7.75692
-10.2689
-12.7121
-15.0109
-17.2017
-19.2463
-21.1423
-22.9098
-24.5462
-26.0619
-27.4653
-28.7575
-29.9397
-31.0093
-31.9607
-32.7869
-33.4789
-34.0281
-34.4307
-34.6912
-34.8233
-34.847
-34.7643
-34.566
-34.2416
-33.7812
-33.1746
-32.411
-31.4781
-30.3628
-29.0493
-27.519
-25.748
-23.713
-21.5269
4.07359
6.10017
8.35386
10.746
13.0295
15.2599
17.353
19.1531
20.6206
21.8054
22.7327
23.4344
23.9674
24.3731
24.6812
24.9187
25.1044
25.2509
25.3681
25.4626
25.538
25.5955
25.6337
25.6473
25.6287
25.5752
25.4865
25.3624
25.202
25.0042
24.7677
24.4911
24.1723
23.808
23.3936
22.9219
22.3817
21.7568
21.0708
1.79751
-0.295231
-2.65342
-5.09647
-7.41668
-9.78778
-12.0899
-14.2522
-16.3091
-18.225
-19.9981
-21.6477
-23.1715
-24.5797
-25.8805
-27.0752
-28.1653
-29.1485
-30.0201
-30.7741
-31.4027
-31.8986
-32.259
-32.4893
-32.6028
-32.6185
-32.5389
-32.3561
-32.0616
-31.6469
-31.1039
-30.4232
-29.5945
-28.606
-27.4433
-26.0886
-24.5178
-22.7061
-20.7527
3.79694
5.72449
7.8705
10.1515
12.3312
14.4636
16.4679
18.1952
19.6062
20.7482
21.6446
22.3251
22.8438
23.2403
23.5426
23.777
23.9614
24.1081
24.2269
24.3243
24.4041
24.468
24.5152
24.541
24.538
24.5028
24.4352
24.3348
24.2007
24.0318
23.8267
23.5838
23.3009
22.9747
22.6002
22.1702
21.6738
21.0949
20.4565
1.64531
-0.340258
-2.57541
-4.88734
-7.0797
-9.31688
-11.4851
-13.518
-15.4483
-17.2428
-18.9002
-20.4389
-21.8574
-23.1653
-24.3705
-25.4748
-26.4796
-27.3832
-28.1817
-28.8698
-29.4407
-29.8884
-30.2112
-30.4146
-30.512
-30.5211
-30.4449
-30.2766
-30.0092
-29.6358
-29.1496
-28.543
-27.8069
-26.931
-25.9022
-24.7037
-23.3116
-21.7006
-19.9581
3.54466
5.37724
7.41986
9.5939
11.6736
13.7112
15.6296
17.286
18.6416
19.7415
20.6074
21.2666
21.7706
22.1572
22.4532
22.6836
22.8658
23.0118
23.1312
23.2303
23.3133
23.382
23.4362
23.4718
23.4816
23.4618
23.4119
23.3316
23.2201
23.0762
22.8986
22.6855
22.4346
22.1428
21.8051
21.4142
20.9596
20.4253
19.8337
1.51127
-0.371796
-2.48939
-4.67622
-6.74681
-8.85655
-10.8976
-12.8079
-14.6184
-16.2983
-17.8467
-19.2815
-20.6012
-21.8155
-22.9318
-23.9522
-24.8781
-25.7084
-26.4398
-27.0676
-27.5862
-27.9905
-28.2795
-28.4593
-28.5427
-28.5465
-28.4738
-28.3192
-28.0765
-27.7404
-27.3051
-26.7644
-26.1106
-25.3347
-24.4248
-23.3649
-22.1323
-20.7012
-19.1491
3.3148
5.05632
6.99969
9.07083
11.0541
13.0002
14.8351
16.4226
17.7241
18.7826
19.6181
20.2559
20.7449
21.1212
21.4102
21.636
21.8154
21.9599
22.0789
22.1789
22.2638
22.3359
22.3955
22.439
22.4592
22.4521
22.4171
22.3539
22.2617
22.1394
21.9856
21.7988
21.5766
21.3159
21.0118
20.6574
20.2422
19.7508
19.2046
1.39374
-0.391304
-2.39658
-4.46411
-6.41868
-8.40719
-10.3275
-12.1215
-13.8187
-15.3903
-16.8362
-18.1732
-19.4005
-20.5273
-21.5609
-22.5032
-23.3562
-24.119
-24.7888
-25.3616
-25.8327
-26.1979
-26.4567
-26.6156
-26.687
-26.6867
-26.6178
-26.4758
-26.2558
-25.9532
-25.5636
-25.0818
-24.5012
-23.814
-23.0094
-22.0726
-20.982
-19.7121
-18.3316
3.10553
4.75971
6.60784
8.58001
10.4703
12.328
14.0819
15.6023
16.8506
17.8684
18.674
19.2904
19.7642
20.1297
20.4112
20.6319
20.8079
20.9503
21.0682
21.1681
21.2541
21.3285
21.3921
21.4417
21.4703
21.4737
21.4511
21.4023
21.3266
21.2229
21.09
20.9263
20.7296
20.4969
20.2235
19.9027
19.5245
19.0739
18.5714
1.29115
-0.400177
-2.29814
-4.25188
-6.09593
-7.96909
-9.77466
-11.4584
-13.0483
-14.5177
-15.8669
-17.112
-18.2526
-19.2977
-20.2541
-21.1241
-21.9097
-22.6102
-23.2234
-23.746
-24.174
-24.5039
-24.7359
-24.8765
-24.9376
-24.9341
-24.8691
-24.739
-24.5396
-24.2674
-23.9188
-23.4895
-22.974
-22.3655
-21.6543
-20.8268
-19.8624
-18.7366
-17.5103
2.91512
4.48562
6.24231
8.11927
9.91982
11.692
13.3673
14.8225
16.0186
16.9963
17.7725
18.3677
18.826
19.1804
19.4541
19.6692
19.8412
19.981
20.0972
20.1964
20.2826
20.3584
20.4248
20.479
20.5143
20.5263
20.514
20.4774
20.4157
20.3281
20.2134
20.07
19.896
19.6884
19.4429
19.1531
18.8093
18.3972
17.9363
1.20204
-0.399718
-2.19521
-4.0404
-5.77916
-7.54255
-9.23906
-10.8181
-12.3064
-13.6792
-14.9372
-16.0959
-17.1552
-18.1238
-19.0083
-19.8111
-20.5341
-21.1772
-21.7385
-22.2153
-22.6042
-22.9022
-23.1104
-23.2348
-23.2872
-23.2814
-23.2205
-23.1014
-22.921
-22.6763
-22.3646
-21.9822
-21.5246
-20.986
-20.3575
-19.6269
-18.7748
-17.7776
-16.6898
2.74196
4.23225
5.90128
7.68661
9.40069
11.0902
12.6891
14.0806
15.2252
16.1639
16.9112
17.4853
17.9281
18.2712
18.5367
18.7458
18.9135
19.0501
19.1643
19.2622
19.348
19.4243
19.4926
19.5502
19.5908
19.6096
19.6059
19.5795
19.5299
19.4561
19.3572
19.2317
19.0778
18.8928
18.6726
18.4111
18.0993
17.7232
17.3014
1.1251
-0.39108
-2.08873
-3.8304
-5.46887
-7.12782
-8.72063
-10.2004
-11.5923
-12.8736
-14.0455
-15.1226
-16.1056
-17.0027
-17.8202
-18.5603
-19.2254
-19.8155
-20.3291
-20.764
-21.1173
-21.3869
-21.5737
-21.6841
-21.7291
-21.7217
-21.665
-21.5564
-21.3934
-21.1737
-20.895
-20.5546
-20.1486
-19.672
-19.117
-18.4723
-17.7199
-16.8375
-15.8737
2.58461
3.99801
5.58294
7.28007
8.91075
10.5204
12.045
13.3746
14.4683
15.3687
16.088
16.641
17.0681
17.3998
17.657
17.8599
18.0229
18.1561
18.2678
18.3639
18.4488
18.5251
18.5943
18.6545
18.6991
18.7235
18.7268
18.709
18.6696
18.6078
18.5226
18.4128
18.2768
18.112
17.9146
17.679
17.3966
17.0541
16.669
1.05911
-0.375283
-1.97958
-3.62249
-5.16538
-6.72491
-8.2191
-9.60467
-10.9049
-12.0998
-13.1902
-14.1904
-15.1017
-15.9318
-16.6865
-17.3682
-17.9795
-18.5206
-18.9904
-19.387
-19.7081
-19.9519
-20.1198
-20.218
-20.2569
-20.2486
-20.1961
-20.0973
-19.9503
-19.7533
-19.5045
-19.2017
-18.8417
-18.4203
-17.9304
-17.3619
-16.6981
-15.9181
-15.0652
2.44171
3.7814
5.28565
6.89781
8.448
9.9802
11.4324
12.7017
13.7452
14.609
15.3009
15.8329
16.2442
16.5643
16.8129
17.0095
17.1677
17.2972
17.4061
17.5002
17.5837
17.6594
17.7291
17.7908
17.8385
17.8673
17.8764
17.8658
17.8351
17.7836
17.7104
17.6145
17.4943
17.3476
17.1709
16.9589
16.7035
16.3921
16.0412
1.0028
-0.353461
-1.86873
-3.41744
-4.86931
-6.33402
-7.73429
-9.03029
-10.2434
-11.3564
-12.3695
-13.2971
-14.1414
-14.9088
-15.6045
-16.2315
-16.7927
-17.2885
-17.7178
-18.0793
-18.3711
-18.5917
-18.7429
-18.8305
-18.8643
-18.8557
-18.8075
-18.7181
-18.5858
-18.4095
-18.1877
-17.9187
-17.5998
-17.2275
-16.7955
-16.2946
-15.7095
-15.0207
-14.2671
2.31189
3.5811
5.00817
6.53842
8.01095
9.46805
10.8495
12.0599
13.0533
13.8824
14.5483
15.0592
15.4544
15.7628
16.003
16.1931
16.3463
16.4719
16.5777
16.6696
16.7514
16.8262
16.8957
16.9584
17.0083
17.0407
17.0545
17.05
17.0267
16.9841
16.9215
16.8378
16.7317
16.6012
16.4431
16.2525
16.0218
15.7391
15.4199
0.954904
-0.327079
-1.7576
-3.21667
-4.58168
-5.95622
-7.26685
-8.47739
-9.60715
-10.6427
-11.5814
-12.44
-13.2217
-13.9306
-14.5708
-15.1465
-15.6611
-16.1149
-16.507
-16.8362
-17.1013
-17.3011
-17.4373
-17.5157
-17.5454
-17.537
-17.4931
-17.4126
-17.2941
-17.1366
-16.9393
-16.7007
-16.4188
-16.0902
-15.7097
-15.2689
-14.7539
-14.1465
-13.4816
2.19386
3.39589
4.74931
6.20107
7.5991
8.98358
10.2959
11.4481
12.3887
13.1854
13.8272
14.3171
14.6963
14.9934
15.2253
15.4089
15.557
15.6787
15.7814
15.8708
15.9508
16.0242
16.0932
16.1564
16.2079
16.243
16.2608
16.2614
16.2446
16.2097
16.1563
16.0834
15.9899
15.8739
15.7326
15.5614
15.3533
15.0969
14.8072
0.914519
-0.296846
-1.64681
-3.02073
-4.30321
-5.59213
-6.81728
-7.94649
-8.99652
-9.95917
-10.8247
-11.6163
-12.3398
-12.9939
-13.5816
-14.1091
-14.5803
-14.9953
-15.353
-15.6528
-15.8936
-16.0747
-16.1979
-16.2684
-16.295
-16.2871
-16.2477
-16.1756
-16.0699
-15.9299
-15.7548
-15.5438
-15.2948
-15.0055
-14.6709
-14.2836
-13.8309
-13.2961
-12.7106
2.0866
3.22451
4.50779
5.88416
7.21084
8.5253
9.77126
10.8664
11.7501
12.516
13.1353
13.6044
13.9677
14.2537
14.4775
14.6548
14.7979
14.9156
15.0153
15.1022
15.1802
15.2523
15.3205
15.3838
15.4364
15.4739
15.495
15.5
15.4887
15.4607
15.4155
15.3522
15.2699
15.1669
15.0408
14.8872
14.6997
14.4675
14.2048
0.881755
-0.261935
-1.53474
-2.8274
-4.03134
-5.23875
-6.38308
-7.43544
-8.41015
-9.30322
-10.0985
-10.8286
-11.4982
-12.0994
-12.6361
-13.1176
-13.548
-13.9263
-14.2518
-14.5242
-14.7429
-14.9072
-15.0189
-15.0827
-15.1068
-15.1001
-15.0652
-15.0013
-14.9075
-14.7836
-14.629
-14.4428
-14.2238
-13.9696
-13.6761
-13.3366
-12.9396
-12.4697
-11.955
1.98962
3.06589
4.28081
5.58366
6.84081
8.08639
9.26855
10.3088
11.1411
11.8805
12.4761
12.9222
13.2691
13.5441
13.7594
13.93
14.068
14.1817
14.2781
14.3625
14.4384
14.509
14.5764
14.6396
14.6931
14.7323
14.7563
14.7651
14.7588
14.7369
14.6989
14.6442
14.5721
14.4809
14.3685
14.2309
14.0622
13.852
13.6142
0.856192
-0.222545
-1.42078
-2.63548
-3.7638
-4.89277
-5.95942
-6.93909
-7.84241
-8.6688
-9.39641
-10.0773
-10.701
-11.2487
-11.7338
-12.1712
-12.5632
-12.9067
-13.2014
-13.448
-13.6461
-13.7951
-13.8963
-13.9546
-13.977
-13.9718
-13.9416
-13.8856
-13.8032
-13.6944
-13.5585
-13.395
-13.203
-12.9805
-12.7238
-12.427
-12.0797
-11.6679
-11.217
1.90238
2.91903
4.06707
5.29703
6.48493
7.66045
8.77889
9.76192
10.5544
11.2822
11.8527
12.2706
12.6001
12.8647
13.0717
13.2354
13.3681
13.4777
13.5709
13.6526
13.7264
13.7953
13.8616
13.9244
13.9785
14.0192
14.0456
14.0578
14.0558
14.0394
14.0079
13.9611
13.898
13.8175
13.7174
13.5943
13.4427
13.2527
13.0378
0.837258
-0.190647
-1.33104
-2.47987
-3.54075
-4.5942
-5.57588
-6.46776
-7.27157
-8.00814
-8.61041
-9.27783
-9.90879
-10.4353
-10.8965
-11.3193
-11.7004
-12.0331
-12.3179
-12.5566
-12.7487
-12.8935
-12.9923
-13.0496
-13.0728
-13.0702
-13.0445
-12.9947
-12.921
-12.8237
-12.6996
-12.5514
-12.3782
-12.1777
-11.9465
-11.6794
-11.3669
-10.9962
-10.5907
1.83573
2.80436
3.89992
5.06451
6.18498
7.28071
8.30739
9.1797
9.87979
10.6785
11.2652
11.6737
12.0027
12.2715
12.4811
12.6458
12.7792
12.8897
12.9838
13.0662
13.1409
13.2109
13.2785
13.3431
13.3993
13.4425
13.4716
13.487
13.4885
13.476
13.4492
13.4077
13.3507
13.2773
13.1855
13.0721
12.9319
12.7555
12.5559
0.822883
-0.163177
-1.25428
-2.34546
-3.34356
-4.32175
-5.2151
-6.00873
-6.69531
-7.32273
-7.76006
-8.44824
-9.12241
-9.6498
-10.1061
-10.5335
-10.9218
-11.2599
-11.5489
-11.7916
-11.9875
-12.1359
-12.2382
-12.2987
-12.3253
-12.3265
-12.3055
-12.2608
-12.194
-12.1059
-11.9883
-11.8501
-11.69
-11.5046
-11.2909
-11.0444
-10.7564
-10.4148
-10.0411
1.78178
2.71031
3.75878
4.86204
5.91393
6.92066
7.83752
8.57794
9.16198
10.0714
10.7047
11.1188
11.4576
11.7399
11.9594
12.1307
12.2692
12.384
12.4817
12.5673
12.645
12.7179
12.7887
12.8567
12.9165
12.963
12.9952
13.0136
13.0182
13.0088
12.9854
12.9475
12.8946
12.8259
12.7396
12.6325
12.4999
12.3323
12.1429
0.81022
-0.133583
-1.17492
-2.20808
-3.14351
-4.04677
-4.85392
-5.55178
-6.12795
-6.64928
-6.93327
-7.62895
-8.33714
-8.86312
-9.3107
-9.73808
-10.1306
-10.4723
-10.764
-11.0095
-11.2089
-11.3605
-11.4663
-11.53
-11.5602
-11.5654
-11.5496
-11.5106
-11.4513
-11.3731
-11.2629
-11.1355
-10.9893
-10.8197
-10.6239
-10.3982
-10.1347
-9.82204
-9.48249
1.72891
2.61715
3.61788
4.65958
5.64394
6.56147
7.37262
7.98928
8.4593
9.45653
10.1382
10.5584
10.9033
11.197
11.4262
11.6037
11.7469
11.8658
11.9669
12.0556
12.136
12.2118
12.2857
12.3571
12.4204
12.4702
12.5057
12.5273
12.5351
12.5291
12.5091
12.475
12.4264
12.3625
12.2817
12.1811
12.056
11.8975
11.7184
0.799042
-0.102496
-1.09396
-2.0694
-2.94275
-3.77195
-4.49564
-5.10006
-5.57334
-5.98754
-6.13564
-6.82363
-7.55229
-8.07532
-8.51225
-8.93526
-9.32863
-9.67176
-9.96475
-10.2121
-10.4139
-10.5687
-10.6778
-10.7447
-10.7784
-10.7876
-10.7767
-10.7429
-10.6907
-10.6217
-10.5182
-10.4007
-10.2674
-10.1127
-9.93404
-9.72852
-9.48891
-9.20358
-8.89142
1.67729
2.52547
3.47823
4.45884
5.37707
6.20531
6.91607
7.4135
7.77631
8.83474
9.56394
9.99367
10.3424
10.6447
10.8825
11.0662
11.214
11.3367
11.4411
11.5327
11.6159
11.6944
11.7712
11.846
11.9128
11.9661
12.0048
12.0297
12.0408
12.0383
12.0221
11.9921
11.9481
11.8893
11.8143
11.7204
11.6031
11.4536
11.2847
0.789438
-0.0702358
-1.01218
-1.93074
-2.74318
-3.49986
-4.14319
-4.6567
-5.03461
-5.33921
-5.37052
-6.03594
-6.76922
-7.28597
-7.7108
-8.12569
-8.5162
-8.85867
-9.15154
-9.39957
-9.60319
-9.76083
-9.87329
-9.94447
-9.98323
-9.99826
-9.99459
-9.9688
-9.92655
-9.86963
-9.77637
-9.67159
-9.55359
-9.41571
-9.25535
-9.07039
-8.85484
-8.59938
-8.32842
1.62743
2.43603
3.34101
4.26154
5.11537
5.85415
6.47013
6.84852
7.11197
8.20692
8.97961
9.42298
9.77571
10.0851
10.3301
10.5191
10.6707
10.7969
10.9048
10.9996
11.0857
11.1671
11.247
11.3253
11.3959
11.4529
11.4953
11.5237
11.5385
11.5396
11.5272
11.5013
11.4618
11.4082
11.3391
11.252
11.1427
11.0027
10.8445
0.78133
-0.037403
-0.930949
-1.79396
-2.54731
-3.23362
-3.80026
-4.22591
-4.51556
-4.70726
-4.63983
-5.26817
-5.98911
-6.49477
-6.90613
-7.30963
-7.69356
-8.03297
-8.32445
-8.57245
-8.77746
-8.9375
-9.05256
-9.12619
-9.16688
-9.18405
-9.18329
-9.16079
-9.12329
-9.0727
-8.98447
-8.88773
-8.78082
-8.65648
-8.51239
-8.34687
-8.15325
-7.91897
-7.65458
1.57994
2.35006
3.20779
4.07004
4.86088
5.51002
6.03666
6.29232
6.46212
7.57375
8.38387
8.84306
9.20104
9.5184
9.77204
9.96656
10.121
10.2491
10.3591
10.4563
10.5451
10.6294
10.7126
10.7946
10.8691
10.9304
10.9771
11.01
11.0295
11.0356
11.0284
11.0078
10.9738
10.9258
10.863
10.7827
10.6811
10.5496
10.3997
0.77459
-0.0053176
-0.852683
-1.66249
-2.35882
-2.9773
-3.47055
-3.81125
-4.01848
-4.09372
-3.94448
-4.52171
-5.21341
-5.70187
-6.09756
-6.48647
-6.86025
-7.19381
-7.48214
-7.72927
-7.93606
-8.10063
-8.2233
-8.30763
-8.36122
-8.39219
-8.40647
-8.40003
-8.38062
-8.34994
-8.27955
-8.20171
-8.11479
-8.01048
-7.88646
-7.74228
-7.57537
-7.38244
-7.19768
1.53595
2.26958
3.08149
3.88787
4.6155
5.1729
5.61339
5.73831
5.81699
6.93438
7.77884
8.25377
8.61415
8.93695
9.201
9.40605
9.56816
9.70065
9.81282
9.91132
10.0014
10.0874
10.1731
10.2583
10.3365
10.4012
10.4514
10.4878
10.511
10.5213
10.519
10.5042
10.477
10.437
10.3829
10.3126
10.2223
10.105
9.97505
0.768843
0.0243565
-0.780551
-1.54071
-2.18273
-2.73601
-3.15762
-3.41427
-3.54295
-3.49956
-3.28377
-3.79691
-4.44335
-4.90718
-5.28363
-5.65458
-6.01492
-6.34029
-6.62365
-6.86735
-7.07124
-7.23222
-7.34892
-7.42331
-7.46501
-7.48565
-7.49129
-7.47733
-7.45174
-7.41558
-7.34132
-7.26418
-7.18258
-7.0882
-6.97868
-6.85248
-6.70071
-6.50368
-6.24853
1.49622
2.19619
2.96493
3.71881
4.38123
4.84381
5.1992
5.17912
5.16026
6.27948
7.16528
7.66587
8.03027
8.34891
8.60984
8.81705
8.987
9.13037
9.25314
9.36012
9.45645
9.54729
9.63739
9.72772
9.81239
9.88435
9.94161
9.98458
10.0135
10.0283
10.0294
10.0171
9.99162
9.95322
9.90144
9.83439
9.74779
9.62995
9.48471
0.763766
0.0516381
-0.714664
-1.42988
-2.02197
-2.51495
-2.86746
-3.04226
-3.09667
-2.93247
-2.65726
-3.0931
-3.68018
-4.11084
-4.46297
-4.81088
-5.15271
-5.46762
-5.74923
-5.99921
-6.21735
-6.40179
-6.55283
-6.67278
-6.76304
-6.82762
-6.87491
-6.90197
-6.92035
-6.93028
-6.89551
-6.8536
-6.80424
-6.73816
-6.65392
-6.55414
-6.44526
-6.34013
-6.30389
1.45979
2.12852
2.85744
3.56403
4.16165
4.53567
4.81151
4.61766
4.47734
5.58682
6.51598
7.06386
7.46573
7.8058
8.06612
8.25517
8.40146
8.52684
8.64122
8.74781
8.84851
8.94586
9.043
9.13995
9.23077
9.31009
9.3774
9.43357
9.47874
9.51285
9.53569
9.54689
9.5458
9.53148
9.50274
9.45827
9.39851
9.32649
9.27503
0.75976
0.0777431
-0.653122
-1.32814
-1.87672
-2.31855
-2.61061
-2.71623
-2.70526
-2.40936
-2.06563
-2.41257
-2.92571
-3.31223
-3.63592
-3.95747
-4.27127
-4.55766
-4.8106
-5.03055
-5.21495
-5.35686
-5.44988
-5.49414
-5.50959
-5.51696
-5.518
-5.50395
-5.47971
-5.44527
-5.37916
-5.31793
-5.25909
-5.19436
-5.12053
-5.03289
-4.91176
-4.71562
-4.37635
1.42654
2.06636
2.75932
3.42452
3.96272
4.27062
4.47317
4.05367
3.76728
4.85397
5.78925
6.35331
6.79708
7.20909
7.55239
7.80751
7.98665
8.11196
8.20587
8.28529
8.36122
8.44074
8.52853
8.6228
8.7116
8.78415
8.83819
8.87497
8.89616
8.90317
8.89743
8.88078
8.85522
8.82228
8.78193
8.73003
8.65287
8.51572
8.27639
0.757393
0.0955545
-0.60933
-1.25149
-1.76244
-2.15824
-2.39305
-2.43935
-2.35859
-1.91004
-1.49901
-1.76367
-2.1867
-2.50735
-2.79204
-3.09493
-3.40954
-3.71751
-4.01188
-4.29262
-4.56065
-4.81807
-5.06566
-5.29643
-5.48299
-5.6166
-5.72369
-5.81111
-5.90197
-5.99272
-6.01977
-6.02231
-6.01826
-6.00141
-5.96817
-5.92643
-5.90515
-5.95609
-6.21456
1.40526
2.02566
2.69121
3.31822
3.79542
4.04099
4.12003
3.40743
3.0162
4.14793
5.09291
5.61035
5.96514
6.28633
6.59315
6.88989
7.17379
7.43094
7.64977
7.82818
7.97188
8.0903
8.19715
8.31191
8.4481
8.59414
8.73357
8.8612
8.9756
9.07585
9.15997
9.22516
9.26928
9.29123
9.29293
9.28212
9.28342
9.35139
9.5947
0.754281
0.0841028
-0.621734
-1.24881
-1.72674
-2.06447
-2.21303
-2.16032
-1.94202
-1.3236
-0.914594
-1.13989
-1.48517
-1.72131
-1.90609
-2.086
-2.26354
-2.43074
-2.58251
-2.71365
-2.8121
-2.85856
-2.83906
-2.76216
-2.69096
-2.65882
-2.64282
-2.61127
-2.55605
-2.51619
-2.44876
-2.39034
-2.34819
-2.30974
-2.26814
-2.21492
-2.10503
-1.85722
-1.29007
1.41096
2.03579
2.69331
3.28462
3.6805
3.79964
3.58529
2.52702
2.12673
3.44356
4.61867
5.37659
5.85073
6.09817
6.14608
6.07074
5.9543
5.86303
5.8248
5.84208
5.90652
6.00945
6.13488
6.24292
6.29
6.29402
6.28902
6.28013
6.26632
6.24729
6.22673
6.2096
6.19943
6.19725
6.19828
6.18453
6.10281
5.8451
5.23556
0.745655
0.0440426
-0.686975
-1.31959
-1.77448
-2.04955
-2.09153
-1.89639
-1.46875
-0.685617
-0.291324
-0.471151
-0.787529
-1.08527
-1.38603
-1.70051
-2.03147
-2.38051
-2.75248
-3.15622
-3.60393
-4.10188
-4.6269
-5.11962
-5.47438
-5.6909
-5.90412
-6.0735
-6.35618
-6.76769
-6.64885
-6.67008
-6.79618
-6.88909
-6.93373
-6.97685
-7.0931
-7.38867
-8.06631
1.43171
2.07865
2.74581
3.31241
3.62616
3.57545
2.96718
1.60135
0.970289
2.14918
3.45672
4.74989
6.0077
7.20046
8.21311
8.98797
9.54337
9.89743
10.0978
10.1976
10.2432
10.2721
10.3394
10.5326
10.8854
11.2692
11.5846
11.8438
12.0687
12.2633
12.4207
12.5374
12.6156
12.662
12.6928
12.7404
12.8874
13.2585
14.0576
106.93
106.195
105.246
104.011
102.281
99.8651
96.5442
92.1384
86.6745
80.5048
74.1482
67.9789
62.1165
56.5399
51.2095
46.109
41.2382
36.599
32.1892
28.0026
24.0294
20.2608
16.6874
13.3008
10.0935
7.05808
4.18757
1.47519
-1.08353
-3.49217
-5.75259
-7.86535
-9.83099
-11.6487
-13.3178
-14.8377
-16.2079
-17.4287
-18.5008
-19.4257
-20.2057
-20.8443
-21.3456
-21.7147
-21.9575
-22.081
-22.0923
-21.9994
-21.8106
-21.5346
-21.18
-20.7557
-20.2702
-19.7319
-19.1487
-18.5283
-17.8777
-17.2035
-16.5116
-15.8074
-15.0957
-14.3806
-13.6659
-12.9546
-12.2496
-11.5525
-10.867
-10.2803
-9.7571
-9.22904
-8.65681
-8.13402
-7.45342
-7.07842
-6.04616
-6.30268
-4.11276
-6.40436
-0.929243
-8.54151
106.571
103.447
99.9076
96.1891
92.3823
88.5723
84.8221
81.18
77.6289
74.1966
70.8833
67.6994
64.6513
61.7448
58.9836
56.3704
53.906
51.5903
49.4213
47.3957
45.5093
43.7568
42.1321
40.6285
39.239
37.9563
36.773
35.682
34.6761
33.7482
32.8919
32.1005
31.3677
30.6874
30.0537
29.4606
28.9025
28.3739
27.8692
27.3832
26.911
26.4479
25.9894
25.5317
25.0711
24.6046
24.1297
23.6445
23.1473
22.6373
22.1141
21.5776
21.0284
20.4673
19.8955
19.3144
18.7258
18.1315
17.5334
16.9336
16.3341
15.7368
15.1438
14.5567
13.9779
13.4086
12.8521
12.3839
11.9802
11.5653
11.1412
10.7111
10.2726
9.86716
9.35576
9.23509
8.06671
9.76727
4.8208
14.3942
47.004
46.4886
46.0021
45.5525
45.1136
44.7244
44.4126
44.1501
43.8419
43.3583
42.6157
41.6089
40.3442
38.8204
37.0549
35.0802
32.9309
30.639
28.2339
25.7437
23.1946
20.6116
18.017
15.4306
12.8701
10.3511
7.88861
5.49583
3.18445
0.963346
-1.16017
-3.17985
-5.09116
-6.88964
-8.57147
-10.1337
-11.5735
-12.8889
-14.0783
-15.1407
-16.0759
-16.8846
-17.5684
-18.1293
-18.5708
-18.897
-19.1128
-19.2236
-19.2357
-19.156
-18.9916
-18.7499
-18.4385
-18.0649
-17.6366
-17.1609
-16.6448
-16.0949
-15.5172
-14.9177
-14.3014
-13.6731
-13.037
-12.3966
-11.7557
-11.1163
-10.4822
-9.93617
-9.44654
-8.95303
-8.41052
-7.9211
-7.26467
-6.92151
-5.91328
-6.18395
-4.05635
-6.27436
-1.02565
-8.35484
47.3256
47.5308
47.9153
48.2592
48.532
48.707
48.7738
48.7261
48.5611
48.2877
47.9063
47.4242
46.848
46.1853
45.4455
44.6385
43.7746
42.8646
41.9201
40.9523
39.9719
38.9892
38.0134
37.0532
36.1159
35.2072
34.3319
33.4935
32.694
31.9346
31.2154
30.5355
29.8933
29.2867
28.7132
28.1697
27.6529
27.1596
26.6859
26.2283
25.7831
25.3467
24.9157
24.4868
24.0568
23.623
23.1831
22.7349
22.2767
21.8075
21.3264
20.833
20.3274
19.8101
19.2817
18.7434
18.1965
17.6425
17.0832
16.5202
15.9556
15.3911
14.8288
14.2705
13.7183
13.1736
12.6399
12.1899
11.8012
11.4013
10.9914
10.5756
10.15
9.75953
9.25828
9.15193
8.00524
9.65554
4.90816
14.0549
29.2699
28.9742
28.6496
28.3159
27.9365
27.4902
26.9738
26.3868
25.7305
25.0103
24.2394
23.4501
22.6707
21.9007
21.1246
20.322
19.4745
18.568
17.5914
16.5365
15.3988
14.1771
12.8736
11.4938
10.0458
8.53972
6.98719
5.40009
3.79172
2.17562
0.56532
-1.02568
-2.58511
-4.10119
-5.56307
-6.9612
-8.28693
-9.53271
-10.692
-11.7592
-12.73
-13.6011
-14.3703
-15.0361
-15.5984
-16.0582
-16.4171
-16.678
-16.8445
-16.921
-16.9124
-16.8244
-16.663
-16.4344
-16.145
-15.8014
-15.4098
-14.9767
-14.5079
-14.0091
-13.4858
-12.9428
-12.3847
-11.8155
-11.2392
-10.6584
-10.0769
-9.57288
-9.11822
-8.6597
-8.14954
-7.69178
-7.06771
-6.74475
-5.78601
-6.03197
-4.03123
-6.08566
-1.17352
-8.0634
29.4254
29.5147
29.6007
29.6769
29.7724
29.8883
30.0269
30.1835
30.3554
30.5374
30.7224
30.9048
31.0775
31.2342
31.3686
31.4747
31.5472
31.5815
31.5741
31.5227
31.4259
31.2836
31.0968
30.8679
30.6003
30.2977
29.9649
29.607
29.2289
28.8358
28.4324
28.023
27.6111
27.2
26.7918
26.3881
25.9899
25.5973
25.2103
24.8278
24.4489
24.072
23.6955
23.3175
22.9361
22.5496
22.1562
21.7542
21.3424
20.9196
20.4851
20.0385
19.5795
19.1084
18.6256
18.1321
17.6288
17.117
16.5982
16.074
15.5461
15.0163
14.4867
13.9589
13.4352
12.9169
12.4077
11.9774
11.6053
11.2217
10.8276
10.4276
10.0169
9.64088
9.1564
9.04965
7.96116
9.49269
5.04679
13.6647
27.8541
27.6647
27.4584
27.2436
27.0065
26.7289
26.3926
25.9796
25.4684
24.8384
24.0791
23.2051
22.2584
21.2742
20.2652
19.2351
18.1865
17.1227
16.0465
14.9584
13.8578
12.7427
11.6107
10.4597
9.28769
8.09335
6.87641
5.63733
4.37848
3.10331
1.8168
0.525427
-0.763613
-2.04216
-3.30135
-4.5323
-5.726
-6.87377
-7.96733
-8.99901
-9.96207
-10.8507
-11.6598
-12.3855
-13.0249
-13.5761
-14.0385
-14.4121
-14.6984
-14.8993
-15.018
-15.058
-15.0237
-14.92
-14.752
-14.5252
-14.2453
-13.918
-13.5488
-13.1431
-12.7063
-12.2434
-11.7589
-11.2572
-10.7425
-10.2178
-9.68702
-9.22341
-8.80153
-8.37552
-7.89573
-7.46797
-6.87369
-6.57277
-5.65383
-5.8933
-3.97904
-5.94297
-1.23474
-7.87445
27.9838
28.0757
28.1416
28.1851
28.2118
28.2216
28.2164
28.1964
28.1641
28.1203
28.0672
28.0066
27.94
27.869
27.7948
27.7182
27.6398
27.5594
27.4765
27.3903
27.2994
27.2021
27.0966
26.9811
26.8537
26.713
26.5575
26.3865
26.1996
25.9969
25.7791
25.5471
25.3022
25.0459
24.7798
24.5053
24.2238
23.9365
23.644
23.3469
23.0453
22.7391
22.4277
22.1104
21.7863
21.4544
21.1137
20.763
20.4014
20.0281
19.6424
19.2439
18.8325
18.4081
17.9711
17.5222
17.0623
16.5923
16.1137
15.6279
15.1364
14.6411
14.1439
13.6464
13.1509
12.6587
12.1737
11.7626
11.4063
11.0384
10.6596
10.2748
9.87851
9.51643
9.0469
8.94443
7.89552
9.36359
5.08766
13.415
23.6044
23.3988
23.1883
22.9864
22.7855
22.5792
22.3591
22.1171
21.8451
21.5317
21.1619
20.7207
20.2045
19.623
18.9842
18.2898
17.5411
16.7391
15.8865
14.9866
14.0436
13.0614
12.0442
10.9964
9.92216
8.8254
7.70995
6.57927
5.43694
4.28629
3.13071
1.97414
0.820498
-0.325708
-1.45937
-2.57504
-3.66673
-4.7282
-5.75293
-6.73441
-7.66636
-8.54283
-9.35826
-10.1077
-10.7869
-11.3926
-11.9223
-12.3743
-12.7479
-13.0436
-13.2623
-13.406
-13.4773
-13.4797
-13.4169
-13.2934
-13.1137
-12.8826
-12.6053
-12.2867
-11.9317
-11.5451
-11.1316
-10.6955
-10.241
-9.77171
-9.29117
-8.86759
-8.47834
-8.08468
-7.63534
-7.23792
-6.67266
-6.39666
-5.51157
-5.75766
-3.90552
-5.82091
-1.24948
-7.73451
23.7523
23.8655
23.9796
24.0895
24.1963
24.2995
24.3977
24.4892
24.573
24.6471
24.7105
24.7619
24.8005
24.8254
24.8362
24.8326
24.815
24.7834
24.7388
24.6818
24.6134
24.5347
24.4466
24.3502
24.246
24.1349
24.0171
23.8926
23.7616
23.6239
23.479
23.3267
23.1667
22.9986
22.8223
22.6376
22.4446
22.2432
22.0335
21.8154
21.589
21.3539
21.11
20.8568
20.5939
20.3205
20.0362
19.7401
19.4316
19.1101
18.7751
18.4262
18.0634
17.6866
17.2961
16.8924
16.4763
16.0487
15.6108
15.1638
14.7095
14.2493
13.785
13.3186
12.852
12.3867
11.9266
11.5351
11.195
10.8431
10.48
10.1107
9.72927
9.38131
8.9267
8.83121
7.8127
9.24336
5.07683
13.2103
18.9558
18.7778
18.5922
18.4129
18.2326
18.0486
17.8583
17.6557
17.4349
17.1909
16.9174
16.6068
16.2524
15.8553
15.4224
14.9576
14.4617
13.9343
13.3729
12.7748
12.1388
11.4637
10.749
9.99487
9.20227
8.37292
7.50928
6.61437
5.69191
4.74592
3.78076
2.80124
1.81215
0.818514
-0.174432
-1.16142
-2.137
-3.09564
-4.03162
-4.93927
-5.81288
-6.64689
-7.4359
-8.17475
-8.85883
-9.48396
-10.0466
-10.5439
-10.9738
-11.335
-11.6271
-11.8504
-12.006
-12.0956
-12.1219
-12.0877
-11.9966
-11.8525
-11.6595
-11.422
-11.1443
-10.8309
-10.4862
-10.1143
-9.71954
-9.30548
-8.87556
-8.4926
-8.1369
-7.77663
-7.35913
-6.99307
-6.45849
-6.20819
-5.35907
-5.61147
-3.82486
-5.68754
-1.26192
-7.57759
19.0785
19.1714
19.2693
19.3669
19.468
19.5722
19.6795
19.7895
19.9019
20.0162
20.1318
20.248
20.3637
20.478
20.5898
20.6977
20.8005
20.8968
20.9854
21.065
21.1344
21.1928
21.2394
21.2737
21.2954
21.3043
21.3006
21.2845
21.2564
21.2166
21.1657
21.1039
21.0316
20.949
20.8563
20.7536
20.6407
20.5177
20.3844
20.2405
20.0859
19.9203
19.7433
19.5547
19.3539
19.1406
18.9142
18.6743
18.4204
18.1521
17.869
17.5709
17.2576
16.9293
16.5861
16.2284
15.857
15.4726
15.0764
14.6694
14.2532
13.8293
13.3993
12.9652
12.5289
12.0919
11.6581
11.2874
10.9646
10.6299
10.2837
9.93087
9.56553
9.23233
8.7946
8.70475
7.72129
9.10533
5.06271
12.9775
15.8237
15.677
15.5213
15.3682
15.2122
15.0523
14.8887
14.7189
14.5378
14.34
14.1208
13.8743
13.5936
13.2743
12.9183
12.5324
12.1212
11.687
11.2312
10.7534
10.2522
9.72677
9.1762
8.59967
7.9964
7.36587
6.7078
6.02231
5.31007
4.57222
3.81045
3.02721
2.22535
1.40834
0.58019
-0.254711
-1.09157
-1.92538
-2.75082
-3.56247
-4.35488
-5.12262
-5.86028
-6.56261
-7.22472
-7.84199
-8.41019
-8.92568
-9.38533
-9.78675
-10.1282
-10.4087
-10.6279
-10.7863
-10.885
-10.9257
-10.9107
-10.8429
-10.7253
-10.5616
-10.3555
-10.1107
-9.83138
-9.52131
-9.18449
-8.8247
-8.44497
-8.1027
-7.78087
-7.45435
-7.06951
-6.73522
-6.23285
-6.00796
-5.19787
-5.45383
-3.73922
-5.54068
-1.27311
-7.40064
15.9293
16.0157
16.1068
16.1986
16.2936
16.3909
16.4907
16.5928
16.6972
16.8039
16.9126
17.0233
17.1359
17.25
17.3655
17.4821
17.5993
17.7166
17.8334
17.9491
18.0627
18.1734
18.2801
18.3818
18.4774
18.5657
18.6457
18.7165
18.7772
18.827
18.8654
18.892
18.9064
18.9084
18.8979
18.8749
18.8393
18.7912
18.7303
18.6566
18.5701
18.4704
18.3575
18.2309
18.0904
17.9357
17.7663
17.5819
17.3821
17.1666
16.9352
16.6876
16.4238
16.1438
15.8479
15.5363
15.2097
14.8689
14.5146
14.1481
13.7707
13.3838
12.989
12.5881
12.1832
11.7755
11.3692
11.0204
10.7159
10.3992
10.0709
9.73548
9.38726
9.06934
8.65038
8.56424
7.62181
8.94809
5.04634
12.7228
13.6195
13.4954
13.362
13.2289
13.0925
12.9522
12.8096
12.6646
12.515
12.3569
12.1864
11.9992
11.7905
11.5541
11.2855
10.985
10.6569
10.3045
9.92989
9.53467
9.11895
8.68177
8.22268
7.74165
7.23866
6.71374
6.16697
5.59858
5.00898
4.39868
3.76843
3.11935
2.45278
1.77046
1.07464
0.367913
-0.346597
-1.06539
-1.78451
-2.49966
-3.20633
-3.89978
-4.57514
-5.22748
-5.852
-6.44404
-6.99915
-7.51324
-7.98262
-8.40414
-8.77516
-9.09367
-9.35831
-9.56832
-9.72367
-9.82494
-9.87328
-9.87043
-9.81859
-9.72037
-9.57876
-9.39696
-9.17839
-8.92652
-8.64495
-8.33741
-8.0065
-7.70416
-7.41581
-7.12262
-6.77051
-6.46776
-5.99832
-5.79844
-5.02877
-5.28762
-3.64602
-5.38698
-1.27333
-7.21942
13.7127
13.7934
13.8794
13.9671
14.0582
14.152
14.2486
14.3478
14.4496
14.5538
14.6603
14.7688
14.8792
14.9913
15.1047
15.2194
15.3348
15.4509
15.5673
15.6836
15.7996
15.9148
16.0288
16.1411
16.2512
16.3584
16.462
16.5614
16.6555
16.7437
16.8249
16.8984
16.9632
17.0186
17.0637
17.0979
17.1206
17.1312
17.1293
17.1143
17.086
17.044
16.9879
16.9173
16.8318
16.7313
16.6151
16.483
16.3347
16.1699
15.9882
15.7895
15.5738
15.341
15.0913
14.8251
14.5427
14.2448
13.9322
13.6061
13.2674
12.9177
12.5584
12.1912
11.8181
11.4404
11.0622
10.7361
10.4503
10.1523
9.84245
9.52512
9.19481
8.89245
8.49364
8.40993
7.51179
8.77684
5.01677
12.465
11.8046
11.6994
11.5858
11.4709
11.3517
11.2279
11.1013
10.9729
10.8424
10.7084
10.5681
10.418
10.2552
10.0756
9.87438
9.64739
9.39417
9.11758
8.82006
8.50313
8.16835
7.81567
7.44388
7.05218
6.64026
6.20795
5.75521
5.2821
4.78895
4.27623
3.74462
3.19506
2.62864
2.04669
1.45087
0.843068
0.225468
-0.399399
-1.02868
-1.6592
-2.28749
-2.90982
-3.5222
-4.12045
-4.70033
-5.25755
-5.78788
-6.28727
-6.75183
-7.17809
-7.56292
-7.90362
-8.19809
-8.4447
-8.64248
-8.79103
-8.8905
-8.94166
-8.94576
-8.90452
-8.82012
-8.69504
-8.53209
-8.33426
-8.10462
-7.84677
-7.56278
-7.29915
-7.04353
-6.78297
-6.46338
-6.1917
-5.75553
-5.58029
-4.85165
-5.11366
-3.54389
-5.22828
-1.26049
-7.0385
11.8854
11.9572
12.0342
12.1132
12.1958
12.2812
12.37
12.4618
12.5568
12.6549
12.756
12.8601
12.967
13.0767
13.1888
13.3032
13.4197
13.5379
13.6576
13.7783
13.8997
14.0214
14.143
14.264
14.3839
14.5022
14.6185
14.7321
14.8426
14.9493
15.0515
15.1486
15.2399
15.3246
15.4019
15.471
15.5311
15.5815
15.6212
15.6497
15.6661
15.6698
15.6602
15.6366
15.5986
15.5454
15.4767
15.392
15.2908
15.1728
15.0376
14.885
14.7149
14.5272
14.3219
14.0994
13.8598
13.6039
13.3322
13.0457
12.7454
12.4326
12.1087
11.7754
11.4343
11.087
10.7374
10.4343
10.1678
9.88898
9.5981
9.29932
8.98756
8.70101
8.3235
8.24141
7.38959
8.59285
4.97151
12.2061
10.2887
10.1993
10.1031
10.0055
9.90296
9.79455
9.68229
9.5676
9.45093
9.33226
9.21063
9.08386
8.9492
8.80407
8.64528
8.46872
8.27071
8.05041
7.80995
7.55147
7.27647
6.98652
6.68186
6.36139
6.02419
5.66981
5.29796
4.90839
4.50099
4.07574
3.63284
3.17276
2.69606
2.20363
1.6966
1.17636
0.644546
0.103112
-0.445722
-0.99945
-1.55531
-2.11031
-2.66117
-3.20442
-3.73642
-4.25344
-4.75163
-5.22724
-5.6765
-6.09589
-6.48213
-6.83218
-7.14346
-7.41377
-7.64142
-7.82524
-7.96458
-8.05934
-8.10991
-8.11721
-8.08262
-8.00787
-7.89511
-7.74677
-7.56539
-7.3543
-7.11498
-6.88854
-6.66467
-6.43587
-6.14839
-5.9072
-5.50448
-5.35345
-4.66628
-4.93156
-3.43287
-5.06337
-1.23684
-6.85529
10.3587
10.4221
10.49
10.56
10.6333
10.7095
10.7888
10.8712
10.9568
11.0456
11.1377
11.2329
11.3314
11.433
11.5377
11.6455
11.7562
11.8696
11.9856
12.104
12.2245
12.3468
12.4705
12.5952
12.7206
12.8461
12.9712
13.0954
13.218
13.3385
13.4561
13.5703
13.6804
13.7857
13.8854
13.9787
14.065
14.1434
14.2131
14.2734
14.3233
14.3621
14.3891
14.4033
14.4042
14.3909
14.3628
14.3193
14.2598
14.1838
14.0909
13.9806
13.8528
13.7072
13.5438
13.3627
13.1641
12.9485
12.7164
12.4685
12.2058
11.9294
11.6405
11.3408
11.0319
10.7151
10.3944
10.1147
9.86767
9.60845
9.33703
9.05726
8.76463
8.4942
8.13898
8.058
7.25433
8.39504
4.91266
11.941
9.04615
8.96979
8.88767
8.80425
8.71691
8.62373
8.5254
8.42346
8.31894
8.21237
8.10393
7.99298
7.87786
7.75633
7.62617
7.48467
7.32827
7.15359
6.95943
6.74725
6.51898
6.27603
6.01999
5.75139
5.46936
5.17304
4.862
4.53604
4.19497
3.83865
3.467
3.08017
2.67835
2.26193
1.83154
1.388
0.932359
0.46593
-0.0096792
-0.492617
-0.980768
-1.47177
-1.96297
-2.4515
-2.93432
-3.40818
-3.86972
-4.31554
-4.74215
-5.14619
-5.52439
-5.87363
-6.19108
-6.47421
-6.72087
-6.92932
-7.09828
-7.22695
-7.31501
-7.36261
-7.3704
-7.33944
-7.27117
-7.16748
-7.03029
-6.86261
-6.66532
-6.47423
-6.28087
-6.08269
-5.82661
-5.61509
-5.24569
-5.11829
-4.47287
-4.74121
-3.31326
-4.89147
-1.20382
-6.66757
9.10705
9.16328
9.2233
9.2854
9.35047
9.41828
9.48902
9.5627
9.6394
9.71917
9.80206
9.8881
9.97731
10.0697
10.1653
10.264
10.3658
10.4707
10.5786
10.6893
10.8027
10.9187
11.037
11.1574
11.2796
11.4033
11.528
11.6534
11.7789
11.904
12.0282
12.1508
12.2712
12.3886
12.5023
12.6116
12.7156
12.8135
12.9046
12.9879
13.0627
13.128
13.1831
13.227
13.2589
13.2781
13.2837
13.275
13.2512
13.2118
13.1561
13.0836
12.994
12.8869
12.7622
12.6197
12.4597
12.2822
12.0878
11.877
11.6506
11.4096
11.1551
10.8885
10.6114
10.3251
10.0333
9.77706
9.54985
9.31046
9.05883
8.79844
8.52542
8.27138
7.93929
7.85911
7.10532
8.18252
4.84141
11.6668
8.01428
7.94873
7.87828
7.80647
7.7313
7.65153
7.56711
7.47809
7.38517
7.28948
7.19177
7.09229
6.9907
6.88578
6.7757
6.65854
6.53199
6.393
6.23842
6.06676
5.87889
5.67648
5.46084
5.23343
4.995
4.74491
4.48226
4.20662
3.91783
3.61577
3.30033
2.97151
2.62936
2.27408
1.90602
1.52567
1.13369
0.730952
0.318541
-0.102232
-0.529837
-0.962501
-1.39819
-1.83463
-2.26934
-2.69963
-3.12265
-3.53539
-3.93478
-4.31768
-4.68103
-5.02178
-5.33705
-5.62416
-5.88071
-6.1046
-6.29408
-6.44784
-6.56497
-6.64501
-6.68794
-6.6942
-6.66459
-6.60043
-6.50304
-6.37505
-6.21672
-6.0588
-5.89439
-5.72535
-5.49966
-5.31668
-4.98017
-4.87556
-4.27189
-4.54299
-3.18538
-4.71262
-1.16185
-6.4753
8.0674
8.1171
8.17002
8.22496
8.28257
8.34272
8.40558
8.47119
8.53963
8.61095
8.68524
8.76255
8.84291
8.92637
9.01295
9.10268
9.19553
9.2915
9.39055
9.49263
9.59765
9.7055
9.81607
9.92918
10.0446
10.1622
10.2817
10.4027
10.5248
10.6478
10.7711
10.8943
11.0168
11.138
11.2572
11.3738
11.487
11.596
11.7001
11.7983
11.8898
11.9737
12.0491
12.1151
12.1709
12.2154
12.2479
12.2675
12.2734
12.2649
12.2411
12.2016
12.1456
12.0729
11.9831
11.8759
11.7513
11.6093
11.4503
11.2745
11.0827
10.8757
10.6544
10.4201
10.1742
9.91787
9.65472
9.42198
9.21455
8.99507
8.7634
8.52259
8.26949
8.03209
7.72375
7.64424
6.94183
7.95494
4.75777
11.3819
7.13939
7.08291
7.02225
6.96031
6.89538
6.82638
6.75367
6.67723
6.59648
6.51162
6.42378
6.33388
6.24229
6.14886
6.05277
5.9525
5.84639
5.7325
5.6082
5.47061
5.31803
5.15085
4.97047
4.77811
4.57513
4.36248
4.13969
3.90586
3.66053
3.40352
3.13472
2.85409
2.56154
2.25714
1.94107
1.61361
1.27519
0.926386
0.567966
0.200863
-0.173803
-0.55472
-0.94034
-1.32889
-1.71841
-2.10673
-2.49148
-2.87011
-3.23997
-3.59829
-3.94225
-4.26901
-4.57582
-4.85999
-5.11902
-5.35063
-5.5528
-5.72384
-5.86241
-5.96756
-6.03874
-6.07582
-6.07905
-6.04919
-5.987
-5.89471
-5.77198
-5.64475
-5.50744
-5.36581
-5.16915
-5.01335
-4.70896
-4.62611
-4.06389
-4.33731
-3.04952
-4.52699
-1.11184
-6.2786
7.18573
7.22949
7.27602
7.32443
7.37524
7.42838
7.48399
7.54211
7.60284
7.66625
7.73242
7.80142
7.8733
7.94812
8.02595
8.1068
8.19072
8.27772
8.3678
8.46096
8.55716
8.65635
8.75844
8.86335
8.97093
9.08103
9.19346
9.308
9.42437
9.54228
9.66136
9.78124
9.90146
10.0216
10.141
10.2591
10.3754
10.489
10.5994
10.7056
10.8069
10.9024
10.9913
11.0725
11.1453
11.2087
11.2617
11.3034
11.333
11.3496
11.3524
11.3406
11.3136
11.2709
11.2118
11.1361
11.0435
10.934
10.8075
10.6645
10.5052
10.3303
10.1406
9.93732
9.7216
9.49455
9.25952
9.04992
8.8621
8.66243
8.45069
8.22952
7.99649
7.77587
7.4917
7.41294
6.76307
7.71188
4.66179
11.0848
6.3887
6.33987
6.28747
6.2339
6.17776
6.11805
6.0549
5.98865
5.91916
5.84575
5.76822
5.68743
5.60445
5.5198
5.43353
5.3451
5.25328
5.15658
5.05341
4.94154
4.81831
4.68187
4.53221
4.37048
4.19784
4.01558
3.82476
3.62511
3.4158
3.19628
2.9664
2.7261
2.47528
2.21389
1.94197
1.65965
1.36717
1.06489
0.753319
0.433105
0.105056
-0.229858
-0.570464
-0.915395
-1.26311
-1.61186
-1.95972
-2.30458
-2.64417
-2.97611
-3.29791
-3.60699
-3.9008
-4.17676
-4.43243
-4.66548
-4.87374
-5.05532
-5.20858
-5.33219
-5.42521
-5.48705
-5.51744
-5.51672
-5.48506
-5.42433
-5.3336
-5.23435
-5.12207
-5.00588
-4.83663
-4.7064
-4.43309
-4.37076
-3.84941
-4.12444
-2.90605
-4.33435
-1.05478
-6.07632
6.42914
6.46761
6.50849
6.55108
6.59582
6.64266
6.69172
6.74307
6.79679
6.85296
6.91166
6.97295
7.03691
7.10363
7.17313
7.2455
7.32077
7.399
7.48021
7.56441
7.65161
7.7418
7.83496
7.93104
8.02994
8.1316
8.23587
8.34259
8.4516
8.56264
8.67546
8.78973
8.90514
9.02127
9.13767
9.25386
9.36929
9.48336
9.59544
9.70485
9.81084
9.91261
10.0093
10.1002
10.1843
10.2606
10.3284
10.3866
10.4343
10.4706
10.4947
10.5057
10.5029
10.4855
10.453
10.4048
10.3405
10.26
10.1631
10.0499
9.92061
9.77573
9.61588
9.44197
9.25511
9.05622
8.84845
8.66144
8.49285
8.31269
8.12068
7.91903
7.70605
7.50232
7.24249
7.16471
6.56832
7.45256
4.55394
10.7722
5.73849
5.69618
5.65078
5.60433
5.55567
5.50394
5.44919
5.39149
5.33086
5.26731
5.20043
5.12968
5.05542
4.97868
4.90025
4.82037
4.73867
4.65422
4.56574
4.47188
4.37073
4.25985
4.13732
4.00276
3.85707
3.70136
3.53688
3.36474
3.18489
2.99655
2.79917
2.5926
2.37676
2.15157
1.917
1.67307
1.41987
1.15762
0.886631
0.607339
0.320308
0.0262283
-0.274028
-0.579422
-0.888758
-1.20066
-1.51358
-1.82576
-2.13534
-2.44027
-2.7384
-3.02747
-3.30513
-3.56905
-3.81688
-4.04636
-4.2553
-4.44171
-4.60378
-4.73997
-4.84899
-4.92993
-4.98212
-5.00548
-4.99972
-4.96634
-4.90389
-4.82973
-4.74024
-4.64733
-4.50367
-4.39716
-4.15364
-4.11032
-3.62924
-3.90465
-2.75586
-4.13411
-0.992472
-5.86651
5.77382
5.80763
5.84352
5.88098
5.92034
5.96158
6.00482
6.05012
6.09756
6.14722
6.19917
6.25349
6.31025
6.36953
6.43138
6.49589
6.5631
6.63308
6.70586
6.78149
6.86
6.94139
7.02568
7.11285
7.20287
7.29569
7.39123
7.48939
7.59006
7.69307
7.79822
7.90529
8.01402
8.12408
8.23514
8.34678
8.45856
8.56997
8.68046
8.78944
8.89626
9.0002
9.10053
9.19645
9.28714
9.37173
9.44933
9.51903
9.57991
9.63107
9.67158
9.70058
9.71724
9.72076
9.71045
9.68568
9.64595
9.59087
9.52018
9.43379
9.33179
9.21444
9.0822
8.93579
8.77615
8.60405
8.42238
8.25716
8.10722
7.94611
7.77343
7.59103
7.39787
7.21102
6.97553
6.89909
6.35707
7.17584
4.43552
10.4391
5.17029
5.13351
5.09406
5.05366
5.01136
4.96641
4.91884
4.86867
4.81578
4.76011
4.70176
4.64057
4.57592
4.50764
4.43657
4.36366
4.28932
4.21339
4.1352
4.05369
3.96766
3.87553
3.77519
3.66472
3.54349
3.41213
3.27161
3.1231
2.96772
2.80552
2.6357
2.45773
2.27146
2.07689
1.874
1.66272
1.44307
1.21514
0.979135
0.735333
0.484118
0.225983
-0.0384389
-0.308361
-0.582875
-0.860912
-1.14122
-1.42241
-1.70293
-1.98107
-2.25499
-2.52274
-2.78227
-3.03143
-3.2681
-3.49011
-3.69537
-3.88188
-4.04778
-4.19136
-4.31118
-4.40604
-4.47497
-4.51762
-4.53324
-4.52297
-4.48503
-4.43296
-4.36387
-4.29191
-4.17183
-4.08699
-3.87177
-3.84563
-3.40431
-3.67788
-2.60024
-3.92513
-0.926897
-5.64567
5.20119
5.23089
5.2624
5.29532
5.32993
5.36623
5.4043
5.44423
5.48606
5.52989
5.57579
5.62384
5.67409
5.72662
5.78151
5.83883
5.89864
5.96099
6.02595
6.09356
6.16389
6.23693
6.31273
6.39131
6.47265
6.55673
6.64352
6.73296
6.82498
6.91948
7.01631
7.1153
7.21627
7.31899
7.42317
7.5285
7.63461
7.7411
7.84751
7.95333
8.05801
8.16093
8.26143
8.35881
8.4523
8.54113
8.62445
8.70141
8.77112
8.83267
8.88518
8.92777
8.95955
8.97969
8.98744
8.98209
8.96301
8.92971
8.88179
8.81903
8.74132
8.64878
8.54171
8.42062
8.28625
8.13929
7.98231
7.83784
7.70576
7.56301
7.40905
7.24543
7.07169
6.90163
6.69021
6.61543
6.12904
6.87941
4.30918
10.0788
4.66661
4.63459
4.60025
4.56505
4.52819
4.48906
4.44765
4.404
4.35796
4.30938
4.2582
4.2045
4.14833
4.08919
4.02652
3.96069
3.89278
3.82348
3.75281
3.68027
3.60497
3.52586
3.44156
3.35009
3.24965
3.1397
3.02093
2.89414
2.76017
2.62009
2.47401
2.32108
2.1606
1.99247
1.81681
1.63365
1.44294
1.2447
1.03902
0.826088
0.606181
0.379648
0.146954
-0.0913135
-0.334459
-0.58165
-0.831908
-1.08411
-1.33699
-1.58917
-1.83908
-2.08505
-2.32531
-2.55796
-2.78109
-2.99274
-3.19094
-3.37373
-3.53927
-3.68586
-3.8119
-3.91606
-3.99716
-4.05457
-4.08727
-4.09606
-4.07881
-4.0458
-3.99468
-3.94121
-3.84257
-3.77701
-3.58888
-3.57698
-3.17627
-3.4433
-2.44209
-3.70352
-0.862738
-5.40787
4.69366
4.71978
4.74748
4.77644
4.8069
4.83886
4.8724
4.90758
4.94448
4.98316
5.0237
5.06615
5.1106
5.15711
5.20575
5.25659
5.30969
5.36512
5.42294
5.48321
5.54597
5.61126
5.67914
5.74962
5.82271
5.89844
5.97678
6.05771
6.14119
6.22716
6.31552
6.40615
6.49893
6.59367
6.69017
6.78818
6.88741
6.98755
7.08821
7.18898
7.28939
7.38892
7.48701
7.58303
7.67632
7.76617
7.85182
7.93248
8.00731
8.07547
8.1361
8.18832
8.23125
8.26408
8.28598
8.29618
8.29402
8.27889
8.25027
8.20785
8.15139
8.08079
7.99624
7.89808
7.78685
7.66308
7.52909
7.40418
7.28902
7.16371
7.02767
6.88218
6.72729
6.57379
6.38611
6.31272
5.88497
6.559
4.18205
9.67936
4.22606
4.19828
4.16848
4.13793
4.10596
4.07203
4.03615
3.99833
3.95845
3.91638
3.87205
3.82551
3.77688
3.72613
3.67236
3.61359
3.54819
3.47641
3.39999
3.3208
3.24035
3.16006
3.08155
3.00624
2.93358
2.86032
2.78152
2.69178
2.5866
2.46499
2.33151
2.19252
2.05055
1.9043
1.75177
1.59204
1.42524
1.25172
1.0717
0.885241
0.692441
0.493491
0.28872
0.0785733
-0.13645
-0.355695
-0.578419
-0.803743
-1.03062
-1.25796
-1.48446
-1.70868
-1.92914
-2.14421
-2.35219
-2.5513
-2.73976
-2.91574
-3.07746
-3.22327
-3.35154
-3.46087
-3.54994
-3.61789
-3.66353
-3.68741
-3.68715
-3.67006
-3.63448
-3.59679
-3.51767
-3.46821
-3.30677
-3.30429
-2.94759
-3.1987
-2.28543
-3.46542
-0.807087
-5.14687
4.24962
4.27242
4.29659
4.32187
4.34847
4.37639
4.40571
4.43649
4.46879
4.50267
4.53819
4.57543
4.61444
4.65531
4.69808
4.74283
4.78962
4.83852
4.88959
4.94288
4.99846
5.05637
5.11667
5.17938
5.24455
5.31219
5.3823
5.45486
5.5299
5.60739
5.68724
5.76937
5.85369
5.94012
6.02846
6.11849
6.21004
6.30286
6.39664
6.49102
6.58563
6.68002
6.77372
6.86622
6.95692
7.0452
7.13039
7.21176
7.28858
7.36005
7.42537
7.48371
7.53417
7.57598
7.60836
7.63043
7.64153
7.64103
7.62824
7.60282
7.56443
7.51277
7.44789
7.37002
7.27952
7.17677
7.0638
6.95696
6.85758
6.7486
6.62949
6.50128
6.36441
6.22698
6.06279
5.98918
5.62668
6.20829
4.06341
9.23169
3.69693
3.67376
3.64885
3.62323
3.59646
3.56808
3.53806
3.50641
3.47305
3.43788
3.40076
3.36155
3.32012
3.2764
3.23063
3.18324
3.13423
3.08281
3.02829
2.97113
2.91245
2.8528
2.79167
2.72811
2.66117
2.58975
2.5121
2.42687
2.33467
2.23681
2.13287
2.02188
1.90434
1.78144
1.65351
1.52022
1.38118
1.23624
1.08537
0.928688
0.766272
0.59825
0.424796
0.246189
0.0627439
-0.125074
-0.316745
-0.511638
-0.708988
-0.907948
-1.10752
-1.30659
-1.50395
-1.69826
-1.88809
-2.07189
-2.2481
-2.41507
-2.57116
-2.71473
-2.84419
-2.95806
-3.05494
-3.13375
-3.19313
-3.23317
-3.2517
-3.25184
-3.23427
-3.21311
-3.15803
-3.12342
-2.99783
-2.99757
-2.70372
-2.91937
-2.12937
-3.19065
-0.769757
-4.85492
3.71672
3.73594
3.75629
3.77759
3.80003
3.82359
3.84833
3.87434
3.90164
3.9303
3.96039
3.99194
4.02502
4.05972
4.09607
4.13412
4.17398
4.21567
4.25928
4.30484
4.35242
4.4021
4.45391
4.50789
4.56409
4.62254
4.68328
4.74631
4.81164
4.87932
4.94927
5.02146
5.09585
5.17243
5.25101
5.33147
5.4137
5.49756
5.58278
5.66911
5.75626
5.84387
5.93162
6.01909
6.10577
6.19119
6.27476
6.35582
6.4338
6.50793
6.57754
6.64187
6.70004
6.7513
6.79494
6.83009
6.85596
6.87192
6.87724
6.87141
6.85397
6.82453
6.78297
6.72927
6.6636
6.58627
6.49879
6.41406
6.33409
6.24532
6.14728
6.04073
5.92655
5.8095
5.67631
5.60057
5.32967
5.7786
3.95792
8.68333
3.15
3.13169
3.11201
3.09176
3.07059
3.04816
3.02442
2.99941
2.97305
2.94527
2.91595
2.88495
2.85223
2.81786
2.78214
2.7457
2.7093
2.67343
2.63759
2.60018
2.55946
2.51451
2.46504
2.41064
2.35066
2.28499
2.21453
2.14047
2.06364
1.98456
1.90304
1.81747
1.72582
1.62776
1.52458
1.41725
1.3056
1.18915
1.06761
0.940939
0.809177
0.672426
0.530739
0.384253
0.233146
0.0776648
-0.0818382
-0.24497
-0.411214
-0.579962
-0.750514
-0.922081
-1.0937
-1.26436
-1.43292
-1.59813
-1.75865
-1.91308
-2.05994
-2.19774
-2.32496
-2.44016
-2.54186
-2.62889
-2.69973
-2.75416
-2.78991
-2.80699
-2.80629
-2.80298
-2.76956
-2.75509
-2.65777
-2.67569
-2.42204
-2.64353
-1.91955
-2.95314
-0.656897
-4.66963
3.16578
3.18118
3.19748
3.21457
3.23258
3.25149
3.27138
3.29231
3.31428
3.33739
3.36166
3.38713
3.41388
3.44197
3.47142
3.5023
3.53469
3.56862
3.60418
3.6414
3.68032
3.72106
3.76364
3.80806
3.85444
3.90281
3.95322
4.00569
4.06024
4.1169
4.17571
4.2366
4.29965
4.36481
4.432
4.50116
4.57224
4.64513
4.71968
4.79573
4.87308
4.95151
5.03077
5.11051
5.19043
5.27014
5.34917
5.42699
5.50315
5.57703
5.64801
5.71548
5.77866
5.83686
5.88938
5.93543
5.97424
6.00513
6.02733
6.04023
6.0433
6.03607
6.01821
5.9895
5.94992
5.89962
5.83976
5.77925
5.72072
5.65458
5.58031
5.49852
5.41024
5.31857
5.21765
5.15492
4.954
5.353
3.70342
8.33046
2.6873
2.67264
2.6569
2.64068
2.62372
2.60576
2.58673
2.56668
2.54556
2.52329
2.4998
2.47501
2.44888
2.42132
2.39223
2.36158
2.3293
2.29544
2.26016
2.22354
2.1852
2.14425
2.10015
2.05343
2.00517
1.95617
1.90637
1.85514
1.80151
1.74391
1.68099
1.61264
1.53945
1.46155
1.37875
1.29143
1.20034
1.10562
1.00696
0.904025
0.796694
0.685013
0.569018
0.448801
0.324444
0.196078
0.0639118
-0.0718068
-0.210725
-0.352441
-0.49645
-0.642191
-0.788959
-0.935979
-1.08239
-1.22719
-1.3693
-1.50759
-1.6408
-1.76765
-1.88677
-1.99685
-2.09651
-2.18457
-2.25952
-2.321
-2.3667
-2.39465
-2.40554
-2.41498
-2.39784
-2.39913
-2.3244
-2.35848
-2.13741
-2.36895
-1.69734
-2.72184
-0.521901
-4.49562
2.70005
2.71253
2.72573
2.73959
2.75418
2.76954
2.78569
2.80266
2.82053
2.83932
2.85904
2.87976
2.90154
2.92442
2.94841
2.97361
3.00005
3.02779
3.05688
3.08735
3.11924
3.15265
3.18761
3.22416
3.26239
3.30228
3.34392
3.38736
3.43261
3.4797
3.52869
3.57955
3.63234
3.68706
3.74365
3.80211
3.86242
3.92449
3.98825
4.05362
4.12045
4.18861
4.2579
4.32808
4.39898
4.47027
4.54159
4.61257
4.68284
4.75195
4.81933
4.88451
4.94687
5.00578
5.06064
5.11075
5.1554
5.19396
5.22569
5.24998
5.2663
5.27407
5.27288
5.26244
5.24255
5.21326
5.17546
5.13479
5.09415
5.04721
4.99349
4.93353
4.86841
4.80033
4.72876
4.68137
4.54286
4.91474
3.40651
7.9844
2.2656
2.25382
2.24118
2.22815
2.21451
2.20007
2.18478
2.16865
2.15167
2.13377
2.11488
2.09494
2.07394
2.05179
2.0284
2.00376
1.97778
1.9504
1.92161
1.89144
1.86004
1.82749
1.79343
1.75705
1.71785
1.67639
1.63374
1.59053
1.54664
1.5013
1.45335
1.40141
1.34476
1.28371
1.2186
1.14923
1.07562
0.998476
0.918294
0.834948
0.748075
0.65748
0.563129
0.465099
0.363464
0.258307
0.149745
0.037924
-0.076922
-0.194528
-0.314522
-0.436523
-0.56001
-0.6844
-0.809053
-0.933188
-1.05597
-1.17648
-1.29373
-1.40661
-1.51398
-1.61471
-1.70757
-1.79148
-1.86503
-1.92784
-1.97764
-2.01137
-2.0294
-2.04704
-2.04164
-2.05414
-1.9978
-2.04363
-1.8524
-2.08897
-1.47061
-2.47783
-0.383301
-4.28576
2.27589
2.28598
2.29666
2.30786
2.31967
2.33211
2.3452
2.35895
2.37343
2.38866
2.40466
2.42149
2.43918
2.45777
2.47729
2.49781
2.51934
2.54195
2.56567
2.59054
2.61661
2.64393
2.67256
2.70253
2.73389
2.76668
2.80094
2.83673
2.87406
2.91299
2.95355
2.99575
3.03963
3.0852
3.13243
3.18136
3.23197
3.2842
3.33803
3.39339
3.45022
3.5084
3.5678
3.62828
3.68969
3.7518
3.81436
3.87708
3.93967
4.00179
4.063
4.12292
4.18107
4.23691
4.28996
4.33963
4.38528
4.42638
4.46229
4.49242
4.51626
4.53324
4.54295
4.54507
4.5393
4.52564
4.50473
4.47973
4.45352
4.42239
4.38591
4.34464
4.29964
4.25283
4.20746
4.17552
4.09514
4.44077
3.08514
7.54651
1.87194
1.86266
1.8527
1.84243
1.83167
1.82029
1.80825
1.79554
1.78217
1.76806
1.75319
1.73749
1.72094
1.70349
1.68508
1.66568
1.64523
1.62365
1.60093
1.577
1.55185
1.52554
1.4982
1.46986
1.44005
1.408
1.37337
1.33681
1.29938
1.26165
1.22333
1.18363
1.14132
1.09538
1.04551
0.991997
0.93485
0.873978
0.80982
0.743048
0.673795
0.601766
0.526661
0.448393
0.367
0.282563
0.195163
0.104882
0.0118578
-0.0837281
-0.181634
-0.281573
-0.383189
-0.486048
-0.58967
-0.693474
-0.796809
-0.898964
-0.999134
-1.09646
-1.18998
-1.27875
-1.36173
-1.438
-1.50629
-1.56625
-1.61574
-1.65128
-1.6729
-1.69505
-1.69746
-1.71734
-1.67538
-1.72926
-1.564
-1.80206
-1.23426
-2.21883
-0.233161
-4.04134
1.88007
1.88806
1.89654
1.90542
1.91479
1.92465
1.93503
1.94595
1.95743
1.96953
1.98226
1.99565
2.00972
2.02452
2.04007
2.05643
2.07361
2.09164
2.11058
2.13047
2.15135
2.17323
2.19617
2.22022
2.24542
2.2718
2.29938
2.32824
2.35839
2.38989
2.42275
2.457
2.49269
2.52983
2.56839
2.60844
2.64996
2.69294
2.73735
2.78317
2.83034
2.87882
2.92851
2.97932
3.03111
3.08375
3.13708
3.19087
3.24487
3.29885
3.3525
3.40547
3.45745
3.50795
3.55661
3.60296
3.64647
3.68668
3.72305
3.75508
3.78228
3.80419
3.82036
3.83052
3.83438
3.83186
3.82343
3.8104
3.79549
3.77697
3.75453
3.72877
3.70065
3.67223
3.64908
3.63142
3.60197
3.92088
2.71609
7.02589
1.51013
1.50298
1.4953
1.48736
1.47905
1.47026
1.46096
1.45115
1.44081
1.42991
1.41841
1.40628
1.39348
1.37998
1.36575
1.35075
1.33494
1.31824
1.30063
1.28208
1.26253
1.24196
1.22039
1.19787
1.17452
1.1503
1.12467
1.09687
1.06678
1.0352
1.00313
0.970948
0.938189
0.903984
0.867247
0.827297
0.784133
0.737864
0.688415
0.636015
0.581324
0.524719
0.466031
0.404968
0.341386
0.275307
0.206807
0.135943
0.0627788
-0.0125827
-0.0900096
-0.169289
-0.250193
-0.332411
-0.415599
-0.499342
-0.58315
-0.666485
-0.748738
-0.829238
-0.907237
-0.981973
-1.05259
-1.11835
-1.17815
-1.23176
-1.27723
-1.31119
-1.33326
-1.35663
-1.36327
-1.38703
-1.3555
-1.41398
-1.27037
-1.50698
-0.984086
-1.94257
-0.0625425
-3.75853
1.51642
1.52259
1.52913
1.53598
1.54321
1.55082
1.55883
1.56724
1.57611
1.58545
1.59526
1.60559
1.61645
1.62787
1.63988
1.65251
1.66577
1.6797
1.69433
1.7097
1.72584
1.74276
1.76052
1.77913
1.79865
1.8191
1.84049
1.86289
1.88632
1.91081
1.9364
1.96309
1.99095
2.01999
2.05018
2.0816
2.11424
2.14809
2.18316
2.21945
2.25688
2.29549
2.3352
2.37593
2.41762
2.46018
2.50349
2.5474
2.59173
2.63633
2.68092
2.7253
2.76921
2.81228
2.85422
2.89468
2.93324
2.96952
3.00308
3.03354
3.06047
3.08346
3.10217
3.11632
3.12566
3.13013
3.13002
3.12546
3.11877
3.10961
3.09781
3.08404
3.06916
3.05556
3.04982
3.04375
3.05636
3.3477
2.28128
6.4214
1.13212
1.12684
1.12118
1.11531
1.10918
1.1027
1.09585
1.08862
1.08101
1.07298
1.06452
1.05559
1.04619
1.03627
1.02583
1.01482
1.00321
0.990973
0.978079
0.964496
0.950172
0.935085
0.919218
0.902567
0.885171
0.867105
0.84846
0.829084
0.808356
0.785637
0.761083
0.735659
0.710234
0.684958
0.659318
0.632465
0.603608
0.572393
0.538758
0.502548
0.463775
0.422924
0.380442
0.33622
0.289897
0.241287
0.190448
0.137539
0.0827102
0.0260614
-0.0323074
-0.0922556
-0.153602
-0.216123
-0.279562
-0.343617
-0.407937
-0.472127
-0.535749
-0.598319
-0.659284
-0.718077
-0.77405
-0.826669
-0.875041
-0.919049
-0.957024
-0.98621
-1.00576
-1.02726
-1.03474
-1.05895
-1.034
-1.09357
-0.967086
-1.19862
-0.71552
-1.63947
0.131141
-3.39595
1.13679
1.14137
1.14624
1.15134
1.15672
1.16241
1.16839
1.17468
1.18132
1.1883
1.19565
1.20339
1.21154
1.22013
1.22916
1.23866
1.24865
1.25916
1.27022
1.28183
1.29403
1.30684
1.32031
1.33444
1.34926
1.3648
1.38108
1.39814
1.416
1.43469
1.45422
1.47462
1.49592
1.51812
1.54124
1.56531
1.59033
1.6163
1.64321
1.67109
1.69988
1.72959
1.76018
1.79159
1.8238
1.85672
1.89029
1.92441
1.95896
1.99381
2.02879
2.06376
2.09852
2.13284
2.16649
2.19922
2.23073
2.26074
2.28892
2.315
2.33862
2.35947
2.37735
2.39196
2.40311
2.41081
2.41521
2.41574
2.41439
2.41154
2.40712
2.40182
2.39622
2.39297
2.39834
2.39797
2.44017
2.70139
1.74964
5.67335
0.828264
0.824659
0.820796
0.816807
0.812632
0.808205
0.803519
0.798584
0.793377
0.787865
0.782055
0.775926
0.76945
0.762621
0.755421
0.747811
0.739776
0.731306
0.722369
0.712933
0.702977
0.692473
0.681386
0.669696
0.657406
0.644527
0.631111
0.617253
0.602979
0.58796
0.571473
0.5531
0.533347
0.51323
0.493261
0.473091
0.451886
0.428808
0.40353
0.376247
0.347135
0.316218
0.284016
0.251269
0.218168
0.184359
0.149402
0.113097
0.0754586
0.036573
-0.00347893
-0.0446301
-0.0867952
-0.129857
-0.173657
-0.218015
-0.262698
-0.307441
-0.351947
-0.395895
-0.438896
-0.480569
-0.520459
-0.558223
-0.593182
-0.625358
-0.65338
-0.675547
-0.690362
-0.707572
-0.713125
-0.735007
-0.713193
-0.771001
-0.656956
-0.880065
-0.431437
-1.30579
0.340664
-2.90486
0.831409
0.834453
0.837687
0.841074
0.844638
0.848384
0.852318
0.856459
0.860821
0.8654
0.870205
0.87525
0.88056
0.886141
0.891999
0.898141
0.904591
0.911376
0.91849
0.925947
0.933764
0.941969
0.950587
0.959607
0.969055
0.978955
0.989328
1.00018
1.01155
1.02344
1.03587
1.04886
1.06244
1.0766
1.09137
1.10678
1.12285
1.13955
1.1569
1.17494
1.19363
1.21297
1.23295
1.25357
1.2748
1.29658
1.31889
1.34167
1.36485
1.38833
1.41203
1.43585
1.45963
1.48325
1.50656
1.52937
1.55148
1.57273
1.59287
1.61173
1.62906
1.64466
1.6584
1.67005
1.67952
1.68683
1.69209
1.69478
1.69574
1.69574
1.69487
1.69381
1.693
1.6956
1.70689
1.70745
1.76562
1.99464
1.13377
4.71653
0.341686
0.339297
0.336715
0.334038
0.331236
0.32827
0.325134
0.321825
0.31833
0.314635
0.310735
0.306618
0.302259
0.297648
0.292781
0.287626
0.28216
0.276373
0.270238
0.263726
0.256811
0.249464
0.241643
0.233308
0.224423
0.214955
0.204863
0.194081
0.182447
0.169774
0.155911
0.140744
0.124836
0.110593
0.102492
0.105263
0.121208
0.148687
0.182177
0.213631
0.23504
0.241149
0.231093
0.208466
0.179551
0.149849
0.121736
0.0950652
0.0689516
0.0428577
0.0167156
-0.0093586
-0.0352882
-0.0610537
-0.0866462
-0.112043
-0.137192
-0.162022
-0.186439
-0.210337
-0.233566
-0.255977
-0.277361
-0.297605
-0.316286
-0.333602
-0.348478
-0.360654
-0.368147
-0.378436
-0.379272
-0.395883
-0.374517
-0.425932
-0.325028
-0.523513
-0.135732
-0.874558
0.485445
-2.03326
0.343826
0.345961
0.348235
0.350622
0.353145
0.355801
0.358591
0.361544
0.364667
0.367953
0.371407
0.375045
0.378887
0.382932
0.387184
0.391655
0.396362
0.401324
0.406524
0.411984
0.417725
0.423751
0.430068
0.436682
0.443607
0.450849
0.458423
0.466326
0.474567
0.483164
0.492104
0.501404
0.511052
0.521049
0.531397
0.542099
0.553153
0.564533
0.576253
0.588295
0.60063
0.613255
0.626167
0.639337
0.652735
0.66635
0.680137
0.694066
0.708103
0.722192
0.736304
0.750368
0.764336
0.778138
0.791719
0.804992
0.817874
0.830316
0.842182
0.853375
0.863769
0.873263
0.881791
0.889192
0.895439
0.900553
0.904632
0.907048
0.908864
0.910628
0.912483
0.914619
0.916347
0.919399
0.926509
0.912572
0.950855
1.13809
0.368152
3.2311
0.302892
0.302848
0.30283
0.302818
0.302796
0.302767
0.302735
0.302696
0.30265
0.302604
0.302561
0.302519
0.302476
0.302436
0.302412
0.302406
0.302423
0.302474
0.302567
0.302722
0.30296
0.303302
0.303787
0.304434
0.305235
0.306127
0.307012
0.307946
0.309435
0.312815
0.320348
0.33444
0.3557
0.380515
0.400065
0.402485
0.377355
0.320211
0.235226
0.135498
0.0401079
-0.0321695
-0.0706274
-0.0772883
-0.0644082
-0.0461484
-0.0312747
-0.0218594
-0.016416
-0.0131966
-0.0114531
-0.0111383
-0.0122977
-0.0148328
-0.0185376
-0.023203
-0.0286375
-0.0346637
-0.0411063
-0.0478094
-0.0546196
-0.0614158
-0.0680548
-0.0745076
-0.0805338
-0.0864282
-0.0915241
-0.0966869
-0.0989117
-0.103613
-0.10172
-0.112281
-0.0958753
-0.132133
-0.0639228
-0.193554
0.0462198
-0.376306
0.390717
-0.878653
0.302909
0.302884
0.302847
0.302788
0.302714
0.302624
0.302503
0.30236
0.302193
0.301996
0.301764
0.301494
0.301189
0.300843
0.300451
0.300009
0.299517
0.298976
0.298371
0.297707
0.296988
0.296202
0.295346
0.294426
0.29344
0.292385
0.29127
0.290088
0.288846
0.287555
0.286215
0.284836
0.28342
0.281985
0.280541
0.279099
0.27767
0.276268
0.27492
0.273631
0.272408
0.271271
0.270242
0.269324
0.268531
0.26788
0.26737
0.267011
0.266808
0.266767
0.266892
0.267158
0.267554
0.26804
0.268584
0.269133
0.269652
0.270131
0.270515
0.270794
0.270961
0.271023
0.270995
0.270873
0.27076
0.270613
0.270572
0.271905
0.271168
0.269106
0.265978
0.262523
0.259648
0.26121
0.271852
0.275256
0.30945
0.409892
0.00583864
1.35246
)
;

boundaryField
{
    inlet
    {
        type            freestreamPressure;
        freestreamValue uniform 0;
        value           nonuniform List<scalar> 
134
(
0.742025
0.0438281
-0.68363
-1.31316
-1.76584
-2.03957
-2.08135
-1.88716
-1.4616
-0.682279
-0.125464
-0.203019
-0.339617
-0.468454
-0.598891
-0.735589
-0.879782
-1.03221
-1.19502
-1.3721
1.42474
-1.56878
-1.78781
-2.01904
-2.23641
-2.39354
-2.46986
-2.60462
-2.60804
-2.65956
-3.17554
-2.91949
-2.93043
-2.98742
-3.02978
-3.05087
-3.07128
-3.12395
-3.25593
-3.41587
2.06853
2.73244
3.29629
3.60851
3.55804
2.95274
1.59355
-3.76691
-3.68481
-3.55641
-3.47329
-3.41184
-3.3429
-3.26513
-3.18547
-3.10594
-3.0254
-2.94285
-2.85828
-2.77172
-2.68267
-2.59026
-2.49294
-2.38809
-2.27295
-2.14407
-2.06226
-1.98539
-1.89263
-1.78453
-1.65942
-1.49904
-1.28188
-0.896927
-0.38738
0.5522
1.22225
1.96439
2.69732
3.40941
4.08413
4.65646
5.09391
5.40698
5.60602
5.71801
5.77307
5.79743
5.8123
5.84869
5.9562
6.15386
6.36904
6.54553
6.69029
6.81567
6.92397
7.01132
7.07575
7.11849
7.14337
7.15942
7.18501
7.26657
7.47448
7.92429
8.1139
7.92282
7.70311
7.56246
7.4472
7.31608
7.17256
7.02731
6.88146
6.73211
6.57758
6.41711
6.24978
6.07372
5.88611
5.68329
5.45835
5.20628
4.89743
4.69894
4.50441
4.25819
3.96537
3.62526
3.20409
2.66491
1.82647
0.765114
)
;
    }
    outlet
    {
        type            freestreamPressure;
        freestreamValue uniform 0;
        value           nonuniform List<scalar> 
160
(
0.000904371
0.000904491
0.00090417
0.00090449
0.000904038
0.00090446
0.000903918
0.00090437
0.000903762
0.000904243
0.000903582
0.000904071
0.000903387
0.000903816
0.000903166
0.000903502
0.000902917
0.000903123
0.00090266
0.000902662
0.000902405
0.000902107
0.000902145
0.000901448
0.000901873
0.000900696
0.000901603
0.000899829
0.000901368
0.000898838
0.000901178
0.000897712
0.000901046
0.000896447
0.000901002
0.000895051
0.000901073
0.000893481
0.000901314
0.00089175
0.00090178
0.000889871
0.000902541
0.00088781
0.000903708
0.000885563
0.000905358
0.000883142
0.000907489
0.000880548
0.000909935
0.000877773
0.000912384
0.00087484
0.000914876
0.000871738
0.000918658
0.000868484
0.000927393
0.000865114
0.000947595
0.000861631
0.000986524
0.000858067
0.00104662
0.000854429
0.00111844
0.000850773
0.00117738
0.000847137
0.00118898
0.000843548
0.00112085
0.000840052
0.000956433
0.000836691
0.000705313
0.00083355
0.000406654
0.000830649
0.000120107
0.000828015
-9.59116e-05
0.000825718
-0.000209498
0.000823825
-0.000228245
0.000822357
-0.000189656
0.000821364
-0.000135708
0.000820908
-9.19481e-05
0.000820995
-6.42828e-05
0.000821673
-4.82898e-05
0.000822959
-3.88281e-05
0.000824896
-3.37039e-05
0.000827507
-3.27837e-05
0.000830733
-3.62049e-05
0.000834558
-4.36824e-05
0.000838876
-5.46157e-05
0.000843607
-6.83971e-05
0.000848605
-8.44723e-05
0.000853779
-0.000102331
0.00085912
-0.000121472
0.00086447
-0.000141449
0.000869819
-0.000161829
0.000875161
-0.000182272
0.000880534
-0.000202373
0.000886016
-0.000222062
0.000891612
-0.00024065
0.000897677
-0.000259013
0.000904123
-0.000275219
0.000911441
-0.000291631
0.000922765
-0.000299331
0.000926492
-0.000314465
0.00092641
-0.000310315
0.000923343
-0.000343253
0.000919864
-0.000295979
0.000919228
-0.000406556
0.000935275
-0.000201375
0.000985608
-0.00059475
0.00101327
0.000151806
0.00115614
-0.00111983
0.00155916
0.00141895
2.34013e-05
-0.00227729
0.0050066
)
;
    }
    walls
    {
        type            zeroGradient;
    }
    frontAndBack
    {
        type            empty;
    }
}


// ************************************************************************* //
