/*--------------------------------*- C++ -*----------------------------------*\
| =========                 |                                                 |
| \\      /  F ield         | OpenFOAM: The Open Source CFD Toolbox           |
|  \\    /   O peration     | Version:  2206                                  |
|   \\  /    A nd           | Website:  www.openfoam.com                      |
|    \\/     M anipulation  |                                                 |
\*---------------------------------------------------------------------------*/
FoamFile
{
    version     2.0;
    format      ascii;
    arch        "LSB;label=32;scalar=64";
    class       volScalarField;
    location    "50";
    object      p;
}
// * * * * * * * * * * * * * * * * * * * * * * * * * * * * * * * * * * * * * //

dimensions      [0 2 -2 0 0 0 0];

internalField   nonuniform List<scalar> 
10720
(
162.682
113.109
52.9046
-10.7771
-74.748
-142.271
-206.254
-264.347
-317.771
-363.534
-402.285
-434.451
-460.106
-479.355
-492.748
-500.205
-502.323
-497.783
-487.105
-469.381
-446.488
-421.449
-401.382
-386.392
-368.587
-343.326
-312.099
-278.9
-247.18
-218.698
-194.075
-170.704
-148.692
-137.095
-138.304
-129.014
-91.358
-40.6443
-10.9591
208.144
247.931
285.516
315.148
331.841
336.628
331.824
315.023
289.07
258.849
228.139
199.426
173.428
150.517
130.759
112.959
96.8298
81.6718
67.0793
52.3373
37.3813
21.8638
6.01604
-9.54011
-22.4891
-31.7431
-38.7702
-43.9995
-47.424
-49.1675
-49.3066
-47.8309
-44.6432
-39.6312
-32.7719
-23.5367
-11.3663
7.1322
37.961
193.804
156.502
112.727
63.9255
11.5667
-44.0524
-100.32
-155.315
-208.045
-256.813
-300.878
-339.732
-372.973
-400.543
-422.34
-437.968
-447.171
-449.703
-446.018
-435.946
-421.026
-404.124
-390.773
-380.751
-366.172
-342.151
-311.343
-278.448
-246.874
-218.441
-193.895
-170.627
-148.553
-136.787
-138.066
-129.031
-91.5054
-40.7062
-11.303
225.953
255.12
282.15
304.68
319.006
324.449
320.686
307.581
287.445
263.057
236.887
210.883
186.131
163.286
142.624
123.714
106.316
89.9998
74.3828
58.9296
43.4687
27.7551
11.9647
-3.2907
-16.2013
-25.7707
-33.0874
-38.8293
-43.0631
-45.6355
-46.447
-45.4944
-42.7298
-38.0755
-31.5151
-22.5191
-10.5418
7.87521
37.4338
191.654
158.555
119.52
74.9856
26.7821
-24.7787
-78.2396
-131.541
-183.246
-232.114
-276.841
-316.756
-351.367
-380.322
-403.054
-419.488
-429.727
-433.712
-431.608
-423.543
-410.662
-395.229
-381.377
-370.298
-356.673
-335.297
-307.156
-276.116
-245.625
-217.712
-193.419
-170.349
-148.237
-136.287
-137.775
-129.111
-91.7399
-40.8163
-11.1573
220.125
245.934
269.571
289.11
301.88
307.6
305.664
295.885
279.684
258.855
235.406
211.187
187.464
165.033
144.329
125.283
107.677
91.1899
75.4649
60.0645
44.7502
29.3349
13.9369
-0.920438
-13.8179
-23.7723
-31.4281
-37.3568
-41.6197
-44.1274
-44.8833
-43.9536
-41.31
-36.8512
-30.5131
-21.7294
-9.91921
8.30427
36.672
188.392
160.396
127.185
89.3654
48.2219
3.59861
-43.1996
-90.7195
-137.843
-183.396
-226.258
-265.64
-300.871
-331.405
-356.682
-376.41
-390.653
-399.051
-401.576
-398.376
-390.315
-379.16
-367.82
-357.454
-344.671
-325.527
-300.29
-271.796
-243.078
-216.247
-192.503
-169.713
-147.735
-135.86
-137.688
-129.278
-92.0294
-41.0003
-10.9775
212.495
234.321
254.594
271.673
283.338
289.305
288.851
281.754
269.014
251.918
232.026
210.848
189.469
168.655
148.896
130.313
112.819
96.2394
80.326
64.7681
49.3549
33.9525
18.6512
3.91162
-9.10795
-19.467
-27.5224
-33.8039
-38.4248
-41.3363
-42.5207
-42.003
-39.7357
-35.6135
-29.5647
-21.0186
-9.39528
8.57787
35.8331
180.304
155.559
126.089
92.4212
55.763
15.6445
-26.8543
-70.5014
-114.47
-157.682
-199.1
-237.91
-273.334
-304.697
-331.382
-352.949
-369.026
-379.377
-383.857
-382.724
-376.745
-367.45
-357.172
-347.02
-334.563
-316.559
-293.086
-266.584
-239.571
-213.993
-191.015
-168.688
-147.109
-135.59
-137.783
-129.473
-92.347
-41.3203
-10.958
201.644
220.882
238.889
254.221
265.069
271.211
271.913
266.943
256.989
242.969
226.073
207.525
188.234
168.921
150.112
132.057
114.807
98.3054
82.405
66.8927
51.5876
36.3821
21.3459
6.87494
-6.09189
-16.6888
-25.0464
-31.5984
-36.4546
-39.5672
-40.9053
-40.516
-38.3821
-34.4206
-28.5545
-20.1977
-8.76903
8.8997
34.9701
171.207
149.241
123.03
93.1157
60.6271
24.8956
-13.1161
-52.4141
-92.4125
-132.182
-170.855
-207.694
-241.922
-272.834
-299.79
-322.242
-339.73
-352.104
-359.229
-361.227
-358.644
-352.612
-344.804
-336.082
-324.677
-307.996
-286.096
-261.252
-235.75
-211.318
-189.082
-167.352
-146.411
-135.401
-137.899
-129.563
-92.6061
-41.7306
-10.9842
190.201
207.308
223.488
237.455
247.657
253.9
255.466
252.133
244.402
232.956
218.726
202.708
185.636
168.13
150.695
133.618
117.027
100.951
85.3221
70.0108
54.8874
39.8815
25.0658
10.7965
-2.13885
-12.9516
-21.6046
-28.4273
-33.5313
-36.8872
-38.4807
-38.3679
-36.5382
-32.8985
-27.347
-19.2768
-8.11902
9.18555
34.0385
161.462
141.67
118.024
91.0527
61.8589
29.6426
-4.74748
-40.4558
-77.0994
-113.877
-150.065
-185.028
-218.022
-248.354
-275.38
-298.497
-317.209
-331.146
-340.108
-344.098
-343.579
-339.5
-333.168
-325.339
-314.795
-299.454
-279.219
-256.017
-231.945
-208.576
-186.99
-165.901
-145.772
-135.274
-137.818
-129.361
-92.6981
-42.1724
-11.0007
178.622
194.063
208.803
221.678
231.339
237.619
239.832
237.762
231.798
222.46
210.493
196.703
181.676
165.924
149.898
133.883
118.053
102.501
87.2308
72.1862
57.2971
42.5353
27.9835
13.9612
1.12938
-9.80451
-18.6879
-25.7507
-31.0959
-34.7039
-36.557
-36.7001
-35.1209
-31.7241
-26.399
-18.5343
-7.58824
9.36183
33.0409
151.743
133.76
112.272
87.7953
61.4114
32.2518
1.08726
-31.3364
-64.7731
-98.553
-132.066
-164.79
-196.063
-225.239
-251.688
-274.806
-294.04
-308.984
-319.446
-325.379
-327.072
-325.192
-320.664
-314.072
-304.617
-290.72
-272.23
-250.742
-228.135
-205.85
-184.92
-164.478
-145.212
-135.083
-137.333
-128.694
-92.5253
-42.5613
-10.9131
167.379
181.451
195
206.969
216.16
222.424
225.114
224.02
219.457
211.842
201.78
189.943
176.792
162.744
148.181
133.359
118.464
103.626
88.8954
74.273
59.7402
45.3078
31.0706
17.3201
4.62665
-6.37457
-15.4543
-22.7462
-28.3324
-32.1935
-34.3047
-34.7042
-33.3839
-30.2481
-25.1754
-17.5547
-6.87236
9.64115
32.1414
142.268
125.798
106.12
83.7357
59.7104
33.1474
4.74576
-24.8247
-55.4288
-86.4911
-117.51
-148.071
-177.589
-205.482
-231.166
-254.047
-273.563
-289.269
-300.885
-308.284
-311.617
-311.393
-308.308
-302.829
-294.434
-281.921
-265.114
-245.328
-224.205
-203.046
-182.865
-163.089
-144.643
-134.679
-136.168
-127.319
-91.9735
-42.8504
-10.6903
156.633
169.565
182.112
193.315
202.083
208.289
211.33
210.994
207.546
201.335
192.868
182.71
171.232
158.763
145.62
132.015
118.125
104.092
89.9961
75.8803
61.7715
47.7156
33.8205
20.3592
7.83222
-3.18779
-12.4228
-19.92
-25.733
-29.8382
-32.2033
-32.8543
-31.7825
-28.8901
-24.0494
-16.6555
-6.23072
9.82907
31.2267
133.195
118.014
99.8849
79.2996
57.2976
32.9783
6.99137
-20.0559
-48.1062
-76.6602
-105.31
-133.727
-161.403
-187.838
-212.498
-234.814
-254.246
-270.324
-282.737
-291.332
-296.129
-297.462
-295.808
-291.516
-284.246
-273.102
-257.916
-239.766
-220.091
-200.049
-180.68
-161.675
-143.903
-133.828
-134.154
-125.029
-90.8943
-42.9331
-10.2383
146.472
158.433
170.119
180.661
189.042
195.156
198.453
198.705
196.146
191.083
183.947
175.224
165.219
154.191
142.396
130.003
117.165
104.017
90.6529
77.1423
63.5449
49.9334
36.4298
23.2922
10.9721
-0.00951316
-9.34552
-17.0108
-23.0242
-27.3548
-29.9602
-30.8538
-30.0263
-27.3793
-22.7785
-15.633
-5.50346
10.034
30.3424
124.583
110.517
93.7286
74.6979
54.4464
32.076
8.19703
-16.6351
-42.409
-68.6936
-95.1568
-121.545
-147.421
-172.356
-195.878
-217.468
-236.607
-252.833
-265.781
-275.275
-281.223
-283.83
-283.422
-280.247
-274.082
-264.261
-250.622
-234.031
-215.749
-196.817
-178.245
-160.058
-142.962
-132.536
-131.312
-121.756
-89.1692
-42.7309
-9.5601
136.919
148.041
158.977
168.937
176.959
182.958
186.431
187.14
185.294
181.17
175.144
167.644
158.923
149.188
138.646
127.422
115.637
103.411
90.8376
77.9994
64.9763
51.8625
38.7887
26.003
13.9234
3.02819
-6.36118
-14.1605
-20.3525
-24.8947
-27.7343
-28.8698
-28.2874
-25.8869
-21.5299
-14.6424
-4.82404
10.1555
29.4082
116.458
103.369
87.7556
70.0878
51.3643
30.7029
8.68054
-14.1877
-37.9279
-62.1591
-86.6084
-111.084
-135.214
-158.64
-180.947
-201.666
-220.32
-236.459
-249.691
-259.829
-266.701
-270.397
-271.112
-269.004
-263.918
-255.361
-243.185
-228.076
-211.134
-193.312
-175.541
-158.135
-141.738
-130.886
-127.932
-117.773
-86.8133
-42.181
-8.68561
127.972
138.358
148.632
158.067
165.755
171.621
175.207
176.271
174.998
171.645
166.546
160.085
152.478
143.893
134.497
124.377
113.622
102.332
90.5877
78.4754
66.085
53.5224
40.9217
28.5245
16.7236
5.96479
-3.42679
-11.3201
-17.6623
-22.3961
-25.457
-26.8276
-26.4885
-24.3372
-20.2302
-13.6167
-4.1379
10.2389
28.4345
108.824
96.5966
82.023
65.5601
48.1845
29.033
8.65408
-12.4687
-34.3895
-56.7703
-79.3788
-102.077
-124.548
-146.493
-167.56
-187.33
-205.368
-221.25
-234.574
-245.129
-252.701
-257.282
-258.963
-257.83
-253.766
-246.398
-235.595
-221.896
-206.248
-189.532
-172.583
-155.898
-140.234
-129.071
-124.336
-113.443
-84.0398
-41.3426
-7.80567
119.605
129.342
139.022
147.981
155.351
161.075
164.726
166.061
165.249
162.531
158.208
152.629
145.986
138.416
130.055
120.96
111.192
100.827
89.9299
78.5773
66.8612
54.8907
42.8012
30.8262
19.3394
8.76087
-0.585614
-8.53413
-14.9983
-19.9034
-23.173
-24.7728
-24.6748
-22.7738
-18.9222
-12.5947
-3.47006
10.2732
27.422
101.665
90.2081
76.5631
61.1755
44.9984
27.1915
8.27556
-11.2889
-31.5787
-52.2871
-73.2168
-94.2696
-115.178
-135.695
-155.524
-174.3
-191.625
-207.109
-220.358
-231.137
-239.217
-244.505
-247.012
-246.762
-243.653
-237.399
-227.884
-215.526
-201.131
-185.497
-169.405
-153.441
-138.437
-127.077
-120.784
-109.123
-81.0656
-40.2927
-7.05535
111.791
120.946
130.091
138.61
145.679
151.251
154.93
156.471
156.031
153.838
150.165
145.336
139.524
132.845
125.413
117.259
108.422
98.9545
88.9018
78.3262
67.3134
55.9692
44.4255
32.9058
21.7686
11.4137
2.15965
-5.80258
-12.3564
-17.4084
-20.8694
-22.6884
-22.8269
-21.177
-17.5846
-11.5555
-2.80784
10.2744
26.3882
94.9631
84.199
71.3903
56.9699
41.8669
25.263
7.6597
-10.5084
-29.3294
-48.5227
-67.9216
-87.4588
-106.908
-126.067
-144.685
-162.447
-178.999
-193.983
-207.026
-217.869
-226.286
-232.117
-235.312
-235.845
-233.619
-228.404
-220.093
-209.01
-195.828
-181.258
-166.043
-150.818
-136.434
-124.944
-117.319
-104.952
-78.0694
-39.1349
-6.5193
104.497
113.125
121.781
129.893
136.675
142.089
145.766
147.461
147.32
145.56
142.436
138.245
133.15
127.252
120.647
113.351
105.381
96.7689
87.5413
77.7441
67.4505
56.7579
45.7886
34.7539
23.9984
13.9072
4.78985
-3.14508
-9.75559
-14.929
-18.5633
-20.5907
-20.9605
-19.5616
-16.2345
-10.5173
-2.16059
10.2347
25.3317
88.6928
78.5587
66.5083
52.965
38.8294
23.3117
6.89129
-10.0185
-27.5124
-45.3324
-63.3364
-81.4807
-99.5713
-117.445
-134.894
-151.645
-167.389
-181.799
-194.529
-205.305
-213.911
-220.14
-223.895
-225.111
-223.687
-219.433
-212.247
-202.372
-190.36
-176.841
-162.522
-148.054
-134.221
-122.624
-113.948
-100.965
-75.0669
-37.8948
-6.17771
97.6896
105.837
114.044
121.777
128.284
133.534
137.186
138.993
139.093
137.694
135.031
131.385
126.908
121.693
115.822
109.3
102.129
94.3228
85.8902
76.8601
67.2896
57.2628
46.8893
36.3656
26.0233
16.2324
7.29394
-0.573184
-7.2059
-12.4732
-16.26
-18.4823
-19.0766
-17.928
-14.8695
-9.47585
-1.53206
10.1573
24.2493
82.8311
73.2717
61.9135
49.1704
35.9129
21.38
6.03046
-9.73904
-26.0302
-42.6039
-59.3351
-76.1974
-93.0283
-109.694
-126.025
-141.786
-156.705
-170.493
-182.829
-193.433
-202.101
-208.599
-212.795
-214.593
-213.887
-210.511
-204.367
-195.627
-184.741
-172.26
-158.841
-145.123
-131.841
-120.208
-110.627
-97.0724
-72.0399
-36.5954
-6.0308
91.3349
99.041
106.833
114.21
120.454
125.539
129.146
131.032
131.324
130.224
127.951
124.771
120.829
116.21
110.989
105.162
98.7224
91.6674
83.9912
75.7057
66.8513
57.4953
47.7315
37.7393
27.8364
18.3795
9.65924
1.89916
-4.72077
-10.0533
-13.9702
-16.3722
-17.1821
-16.2812
-13.4972
-8.43996
-0.920632
10.0438
23.1421
77.3529
68.3216
57.6002
45.5892
33.1337
19.4981
5.12456
-9.60964
-24.8059
-40.2432
-55.81
-71.4966
-87.1612
-102.699
-117.967
-132.767
-146.864
-159.998
-171.879
-182.227
-190.851
-197.507
-202.034
-204.316
-204.243
-201.662
-196.472
-188.792
-178.979
-167.509
-154.981
-142.003
-129.241
-117.626
-107.332
-93.2423
-68.9269
-35.2566
-6.00682
85.4012
92.6998
100.105
107.149
113.139
118.057
121.605
123.542
123.989
123.137
121.195
118.414
114.935
110.838
106.19
100.986
95.2093
88.8485
81.8842
74.3129
66.1579
57.4689
48.3218
38.8764
29.4351
20.3415
11.8751
4.25968
-2.3128
-7.68097
-11.704
-14.2685
-15.2837
-14.6276
-12.1201
-7.4089
-0.33397
9.8968
22.0113
72.2333
63.6899
53.5562
42.2211
30.5007
17.6874
4.20587
-9.58106
-23.779
-38.1782
-52.6796
-67.2848
-81.8715
-96.3549
-110.619
-124.495
-137.782
-150.248
-161.63
-171.664
-180.156
-186.872
-191.633
-194.307
-194.78
-192.91
-188.59
-181.893
-173.095
-162.599
-150.937
-138.683
-126.454
-114.905
-103.97
-89.3781
-65.7995
-33.9468
-6.09235
79.8594
86.7794
93.8255
100.553
106.297
111.05
114.526
116.493
117.061
116.416
114.756
112.319
109.24
105.599
101.458
96.8097
91.6328
85.9087
79.6083
72.7146
65.2345
57.2003
48.6684
39.7797
30.8183
22.1135
13.9325
6.49719
0.00603825
-5.36756
-9.4717
-12.1797
-13.3881
-12.9711
-10.7445
-6.38987
0.232366
9.71954
20.8642
67.4496
59.3602
49.7709
39.061
28.0182
15.9617
3.30015
-9.62019
-22.9029
-36.351
-49.8742
-63.4841
-77.0728
-90.5738
-103.894
-116.889
-129.386
-141.182
-152.039
-161.71
-170.002
-176.697
-181.605
-184.584
-185.519
-184.276
-180.741
-174.947
-167.101
-157.532
-146.711
-135.161
-123.428
-111.941
-100.511
-85.5379
-62.7064
-32.7116
-6.20267
74.682
81.2498
87.9583
94.3857
99.8931
104.48
107.876
109.854
110.518
110.046
108.626
106.485
103.755
100.513
96.8197
92.666
88.0296
82.8862
77.2
70.9427
64.1073
56.7093
48.7858
40.4569
31.9874
23.6916
15.8242
8.60101
2.22382
-3.12521
-7.28466
-10.1161
-11.5042
-11.3199
-9.37428
-5.38207
0.769099
9.51338
19.7018
62.9798
55.313
46.2318
36.1029
25.6875
14.3295
2.42368
-9.69805
-22.1401
-34.7141
-47.3394
-60.032
-72.699
-85.2863
-97.7202
-109.879
-121.613
-132.744
-143.061
-152.334
-160.372
-166.979
-171.958
-175.164
-176.482
-175.784
-172.952
-167.982
-161.022
-152.334
-142.323
-131.455
-120.196
-108.784
-96.9464
-81.7366
-59.7814
-31.5665
-6.2537
69.8449
76.0822
82.4731
88.6137
93.8934
98.3164
101.626
103.601
104.338
104.01
102.795
100.91
98.4847
95.5928
92.2941
88.5807
84.4299
79.8142
74.6928
69.0287
62.8034
56.017
48.6889
40.9167
32.946
25.0749
17.5447
10.5625
4.33023
-0.964885
-5.15321
-8.08683
-9.63923
-9.67897
-8.01571
-4.39326
1.28261
9.2836
18.5346
58.8038
51.533
42.9254
33.3393
23.506
12.7967
1.59062
-9.7954
-21.4604
-33.2299
-45.0274
-56.875
-68.6886
-80.4271
-92.0319
-103.398
-114.4
-124.881
-134.652
-143.504
-151.249
-157.712
-162.697
-166.057
-167.684
-167.453
-165.24
-161.016
-154.871
-147.013
-137.777
-127.561
-116.734
-105.412
-93.3583
-78.1081
-57.012
-30.4065
-6.1228
65.3238
71.251
77.3402
83.2083
88.2681
92.5294
95.7476
97.708
98.5002
98.2919
97.2529
95.5898
93.4297
90.846
87.8965
84.5754
80.8596
76.7212
72.116
67.0015
61.3492
55.1456
48.3935
41.17
33.7001
26.2648
19.0903
12.3743
6.31499
1.1022
-3.08907
-6.10277
-7.8036
-8.05727
-6.67356
-3.42303
1.76349
9.03182
17.3649
54.902
48.0021
39.8398
30.7616
21.4707
11.3647
0.808012
-9.89486
-20.8431
-31.8683
-42.9018
-53.9679
-64.9916
-75.9415
-86.771
-97.3911
-107.694
-117.544
-126.772
-135.189
-142.611
-148.885
-153.821
-157.273
-159.139
-159.3
-157.63
-154.073
-148.678
-141.594
-133.093
-123.497
-113.099
-101.93
-89.7936
-74.6252
-54.401
-29.1063
-5.75163
61.0969
66.7324
72.5362
78.1424
82.991
87.0935
90.2162
92.1519
92.9838
92.8754
91.9872
90.5174
88.5902
86.2783
83.6377
80.6651
77.339
73.6312
69.4961
64.8879
59.7698
54.1173
47.918
41.2303
34.2579
27.264
20.4597
14.0307
8.16985
3.06634
-1.10225
-4.17357
-6.00535
-6.46105
-5.35449
-2.4787
2.21993
8.76424
16.2051
51.2567
44.7064
36.9622
28.361
19.5767
10.0346
0.0827341
-9.98686
-20.269
-30.6061
-40.9325
-51.2754
-61.5669
-71.7833
-81.8885
-91.8066
-101.446
-110.687
-119.38
-127.356
-134.436
-140.486
-145.325
-148.815
-150.856
-151.34
-150.137
-147.172
-142.456
-136.088
-128.277
-119.271
-109.3
-98.3506
-86.2958
-71.306
-51.8073
-27.5614
-5.12334
57.1446
62.5044
68.0366
73.394
78.038
81.9832
85.0087
86.9116
87.7717
87.7458
86.9874
85.686
83.9635
81.8911
79.5246
76.8624
73.8849
70.5647
66.8568
62.7124
58.0894
52.9541
47.2816
41.1121
34.6292
28.0774
21.6527
15.5279
9.88756
4.91743
0.796474
-2.31033
-4.25525
-4.90009
-4.06383
-1.56038
2.6436
8.48177
15.0573
47.8504
41.6299
34.2808
26.128
17.8199
8.80411
-0.582452
-10.0608
-19.7249
-29.4227
-39.0936
-48.7654
-58.3781
-67.9131
-77.342
-86.6008
-95.6111
-104.268
-112.44
-119.974
-126.7
-132.5
-137.205
-140.684
-142.845
-143.588
-142.783
-140.338
-136.233
-130.523
-123.355
-114.919
-105.395
-94.7327
-82.8293
-68.0254
-49.1968
-25.7664
-4.31099
53.4485
58.5471
63.8215
68.9391
73.3859
77.1776
80.1039
81.9685
82.846
82.888
82.2413
81.0876
79.5457
77.6856
75.5623
73.1763
70.5102
67.5388
64.2175
60.4963
56.3297
51.6765
46.5019
40.8302
34.8246
28.7118
22.6717
16.8638
11.4626
6.64831
2.59794
-0.522375
-2.56161
-3.38135
-2.80825
-0.674093
3.04287
8.19144
13.9359
44.6682
38.7602
31.7837
24.0541
16.1923
7.67187
-1.18568
-10.1132
-19.2002
-28.3031
-37.3648
-46.4136
-55.3949
-64.2961
-73.0939
-81.734
-90.1495
-98.2497
-105.915
-113.012
-119.381
-124.912
-129.453
-132.88
-135.111
-136.054
-135.581
-133.587
-130.025
-124.912
-118.346
-110.458
-101.389
-91.0487
-79.3589
-64.7617
-46.4903
-23.7858
-3.38555
49.9915
54.8424
59.87
64.7585
69.0148
72.6558
75.4825
77.3042
78.1906
78.2886
77.7383
76.7141
75.3317
73.6598
71.7528
69.6127
67.2255
64.5673
61.5952
58.2591
54.511
50.3048
45.5975
40.3996
34.8561
29.175
23.5201
18.0376
12.8905
8.25113
4.2926
1.18
-0.934857
-1.91438
-1.59399
0.179118
3.41004
7.89412
12.8421
41.6955
36.0829
29.4602
22.13
14.6899
6.6337
-1.72747
-10.1383
-18.6869
-27.2349
-35.7294
-44.1985
-52.5931
-60.9034
-69.1123
-77.1725
-85.0269
-92.5964
-99.7752
-106.443
-112.454
-117.704
-122.057
-125.4
-127.658
-128.749
-128.548
-126.94
-123.858
-119.286
-113.279
-105.919
-97.3068
-87.3079
-75.8412
-61.4533
-43.7619
-21.7474
-2.41165
46.7576
51.373
56.166
60.8339
64.9063
68.401
71.127
72.9016
73.79
73.9338
73.4671
72.5569
71.3157
69.8113
68.0967
66.1769
64.0391
61.6622
59.0043
56.0172
52.6514
48.8578
44.5864
39.8371
34.7369
29.4762
24.2034
19.0509
14.169
9.72084
5.87323
2.78847
0.616799
-0.506263
-0.426743
0.994544
3.75371
7.59692
11.7904
38.9187
33.5875
27.299
20.3476
13.304
5.68694
-2.20759
-10.1355
-18.1792
-26.2088
-34.1741
-42.1035
-49.9508
-57.7109
-65.3692
-72.8858
-80.2119
-87.2778
-93.9897
-100.24
-105.895
-110.857
-115.006
-118.237
-120.486
-121.68
-121.695
-120.414
-117.751
-113.665
-108.173
-101.314
-93.1468
-83.4905
-72.2786
-58.1565
-41.0393
-19.7839
-1.39015
43.7322
48.124
52.6923
57.1492
61.0437
64.395
67.0213
68.7458
69.6302
69.8113
69.4171
68.6075
67.4923
66.1369
64.5946
62.8711
60.9567
58.8314
56.4565
53.7844
50.7666
47.352
43.4856
39.1577
34.4799
29.6254
24.7279
19.9058
15.2967
11.0527
7.33288
4.29393
2.08369
0.833666
0.687042
1.76947
4.06738
7.3002
10.7809
36.3251
31.2608
25.2907
18.6981
12.0304
4.8259
-2.62876
-10.1014
-17.6728
-25.2174
-32.6877
-40.113
-47.4505
-54.6963
-61.8405
-68.8482
-75.677
-82.266
-88.532
-94.3779
-99.6837
-104.355
-108.288
-111.388
-113.597
-114.852
-115.036
-114.025
-111.725
-108.074
-103.055
-96.667
-88.93
-79.6265
-68.6968
-54.9113
-38.4383
-18.0035
-0.334243
40.9024
45.0807
49.4347
53.6879
57.4112
60.6231
63.15
64.822
65.6977
65.9089
65.5776
64.8571
63.8541
62.6324
61.2436
59.6961
57.9816
56.0818
53.9605
51.5729
48.8711
45.8028
42.3102
38.3764
34.0982
29.6332
25.1011
20.6068
16.2743
12.2443
8.66627
5.69032
3.45901
2.09937
1.74232
2.50141
4.35866
7.01104
9.82745
33.9036
29.0935
23.4255
17.1737
10.8607
4.04803
-2.99213
-10.0376
-17.1642
-24.2538
-31.2613
-38.2152
-45.0761
-51.842
-58.5054
-65.0361
-71.3975
-77.5356
-83.3772
-88.8343
-93.7989
-98.1802
-101.89
-104.842
-106.986
-108.268
-108.577
-107.789
-105.8
-102.532
-97.9425
-91.9948
-84.6729
-75.7317
-65.1432
-51.791
-35.9855
-16.4602
0.700048
38.2553
42.23
46.3783
50.4371
53.9944
57.0699
59.4992
61.1172
61.9803
62.2152
61.9387
61.2975
60.3944
59.2926
58.0416
56.6516
55.1159
53.4177
51.5239
49.3923
46.9762
44.2232
41.0748
37.5075
33.6053
29.5111
25.3316
21.1586
17.1033
13.2937
9.86909
6.97066
4.73482
3.28239
2.73275
3.18649
4.62173
6.72906
8.9288
31.6428
27.0745
21.6945
15.7663
9.79048
3.34691
-3.30138
-9.94305
-16.6522
-23.3148
-29.8882
-36.4008
-42.8159
-49.1328
-55.3464
-61.43
-67.3523
-73.0651
-78.5032
-83.5878
-88.2213
-92.3172
-95.8004
-98.5927
-100.652
-101.931
-102.328
-101.718
-99.9929
-97.0626
-92.8622
-87.3246
-80.4084
-71.8514
-61.6541
-48.8216
-33.7365
-15.1547
1.61655
35.7795
39.5598
43.5117
47.3824
50.7799
53.7234
56.0554
57.6188
58.466
58.7195
58.4905
57.9197
57.1066
56.1119
54.9846
53.7355
52.3597
50.8421
49.1522
47.2506
45.0918
42.6258
39.7928
36.5645
33.014
29.2702
25.4281
21.5677
17.787
14.2015
10.9388
8.13098
5.90628
4.37841
3.6548
3.82395
4.86323
6.46141
8.0972
29.5327
25.1952
20.0888
14.4687
8.81153
2.71945
-3.55866
-9.82067
-16.1358
-22.3967
-28.563
-34.6618
-40.6595
-46.5559
-52.3484
-58.0132
-63.5227
-68.8345
-73.8904
-78.6194
-82.9331
-86.7502
-90.0055
-92.6302
-94.5886
-95.8418
-96.2941
-95.8243
-94.3203
-91.6843
-87.8343
-82.6805
-76.1617
-68.0079
-58.2497
-46.0089
-31.6434
-14.0549
2.32312
33.4639
37.0588
40.8217
44.5125
47.7553
50.57
52.8073
54.3152
55.1439
55.4113
55.2238
54.7159
53.9832
53.0848
52.0683
50.9457
49.7129
48.357
46.8499
45.1538
43.2274
41.0211
38.4762
35.5605
32.3367
28.922
25.4004
21.8409
18.3293
14.9683
11.8738
9.16717
6.9676
5.38083
4.50279
4.40949
5.07818
6.20682
7.32854
27.5633
23.4454
18.6006
13.2733
7.92003
2.15951
-3.76776
-9.66966
-15.6142
-21.497
-27.2809
-32.9916
-38.5979
-44.1009
-49.4986
-54.7706
-59.8923
-64.8267
-69.5211
-73.9114
-77.9182
-81.4642
-84.4937
-86.9462
-88.7923
-90.0002
-90.4813
-90.1179
-88.7981
-86.4181
-82.8844
-78.0902
-71.9625
-64.2319
-54.938
-43.3312
-29.6898
-13.1028
2.79523
31.2986
34.716
38.2984
41.8151
44.9092
47.5995
49.7433
51.1953
52.0035
52.281
52.1294
51.6774
51.0168
50.205
49.2881
48.2789
47.1743
45.9629
44.619
43.1079
41.39
39.4185
37.1355
34.5061
31.5848
28.4772
25.2581
21.9861
18.7357
15.5973
12.6746
10.0778
7.9162
6.287
5.27469
4.94349
5.27232
5.97139
6.63247
25.7258
21.8179
17.2216
12.1736
7.10804
1.66381
-3.93124
-9.49419
-15.0876
-20.6143
-26.0384
-31.3845
-36.6237
-41.7578
-46.786
-51.6896
-56.4475
-61.0267
-65.3795
-69.4484
-73.1614
-76.4455
-79.2532
-81.5315
-83.2575
-84.4056
-84.8934
-84.6082
-83.4395
-81.2816
-78.0328
-73.5767
-67.831
-60.5353
-51.7195
-40.7643
-27.8155
-12.2499
3.04552
29.2736
32.5214
35.9302
39.2807
42.2308
44.8002
46.8531
48.2495
49.0353
49.3194
49.1989
48.7964
48.2005
47.4666
46.6394
45.7319
44.742
43.6601
42.4621
41.1163
39.5855
37.8256
35.7794
33.4116
30.7689
27.9469
25.0111
22.0118
19.0127
16.0922
13.3423
10.8618
8.74909
7.09257
5.96606
5.42192
5.44105
5.75238
6.00255
24.0113
20.3032
15.945
11.1628
6.37185
1.22641
-4.05354
-9.29427
-14.5572
-19.7481
-24.8334
-29.8371
-34.7318
-39.5198
-44.2011
-48.7594
-53.1757
-57.4207
-61.4516
-65.2161
-68.6489
-71.6816
-74.2737
-76.3786
-77.9792
-79.0561
-79.5334
-79.3033
-78.2579
-76.2923
-73.3016
-69.1634
-63.7894
-56.9359
-48.6028
-38.2995
-26.0403
-11.4647
3.10737
27.3801
30.4653
33.7084
36.8981
39.71
42.1628
44.1265
45.4678
46.23
46.5177
46.424
46.0655
45.5278
44.8638
44.1177
43.301
42.4144
41.4475
40.3803
39.1815
37.8189
36.2482
34.4163
32.2863
29.8993
27.341
24.6694
21.9268
19.1673
16.4584
13.8804
11.5204
9.46644
7.7972
6.57652
5.84604
5.58914
5.5546
5.44585
22.4118
18.8951
14.7633
10.2348
5.70407
0.844311
-4.13698
-9.07389
-14.0237
-18.8976
-23.6639
-28.3455
-32.9166
-37.38
-41.7362
-45.9705
-50.0663
-53.9973
-57.7249
-61.2018
-64.3686
-67.1611
-69.5447
-71.4789
-72.9523
-73.9504
-74.4035
-74.2092
-73.264
-71.4652
-68.7082
-64.8692
-59.8545
-53.4423
-45.5973
-35.9392
-24.3757
-10.7683
2.9656
25.6093
28.5393
31.6228
34.6591
37.3375
39.6772
41.5546
42.8413
43.5789
43.8679
43.7972
43.4779
42.9918
42.3913
41.7168
40.9831
40.1874
39.3247
38.3726
37.3065
36.0924
34.6919
33.0528
31.1388
28.9852
26.6696
24.2429
21.7404
19.2077
16.702
14.2927
12.0556
10.0681
8.39927
7.1036
6.21285
5.71255
5.37435
4.95364
20.9194
17.5852
13.6703
9.38341
5.10158
0.511497
-4.18599
-8.83397
-13.4883
-18.0631
-22.5288
-26.9073
-31.1744
-35.333
-39.3843
-43.315
-47.1103
-50.7465
-54.1889
-57.3946
-60.3096
-62.8736
-65.0572
-66.8254
-68.1715
-69.0858
-69.5047
-69.3314
-68.4674
-66.8144
-64.2701
-60.7128
-56.0449
-50.0701
-42.7184
-33.7054
-22.876
-10.214
2.57791
23.9534
26.7347
29.666
32.5541
35.1045
37.3353
39.1284
40.3614
41.0737
41.3619
41.3108
41.0263
40.5869
40.0426
39.4335
38.7723
38.0593
37.2876
36.4396
35.4902
34.4097
33.161
31.6948
29.9761
28.035
25.9417
23.7407
21.4616
19.142
16.83
14.5846
12.4712
10.5566
8.90066
7.54892
6.52464
5.81529
5.21505
4.53082
19.5274
16.368
12.6595
8.60349
4.55728
0.225363
-4.20315
-8.57854
-12.9523
-17.2447
-21.4271
-25.5205
-29.502
-33.3746
-37.14
-40.786
-44.2996
-47.6593
-50.834
-53.7844
-56.4618
-58.8098
-60.8027
-62.4106
-63.6313
-64.4599
-64.8379
-64.6742
-63.8762
-62.3513
-60.0011
-56.7097
-52.3764
-46.8305
-39.9785
-31.6105
-21.5517
-9.86035
1.9119
22.4048
25.0444
27.8289
30.5758
33.0027
35.1281
36.8397
38.02
38.7067
38.9923
38.9579
38.7041
38.3064
37.8126
37.2616
36.6655
36.0252
35.3351
34.579
33.7337
32.7719
31.6584
30.3474
28.8047
27.0561
25.1656
23.1721
21.0996
18.9789
16.8499
14.7624
12.7718
10.9349
9.30259
7.91237
6.77995
5.89425
5.07235
4.16696
18.2291
15.236
11.7254
7.88933
4.06843
-0.0196019
-4.1924
-8.30821
-12.4176
-16.4433
-20.3587
-24.1837
-27.8968
-31.5013
-34.9985
-38.3779
-41.6275
-44.7283
-47.6519
-50.3627
-52.8164
-54.961
-56.7733
-58.228
-59.327
-60.0698
-60.4026
-60.2407
-59.497
-58.0858
-55.9143
-52.8744
-48.8647
-43.7382
-37.3897
-29.6679
-20.414
-9.72138
0.99699
20.957
23.4608
26.1056
28.7159
31.0244
33.0484
34.6806
35.8093
36.4703
36.7519
36.7315
36.5049
36.1443
35.6957
35.1962
34.658
34.0824
33.4644
32.7897
32.0368
31.1801
30.1874
29.0151
27.63
26.0555
24.3494
22.5456
20.6632
18.727
16.7701
14.8334
12.9635
11.2079
9.6091
8.19734
6.98193
5.95276
4.94832
3.86503
17.0186
14.185
10.8625
7.2363
3.62875
-0.225858
-4.15627
-8.02722
-11.8855
-15.6594
-19.323
-22.8955
-26.3566
-29.7094
-32.9556
-36.0853
-39.0881
-41.9466
-44.6353
-47.1217
-49.3655
-51.3194
-52.9616
-54.2712
-55.2537
-55.912
-56.1982
-56.0326
-55.3349
-54.026
-52.0203
-49.2182
-45.5215
-40.8036
-34.9582
-27.8763
-19.4353
-9.76667
-0.0905144
19.6034
21.9779
24.4882
26.9685
29.1626
31.0885
32.644
33.7223
34.3574
34.6338
34.6251
34.4226
34.0949
33.6866
33.233
32.7461
32.2276
31.6735
31.0705
30.3993
29.6358
28.7503
27.7013
26.4578
25.0403
23.501
21.8697
20.1613
18.3955
16.599
14.8055
13.053
11.381
9.82404
8.40597
7.13064
5.9884
4.83804
3.61336
15.8902
13.2083
10.066
6.63952
3.23594
-0.398534
-4.09841
-7.73636
-11.358
-14.894
-18.3205
-21.6555
-24.8798
-27.9965
-31.0076
-33.9038
-36.6759
-39.3082
-41.7775
-44.0544
-46.1022
-47.8779
-49.3611
-50.5341
-51.406
-51.9833
-52.2229
-52.0508
-51.3931
-50.1778
-48.3272
-45.7509
-42.3566
-38.0356
-32.688
-26.2368
-18.5991
-9.93733
-1.26737
18.3386
20.5893
22.9715
25.3261
27.4107
29.242
30.7229
31.7519
32.3611
32.6313
32.6325
32.4511
32.153
31.7805
31.3677
30.926
30.458
29.9602
29.4205
28.821
28.1399
27.3491
26.4101
25.2932
24.0164
22.6276
21.1522
19.6022
17.9929
16.3455
14.6869
13.0481
11.4609
9.95312
8.54291
7.2297
6.00374
4.74225
3.41329
14.8389
12.3023
9.33099
6.09499
2.88426
-0.539549
-4.02109
-7.43949
-10.8366
-14.1481
-17.3511
-20.4626
-23.4647
-26.3602
-29.1513
-31.8295
-34.3863
-36.8077
-39.0728
-41.1546
-43.02
-44.6299
-45.9654
-47.0111
-47.7795
-48.2799
-48.4746
-48.2951
-47.6737
-46.5455
-44.8409
-42.4794
-39.3765
-35.4394
-30.5788
-24.7417
-17.8774
-10.1811
-2.46829
17.1569
19.2896
21.5484
23.7834
25.7623
27.5021
28.9111
29.8919
30.4754
30.7384
30.7475
30.5848
30.3129
29.9725
29.5958
29.1944
28.7709
28.3225
27.8382
27.3018
26.6932
25.986
25.1445
24.1402
22.9898
21.7356
20.4005
18.9941
17.5282
16.0186
14.4867
12.957
11.4549
10.0022
8.61209
7.28048
5.99723
4.65612
3.25245
13.8595
11.4609
8.65337
5.59828
2.57192
-0.653448
-3.92774
-7.13726
-10.3228
-13.4226
-16.415
-19.3166
-22.1101
-24.7986
-27.384
-29.8586
-32.2151
-34.4404
-36.5156
-38.4166
-40.1129
-41.5696
-42.7685
-43.6969
-44.3687
-44.7975
-44.9506
-44.7645
-44.1771
-43.1308
-41.5645
-39.4077
-36.5847
-33.0171
-28.6286
-23.3853
-17.2594
-10.4631
-3.65906
16.0533
18.073
20.2144
22.3339
24.2115
25.8635
27.2025
28.1363
28.6942
28.9493
28.9647
28.8183
28.5699
28.2579
27.9135
27.5476
27.1634
26.7583
26.3228
25.8416
25.2964
24.6629
23.9075
23.0037
21.9653
20.8312
19.622
18.3454
17.0099
15.6272
14.2136
12.7882
11.3708
9.97807
8.61895
7.28683
5.97084
4.57906
3.13124
12.9476
10.6809
8.02853
5.14583
2.29351
-0.741916
-3.82016
-6.833
-9.81819
-12.7183
-15.5127
-18.2169
-20.815
-23.3097
-25.703
-27.9881
-30.1581
-32.2015
-34.101
-35.8348
-37.3752
-38.6911
-39.765
-40.5851
-41.1686
-41.5324
-41.6478
-41.4569
-40.9025
-39.9342
-38.4994
-36.5375
-33.9824
-30.7686
-26.8329
-22.1565
-16.7275
-10.7656
-4.81314
15.0226
16.9346
18.9631
20.9726
22.7529
24.3202
25.5919
26.4799
27.0121
27.2584
27.2787
27.1465
26.9189
26.6325
26.3167
25.9824
25.6328
25.2658
24.8728
24.44
23.9503
23.3814
22.702
21.8868
20.9478
19.9207
18.8242
17.6643
16.447
15.1805
13.877
12.5508
11.2171
9.88794
8.56876
7.25121
5.92378
4.50675
3.03745
12.0984
9.95684
7.4527
4.73367
2.04762
-0.809129
-3.7013
-6.52725
-9.32409
-12.036
-14.6442
-17.1633
-19.5783
-21.8919
-24.1063
-26.2149
-28.2119
-30.0868
-31.824
-33.4039
-34.8014
-35.9885
-36.9482
-37.6702
-38.1746
-38.4795
-38.5623
-38.369
-37.8472
-36.9535
-35.6441
-33.8677
-31.5679
-28.6906
-25.1853
-21.0459
-16.272
-11.0766
-5.91817
14.0605
15.8694
17.7905
19.6941
21.3813
22.8675
24.074
24.9175
25.4242
25.6611
25.6847
25.5648
25.3556
25.092
24.8017
24.4955
24.1764
23.8429
23.4871
23.0964
22.6553
22.1429
21.5301
20.7931
19.9424
19.0104
18.0143
16.9587
15.8479
14.6875
13.486
12.2538
11.002
9.73901
8.46734
7.17754
5.85758
4.43791
2.97131
11.308
9.2858
6.92194
4.35864
1.82938
-0.856514
-3.57287
-6.22328
-8.84161
-11.3764
-13.8097
-16.1552
-18.399
-20.5437
-22.5914
-24.5362
-26.3731
-28.0923
-29.6802
-31.1189
-32.3858
-33.4558
-34.3121
-34.9469
-35.38
-35.634
-35.6891
-35.4957
-35.0068
-34.1855
-32.996
-31.3958
-29.3379
-26.7785
-23.6788
-20.0419
-15.8765
-11.3848
-6.95186
13.1624
14.8731
16.6911
18.494
20.0918
21.5
22.6441
23.4444
23.926
24.1526
24.1782
24.0689
23.8759
23.6324
23.3649
23.0835
22.7914
22.4873
22.1641
21.8102
21.4114
20.9483
20.3939
19.7258
18.9531
18.1056
17.1986
16.2361
15.2213
14.1573
13.05
11.9064
10.7343
9.53899
8.3207
7.06941
5.7726
4.36955
2.92193
10.5723
8.66303
6.43303
4.01731
1.63763
-0.887911
-3.43763
-5.92134
-8.37207
-10.7403
-13.0094
-15.1924
-17.2763
-19.2635
-21.1563
-22.9493
-24.638
-26.2141
-27.6649
-28.9746
-30.1229
-31.0867
-31.8511
-32.4081
-32.7796
-32.9893
-33.0213
-32.831
-32.3759
-31.6253
-30.5503
-29.1169
-27.2867
-25.0254
-22.3042
-19.1337
-15.5294
-11.6773
-7.90408
12.3243
13.9414
15.6614
17.3675
18.8802
20.214
21.2978
22.0562
22.5129
22.7289
22.7553
22.6547
22.4759
22.2503
22.0028
21.7434
21.4751
21.1969
20.9022
20.5804
20.2184
19.7983
19.2949
18.6875
17.9839
17.2111
16.3833
15.5041
14.5751
13.5988
12.5779
11.5173
10.422
9.29517
8.13476
6.93081
5.67053
4.30043
2.89
9.88781
8.0862
5.98269
3.70709
1.46817
-0.904245
-3.297
-5.62432
-7.91657
-10.1282
-12.2433
-14.2744
-16.209
-18.0498
-19.7988
-21.4514
-23.0037
-24.4481
-25.7736
-26.966
-28.0068
-28.876
-29.5582
-30.0477
-30.3658
-30.5376
-30.5516
-30.3674
-29.9479
-29.2663
-28.3009
-27.0247
-25.4072
-23.4231
-21.0523
-18.3102
-15.2168
-11.9423
-8.75664
11.5424
13.0704
14.6965
16.3109
17.7422
19.0046
20.0308
20.7487
21.1811
21.386
21.4122
21.3188
21.1521
20.9421
20.7124
20.4722
20.2249
19.9692
19.6995
19.4057
19.0758
18.6932
18.2346
17.6806
17.0379
16.3314
15.574
14.7687
13.9173
13.0198
12.078
11.0949
10.0736
9.01507
7.91588
6.76604
5.55297
4.22911
2.86626
9.25096
7.5512
5.5683
3.42532
1.32042
-0.908679
-3.15293
-5.33207
-7.47601
-9.54064
-11.5116
-13.4006
-15.1962
-16.9009
-18.5168
-20.0397
-21.4665
-22.7905
-24.0017
-25.0878
-26.0323
-26.8167
-27.4271
-27.8581
-28.1303
-28.271
-28.2716
-28.0978
-27.7145
-27.1011
-26.2397
-25.1102
-23.6904
-21.9618
-19.9121
-17.5601
-14.928
-12.169
-9.50623
10.8131
12.2562
13.7935
15.3199
16.6739
17.8683
18.8391
19.5179
19.9265
20.1202
20.1452
20.0575
19.9014
19.7049
19.4906
19.2673
19.0382
18.8023
18.5544
18.285
17.9831
17.6333
17.214
16.707
16.1184
15.4706
14.7756
14.0366
13.2542
12.4278
11.5582
10.6474
9.69684
8.70572
7.66974
6.57924
5.42176
4.15471
2.85222
8.65862
7.05605
5.18709
3.16993
1.19083
-0.901705
-3.00626
-5.0469
-7.05086
-8.97786
-10.814
-12.5705
-14.2367
-15.8151
-17.3078
-18.7113
-20.0229
-21.2368
-22.3444
-23.3347
-24.1932
-24.9024
-25.4506
-25.8313
-26.0659
-26.1809
-26.1737
-26.0121
-25.667
-25.1191
-24.356
-23.3639
-22.1261
-20.6314
-18.8733
-16.8728
-14.6527
-12.3505
-10.1433
10.1326
11.4953
12.9477
14.3911
15.6711
16.8007
17.7186
18.3599
18.7454
18.9278
18.9509
18.8679
18.7205
18.5357
18.3347
18.126
17.9127
17.694
17.465
17.2169
16.9395
16.6185
16.2338
15.7685
15.2278
14.6322
13.9928
13.3127
12.5921
11.83
11.0268
10.1832
9.29964
8.37439
7.40246
6.37475
5.27909
4.07693
2.84014
8.10752
6.59694
4.83672
2.93853
1.07909
-0.885832
-2.85857
-4.7683
-6.64167
-8.43983
-10.1501
-11.7832
-13.3293
-14.7905
-16.1696
-17.4632
-18.6693
-19.783
-20.7969
-21.7013
-22.4828
-23.1267
-23.6208
-23.9599
-24.1632
-24.2591
-24.2473
-24.1012
-23.7936
-23.3092
-22.6395
-21.7743
-20.7039
-19.4211
-17.9252
-16.2382
-14.3825
-12.4802
-10.671
9.4979
10.7839
12.156
13.52
14.7299
15.7977
16.665
17.2705
17.6338
17.8051
17.8259
17.7465
17.6066
17.4318
17.2422
17.0461
16.8464
16.6425
16.4298
16.2003
15.9443
15.6486
15.2945
14.8662
14.3683
13.8193
13.2296
12.6023
11.9374
11.2339
10.4913
9.70995
8.88934
8.02761
7.11942
6.15641
5.12658
3.99472
2.83171
7.59478
6.17202
4.51447
2.72916
0.982037
-0.86134
-2.71037
-4.49789
-6.24833
-7.9261
-9.51917
-11.0376
-12.4722
-13.8253
-15.0995
-16.2922
-17.402
-18.4247
-19.354
-20.1814
-20.8953
-21.4818
-21.9303
-22.235
-22.4137
-22.4952
-22.4827
-22.3534
-22.0834
-21.6602
-21.0776
-20.3307
-19.4121
-18.3202
-17.0579
-15.6477
-14.1111
-12.5559
-11.0875
8.90549
10.1188
11.4143
12.7031
13.8461
14.8549
15.6741
16.2455
16.5876
16.7481
16.7665
16.69
16.5565
16.3905
16.2108
16.0254
15.8375
15.6463
15.4477
15.2342
14.997
14.7235
14.3966
14.0015
13.5419
13.0347
12.4897
11.91
11.2956
10.6453
9.95836
9.23432
8.47303
7.67195
6.82642
5.92845
4.96661
3.90871
2.8204
7.11753
5.77785
4.21819
2.53956
0.899274
-0.830642
-2.56288
-4.23494
-5.87088
-7.43626
-8.92016
-10.3321
-11.6636
-12.9169
-14.0948
-15.1952
-16.2171
-17.1573
-18.0106
-18.7694
-19.4235
-19.9606
-20.3707
-20.6474
-20.8074
-20.879
-20.8691
-20.758
-20.5252
-20.1599
-19.6594
-19.02
-18.2392
-17.318
-16.2619
-15.0937
-13.833
-12.5756
-11.3998
8.35274
9.49685
10.7196
11.9365
13.0159
13.9684
14.7415
15.2804
15.6025
15.7529
15.7689
15.695
15.5673
15.4089
15.238
15.062
14.8842
14.704
14.5176
14.3181
14.0972
13.8434
13.5408
13.1753
12.7504
12.281
11.7764
11.2397
10.6713
10.0696
9.43363
8.76309
8.05703
7.31384
6.52858
5.69469
4.80102
3.81793
2.80793
6.67354
5.41291
3.94545
2.36791
0.827764
-0.794042
-2.41668
-3.98104
-5.5091
-6.96949
-8.35182
-9.66504
-10.9013
-12.0628
-13.1524
-14.1685
-15.1106
-15.9763
-16.7612
-17.4591
-18.0606
-18.5553
-18.9332
-19.188
-19.3338
-19.4001
-19.395
-19.3036
-19.1068
-18.7966
-18.371
-17.8301
-17.1732
-16.4034
-15.5287
-14.5696
-13.5452
-12.5408
-11.6104
7.83695
8.91534
10.0687
11.2173
12.2356
13.1342
13.8634
14.3714
14.6745
14.8154
14.8292
14.758
14.6357
14.4844
14.3214
14.1538
13.985
13.8145
13.6388
13.4515
13.2451
13.0088
12.7277
12.3891
11.9954
11.5603
11.0924
10.5948
10.0682
9.51108
8.92222
8.30106
7.64711
6.95835
6.23118
5.45929
4.6328
3.72437
2.79095
6.26047
5.07431
3.69445
2.21216
0.767134
-0.75387
-2.27309
-3.73563
-5.1631
-6.52534
-7.81299
-9.03461
-10.1828
-11.26
-12.2688
-13.2082
-14.078
-14.8766
-15.6004
-16.244
-16.7998
-17.2577
-17.6093
-17.8468
-17.9832
-18.047
-18.0495
-17.9779
-17.816
-17.5568
-17.2005
-16.7485
-16.2024
-15.5671
-14.8492
-14.0695
-13.2451
-12.4528
-11.7281
7.35602
8.37191
9.45932
10.5424
11.5025
12.3496
13.0366
13.5149
13.7999
13.9318
13.9438
13.8753
13.7584
13.6141
13.4585
13.2988
13.1382
12.9765
12.8104
12.6341
12.4407
12.2199
11.9583
11.6438
11.2784
10.8744
10.4398
9.97789
9.48946
8.97314
8.42778
7.8528
7.24754
6.61072
5.93844
5.22634
4.46463
3.62854
2.77093
5.87646
4.76084
3.46318
2.07086
0.714771
-0.710412
-2.13276
-3.50031
-4.83297
-6.10334
-7.30262
-8.43907
-9.50587
-10.5054
-11.4404
-12.3101
-13.1147
-13.853
-14.5223
-15.1182
-15.6336
-16.0604
-16.3901
-16.6144
-16.7446
-16.809
-16.8205
-16.7691
-16.6403
-16.4286
-16.1351
-15.763
-15.3155
-14.7969
-14.215
-13.5875
-12.9316
-12.3157
-11.7601
6.90775
7.86442
8.88894
9.91004
10.8143
11.612
12.2586
12.7084
12.9756
13.0989
13.1093
13.0438
12.9324
12.795
12.6468
12.4948
12.3421
12.1886
12.0315
11.8654
11.6838
11.4772
11.2332
10.9407
10.601
10.2251
9.82065
9.39109
8.93743
8.45854
7.95332
7.42128
6.86198
6.27383
5.65442
4.99893
4.29912
3.53247
2.74699
5.51956
4.47007
3.25018
1.94242
0.670554
-0.665593
-1.99672
-3.27468
-4.51898
-5.7033
-6.81996
-7.87702
-8.8683
-9.79627
-10.6637
-11.47
-12.2158
-12.9002
-13.5211
-14.0747
-14.5555
-14.9554
-15.267
-15.4813
-15.6081
-15.6751
-15.6969
-15.6654
-15.568
-15.3998
-15.1631
-14.8619
-14.5002
-14.0831
-13.6167
-13.1185
-12.6033
-12.1332
-11.7159
6.49036
7.39087
8.35594
9.31778
10.169
10.9197
11.5275
11.9497
12.1997
12.3143
12.323
12.2604
12.1547
12.0244
11.8838
11.7395
11.5947
11.4493
11.3009
11.1445
10.974
10.7807
10.553
10.2805
9.9643
9.61397
9.23673
8.83631
8.4141
7.96928
7.50098
7.00886
6.49242
5.95082
5.38091
4.77917
4.13777
3.43705
2.72076
5.18826
4.20114
3.054
1.82582
0.6324
-0.619314
-1.86523
-3.05986
-4.22098
-5.32483
-6.36432
-7.34731
-8.26839
-9.13015
-9.93549
-10.6841
-11.3767
-12.0129
-12.5908
-13.1076
-13.5579
-13.9352
-14.2317
-14.4386
-14.5641
-14.6353
-14.6677
-14.6555
-14.5872
-14.4588
-14.2725
-14.0334
-13.746
-13.4153
-13.0477
-12.6582
-12.261
-11.9101
-11.6039
6.10203
6.94954
7.85813
8.76409
9.56482
10.2706
10.8415
11.2373
11.4704
11.5764
11.5831
11.523
11.4227
11.2996
11.1667
11.0305
10.8937
10.7566
10.6169
10.47
10.3102
10.1296
9.91734
9.6637
9.36923
9.04229
8.68968
8.31541
7.92136
7.50721
7.07242
6.6169
6.1405
5.64206
5.11914
4.56809
3.98256
3.34435
2.69299
4.88102
3.95213
2.87364
1.71998
0.600627
-0.572867
-1.73874
-2.85492
-3.93875
-4.96748
-5.93497
-6.84895
-7.70468
-8.50507
-9.25309
-9.94879
-10.5932
-11.1859
-11.7258
-12.2101
-12.6342
-12.9921
-13.2764
-13.4779
-13.6035
-13.6796
-13.7227
-13.7284
-13.6867
-13.5938
-13.4524
-13.2673
-13.0437
-12.7866
-12.5024
-12.2043
-11.9043
-11.65
-11.4327
5.74124
6.53864
7.39399
8.24674
8.99968
9.66296
10.1987
10.5695
10.7863
10.8838
10.8883
10.8301
10.7347
10.6182
10.493
10.3649
10.2365
10.108
9.97718
9.83989
9.69096
9.52285
9.32555
9.09
8.81614
8.51105
8.18103
7.83034
7.46133
7.07429
6.66931
6.24676
5.80676
5.34852
4.86955
4.36686
3.8339
3.25501
2.66535
4.59655
3.72248
2.70802
1.62426
0.573664
-0.525766
-1.61699
-2.66029
-3.67157
-4.63028
-5.53076
-6.38054
-7.1756
-7.91903
-8.61403
-9.26105
-9.86132
-10.4149
-10.9207
-11.3762
-11.7776
-12.1189
-12.3933
-12.5908
-12.7175
-12.7987
-12.8516
-12.8735
-12.8556
-12.7944
-12.6921
-12.5542
-12.385
-12.1904
-11.9757
-11.7532
-11.5326
-11.3561
-11.2085
5.40632
6.15647
6.9613
7.76379
8.47126
9.09423
9.59698
9.94437
10.1458
10.2352
10.2373
10.1804
10.0888
9.97818
9.86008
9.73985
9.61989
9.5002
9.37869
9.25139
9.11354
8.95812
8.77584
8.55819
8.30454
8.0206
7.71201
7.38304
7.03647
6.67327
6.29424
5.90049
5.49278
5.07077
4.63237
4.17457
3.69182
3.16898
2.63707
4.33351
3.51068
2.55654
1.53805
0.552186
-0.47886
-1.49994
-2.47476
-3.41868
-4.31212
-5.1502
-5.94025
-6.67896
-7.36962
-8.0156
-8.61771
-9.17752
-9.69536
-10.1703
-10.6005
-10.9819
-11.3092
-11.5752
-11.7699
-11.898
-11.984
-12.0456
-12.0816
-12.0842
-12.0504
-11.9823
-11.8847
-11.7622
-11.6197
-11.4625
-11.3014
-11.145
-11.0301
-10.9375
5.09583
5.80123
6.55833
7.31272
7.97718
8.56218
9.03432
9.36038
9.54731
9.62931
9.62906
9.57267
9.48375
9.37765
9.26554
9.15244
9.04054
8.92967
8.8177
8.70083
8.57454
8.43227
8.26545
8.06609
7.83293
7.57036
7.28308
6.97513
6.64941
6.30739
5.95069
5.58135
5.20104
4.81037
4.40791
3.9913
3.55453
3.08439
2.60766
4.09076
3.3164
2.41859
1.46132
0.535352
-0.431061
-1.38689
-2.29825
-3.17897
-4.0116
-4.79147
-5.52577
-6.21205
-6.85377
-7.4544
-8.01511
-8.53775
-9.02294
-9.47019
-9.87747
-10.2416
-10.5568
-10.8158
-11.0084
-11.138
-11.2284
-11.2973
-11.3448
-11.3644
-11.3535
-11.3141
-11.2506
-11.1672
-11.0682
-10.9581
-10.8467
-10.7416
-10.6753
-10.6252
4.80814
5.47107
6.18264
6.89141
7.51507
8.0646
8.50885
8.81598
8.98946
9.06482
9.06224
9.00563
8.91803
8.81489
8.70712
8.59978
8.49504
8.39256
8.29015
8.18405
8.06989
7.94151
7.79093
7.61067
7.39893
7.15873
6.89375
6.60739
6.30228
5.98007
5.64289
5.29376
4.93567
4.57051
4.19809
3.81672
3.42171
2.99971
2.57542
3.86699
3.13827
2.29374
1.39371
0.524142
-0.382574
-1.27722
-2.12914
-2.95113
-3.72697
-4.45238
-5.13456
-5.77198
-6.36815
-6.92665
-7.4491
-7.93763
-8.39314
-8.81519
-9.20249
-9.5514
-9.85631
-10.1095
-10.3005
-10.4317
-10.5258
-10.6003
-10.6565
-10.689
-10.6958
-10.6794
-10.6437
-10.5926
-10.5294
-10.458
-10.3869
-10.3227
-10.2943
-10.2768
4.54186
5.16451
5.83306
6.49821
7.08359
7.59998
8.01898
8.3096
8.47079
8.5409
8.5363
8.47858
8.39095
8.28876
8.18304
8.07925
7.97986
7.88464
7.79133
7.69614
7.59473
7.48114
7.3479
7.18796
6.99906
6.78293
6.54214
6.2792
5.99604
5.6939
5.37503
5.04312
4.70239
4.35646
4.00702
3.65411
3.29376
2.91463
2.53827
3.66097
2.97525
2.18045
1.33408
0.516965
-0.333208
-1.1707
-1.96716
-2.73348
-3.45613
-4.13
-4.76329
-5.3554
-5.90915
-6.42819
-6.91499
-7.37211
-7.80054
-8.20041
-8.57002
-8.90623
-9.20263
-9.45136
-9.64131
-9.77407
-9.87083
-9.94914
-10.0109
-10.052
-10.0714
-10.0718
-10.0574
-10.0318
-9.99776
-9.95826
-9.92011
-9.8891
-9.89054
-9.89811
4.29579
4.88074
5.50895
6.13332
6.68293
7.16819
7.56389
7.83941
7.98833
8.05554
8.0504
7.99141
7.90258
7.79946
7.69302
7.5895
7.49229
7.40178
7.31596
7.23108
7.14269
7.04486
6.93035
6.79238
6.62812
6.43815
6.22394
5.98707
5.72846
5.44851
5.14885
4.83324
4.50681
4.17491
3.84145
3.50887
3.1752
2.83102
2.49659
3.47224
2.82625
2.0779
1.28141
0.513746
-0.284151
-1.06756
-1.81146
-2.52499
-3.19736
-3.82133
-4.4081
-4.95842
-5.4728
-5.95454
-6.40756
-6.83528
-7.23919
-7.61926
-7.97439
-8.30036
-8.59062
-8.83623
-9.02578
-9.15963
-9.25794
-9.33762
-9.40158
-9.44662
-9.47289
-9.48362
-9.48379
-9.47686
-9.46573
-9.45204
-9.44158
-9.43795
-9.46384
-9.4907
4.07
4.62014
5.21143
5.79778
6.31424
6.76963
7.1432
7.40335
7.53785
7.60531
7.60275
7.5437
7.45376
7.34852
7.23885
7.1319
7.03255
6.94253
6.86078
6.78402
6.70788
6.62629
6.53194
6.41786
6.2804
6.1188
5.9335
5.72529
5.49417
5.23938
4.96143
4.66337
4.35045
4.02934
3.70617
3.38623
3.07031
2.75161
2.45041
3.30191
2.69298
1.98773
1.23786
0.516029
-0.23231
-0.965375
-1.66031
-2.32383
-2.94775
-3.52461
-4.06814
-4.5801
-5.05755
-5.50336
-5.9233
-6.32236
-6.70282
-7.06549
-7.40881
-7.72806
-8.01496
-8.25998
-8.45034
-8.58566
-8.6844
-8.76343
-8.82578
-8.87014
-8.89722
-8.91206
-8.91967
-8.92525
-8.93068
-8.93822
-8.95075
-8.97155
-9.01838
-9.06264
3.86537
4.38364
4.94077
5.49174
5.97664
6.4023
6.75429
6.99674
7.11509
7.18741
7.19143
7.13491
7.04535
6.9382
6.82369
6.71027
6.60435
6.50978
6.42719
6.35468
6.2884
6.22237
6.14893
6.06057
5.95211
5.82109
5.66677
5.48935
5.2882
5.06158
4.80865
4.53103
4.23326
3.92228
3.6061
3.29262
2.98616
2.68302
2.40509
3.14926
2.57513
1.91131
1.20571
0.527827
-0.174238
-0.859288
-1.50872
-2.12523
-2.70307
-3.23712
-3.74387
-4.22196
-4.66373
-5.07407
-5.46094
-5.83042
-6.18687
-6.53281
-6.86664
-7.18216
-7.46949
-7.71723
-7.91126
-8.04929
-8.14837
-8.22416
-8.28083
-8.3181
-8.33924
-8.35027
-8.35823
-8.36868
-8.38507
-8.40802
-8.44045
-8.48231
-8.54854
-8.60706
3.68057
4.16898
4.6944
5.21161
5.6661
6.06151
6.39235
6.6117
6.71447
6.80055
6.81502
6.76329
6.67714
6.5696
6.45033
6.32857
6.21289
6.10896
6.02026
5.94674
5.88634
5.83325
5.77997
5.71785
5.63989
5.5409
5.41871
5.27302
5.10297
4.90659
4.68173
4.42861
4.14981
3.85179
3.54267
3.23307
2.92996
2.6338
2.36846
3.03487
2.48853
1.85616
1.18621
0.544245
-0.117773
-0.757176
-1.36053
-1.92016
-2.45088
-2.91597
-3.39869
-3.86528
-4.28629
-4.67533
-5.04301
-5.39467
-5.73694
-6.07514
-6.4083
-6.72827
-7.02327
-7.27998
-7.48256
-7.62693
-7.72824
-7.80115
-7.85007
-7.87658
-7.88682
-7.88791
-7.88978
-7.89903
-7.91953
-7.95207
-7.99827
-8.05629
-8.13794
-8.20658
3.5406
4.00384
4.50245
4.98618
5.40657
5.76052
6.05022
6.21031
6.2858
6.42882
6.47697
6.44246
6.36976
6.26965
6.15041
6.02377
5.89986
5.78669
5.68967
5.61182
5.55276
5.50829
5.47095
5.43161
5.38068
5.31
5.21541
5.09607
4.95157
4.78037
4.58055
4.35109
4.09311
3.81092
3.51208
3.20721
2.90636
2.61226
2.35154
2.9475
2.42391
1.81805
1.17806
0.567973
-0.057449
-0.653037
-1.20931
-1.70801
-2.19318
-2.57373
-3.04529
-3.51467
-3.92417
-4.30126
-4.65961
-5.00186
-5.33653
-5.67258
-6.00941
-6.3375
-6.64324
-6.91111
-7.12392
-7.27643
-7.38158
-7.45286
-7.4943
-7.50981
-7.50859
-7.49751
-7.49053
-7.49555
-7.51614
-7.55383
-7.60945
-7.68033
-7.77381
-7.85205
3.43173
3.87329
4.3463
4.79591
5.17849
5.48274
5.71719
5.80083
5.84191
6.06294
6.16131
6.15374
6.10188
6.01552
5.90182
5.77522
5.64771
5.52861
5.4248
5.34151
5.28057
5.23968
5.21246
5.18993
5.16084
5.11416
5.04314
4.94576
4.82175
4.67062
4.49136
4.28297
4.04537
3.78095
3.49531
3.1982
2.90048
2.60795
2.34785
2.86165
2.36079
1.78155
1.17251
0.594908
0.00742834
-0.545029
-1.05568
-1.49806
-1.94181
-2.24259
-2.70017
-3.17008
-3.56735
-3.93103
-4.27825
-4.60885
-4.93249
-5.26183
-5.59847
-5.93205
-6.24673
-6.52501
-6.7485
-6.91044
-7.02088
-7.09154
-7.12564
-7.12926
-7.11538
-7.08991
-7.07157
-7.06939
-7.08688
-7.12637
-7.18855
-7.27019
-7.37524
-7.46534
3.32445
3.74485
4.19257
4.60869
4.95458
5.20973
5.38987
5.40269
5.41194
5.69961
5.84985
5.87197
5.843
5.77321
5.66871
5.54549
5.41786
5.29552
5.18614
5.09601
5.02924
4.98587
4.96197
4.94992
4.93845
4.9139
4.86638
4.79112
4.68707
4.55447
4.39412
4.20628
3.99084
3.74848
3.48226
3.19946
2.90969
2.62066
2.36149
2.77717
2.29869
1.74632
1.16857
0.624219
0.0746692
-0.435648
-0.902124
-1.2943
-1.69775
-1.92729
-2.36609
-2.83103
-3.21475
-3.56347
-3.89775
-4.21507
-4.5251
-4.84411
-5.17611
-5.51119
-5.83191
-6.11911
-6.35344
-6.5257
-6.64303
-6.7147
-6.7433
-6.73636
-6.71064
-6.67008
-6.63899
-6.62687
-6.63805
-6.67485
-6.73941
-6.82735
-6.94067
-7.03819
3.21867
3.61819
4.04063
4.4235
4.7338
4.94041
5.06895
5.01775
4.99758
5.33927
5.54045
5.59423
5.58878
5.53744
5.44444
5.32798
5.20387
5.08294
4.97187
4.87748
4.80428
4.75483
4.72748
4.71787
4.7162
4.70863
4.68233
4.62918
4.54547
4.43092
4.28778
4.11852
3.92475
3.7066
3.46523
3.20423
2.93066
2.65094
2.39619
2.69447
2.23802
1.71181
1.16486
0.652972
0.14131
-0.328619
-0.752749
-1.10019
-1.46262
-1.63057
-2.0451
-2.49755
-2.8647
-3.19656
-3.51638
-3.81997
-4.11586
-4.42204
-4.74564
-5.0778
-5.40051
-5.69385
-5.93713
-6.11908
-6.24393
-6.31927
-6.34625
-6.33399
-6.30079
-6.24922
-6.20727
-6.18606
-6.18947
-6.22117
-6.28355
-6.37354
-6.49219
-6.60312
3.11463
3.49337
3.89024
4.24032
4.51621
4.67519
4.7557
4.64491
4.59659
4.98126
5.23064
5.31694
5.33649
5.3056
5.22684
5.11917
5.00176
4.88637
4.77979
4.6869
4.61184
4.55687
4.52252
4.50727
4.50529
4.50514
4.49389
4.46072
4.39817
4.30326
4.17764
4.02564
3.85117
3.6563
3.44124
3.20729
2.95728
2.69492
2.44832
2.61381
2.17884
1.67774
1.15988
0.678671
0.20263
-0.229293
-0.612469
-0.91975
-1.23883
-1.35421
-1.73813
-2.16868
-2.51465
-2.8273
-3.13175
-3.42235
-3.70529
-3.9986
-4.3113
-4.63634
-4.95637
-5.25061
-5.49718
-5.68337
-5.81178
-5.88886
-5.91443
-5.89803
-5.85849
-5.79604
-5.7423
-5.70945
-5.70145
-5.72307
-5.77761
-5.86224
-5.97503
-6.07329
3.01272
3.37069
3.74163
4.05967
4.3031
4.41619
4.45276
4.28259
4.20696
4.62653
4.91869
5.03498
5.07931
5.07313
5.01409
4.91967
4.81088
4.70266
4.60315
4.51683
4.4459
4.39085
4.35133
4.32726
4.31635
4.31228
4.30557
4.28602
4.2435
4.17115
4.06743
3.93586
3.78177
3.60948
3.42067
3.21562
2.99457
2.7573
2.52567
2.53593
2.12149
1.64356
1.15184
0.697673
0.253881
-0.143489
-0.487815
-0.757475
-1.0292
-1.09962
-1.44526
-1.84369
-2.16306
-2.45386
-2.74208
-3.02125
-3.29386
-3.57549
-3.87593
-4.19034
-4.50283
-4.79281
-5.03909
-5.22854
-5.36277
-5.44739
-5.48108
-5.4726
-5.44002
-5.37891
-5.32385
-5.28718
-5.27287
-5.28608
-5.33197
-5.41083
-5.5267
-5.6558
2.91416
3.25177
3.59653
3.88393
4.09599
4.16358
4.15794
3.92508
3.82081
4.27401
4.60613
4.74592
4.80929
4.8265
4.7943
4.72364
4.63337
4.53722
4.44612
4.36612
4.30093
4.24929
4.20928
4.17859
4.15607
4.13889
4.12383
4.10481
4.07333
4.02028
3.94047
3.83409
3.70534
3.55959
3.39988
3.22767
3.04169
2.84096
2.64333
2.46136
2.06537
1.60775
1.13812
0.70684
0.29075
-0.0756415
-0.382377
-0.615531
-0.835677
-0.867201
-1.16654
-1.52279
-1.81049
-2.0769
-2.34799
-2.61668
-2.88142
-3.15318
-3.44027
-3.73877
-4.03343
-4.30487
-4.53243
-4.70578
-4.82821
-4.90595
-4.93563
-4.92505
-4.88904
-4.82089
-4.75636
-4.70886
-4.68172
-4.68173
-4.71314
-4.7741
-4.85744
-4.91699
2.82072
3.13925
3.45863
3.71673
3.89574
3.91387
3.86497
3.56184
3.42419
3.91497
4.29367
4.46065
4.53786
4.56717
4.55054
4.50267
4.43966
4.37019
4.29916
4.23265
4.17543
4.1292
4.09185
4.0605
4.03202
4.00416
3.97678
3.94942
3.91781
3.87451
3.81255
3.7287
3.62436
3.5036
3.37083
3.22832
3.07551
2.90673
2.72878
2.39073
2.01066
1.56995
1.11828
0.705858
0.313742
-0.0244036
-0.295002
-0.49226
-0.659474
-0.657079
-0.901917
-1.20762
-1.46003
-1.70042
-1.95207
-2.20851
-2.46517
-2.72832
-3.00335
-3.28655
-3.56642
-3.82777
-4.05437
-4.23463
-4.36971
-4.46623
-4.52078
-4.5408
-4.53825
-4.49489
-4.4491
-4.41306
-4.39057
-4.38876
-4.4163
-4.48077
-4.59656
-4.7707
2.73372
3.03527
3.33106
3.56182
3.70381
3.67023
3.57926
3.19204
3.00206
3.52575
3.95607
4.1685
4.28708
4.34569
4.33924
4.28978
4.22612
4.16422
4.10674
4.05413
4.00739
3.96797
3.93479
3.90511
3.87467
3.84116
3.80622
3.77309
3.74221
3.71017
3.67114
3.61995
3.55428
3.47454
3.38311
3.28284
3.17807
3.07579
3.00567
2.32651
1.95986
1.53322
1.09663
0.700285
0.328462
0.0148501
-0.223635
-0.389669
-0.505164
-0.470623
-0.653984
-0.901521
-1.11632
-1.33053
-1.56107
-1.80034
-2.04097
-2.28387
-2.52962
-2.77374
-3.00482
-3.20917
-3.37352
-3.49804
-3.59234
-3.66075
-3.69587
-3.69987
-3.68107
-3.62409
-3.56499
-3.51324
-3.47208
-3.44798
-3.44559
-3.45715
-3.46175
-3.38947
2.65542
2.94167
3.21594
3.42091
3.524
3.44784
3.3211
2.81678
2.5563
3.1033
3.55452
3.79041
3.96436
4.10908
4.18969
4.20178
4.16651
4.10753
4.04041
3.97468
3.91493
3.86429
3.82301
3.78742
3.74807
3.69823
3.63852
3.57368
3.50819
3.44355
3.3784
3.31059
3.23883
3.1631
3.08406
3.00059
2.90501
2.77639
2.59059
2.27417
1.91523
1.49684
1.06992
0.685078
0.328562
0.0356399
-0.177839
-0.316692
-0.378673
-0.312354
-0.430682
-0.613924
-0.78608
-0.969285
-1.17512
-1.39644
-1.6259
-1.86065
-2.10017
-2.34244
-2.58502
-2.82236
-3.04427
-3.23255
-3.38492
-3.51583
-3.62474
-3.72212
-3.81042
-3.83993
-3.85125
-3.86004
-3.86828
-3.88033
-3.90932
-3.97878
-4.13024
-4.42653
2.59348
2.86738
3.12169
3.2986
3.35708
3.24242
3.05129
2.38458
2.07963
2.70977
3.18108
3.37519
3.49545
3.61592
3.73188
3.83582
3.92377
3.98855
4.02478
4.03453
4.02297
3.99783
3.96776
3.94644
3.94249
3.94538
3.94215
3.93129
3.91554
3.89696
3.87491
3.84699
3.81107
3.76632
3.71503
3.66409
3.63124
3.65243
3.7852
2.23659
1.8714
1.44457
1.01193
0.62654
0.278737
0.0055119
-0.178647
-0.277338
-0.272337
-0.181462
-0.241241
-0.363315
-0.489495
-0.627145
-0.778597
-0.938085
-1.09882
-1.25565
-1.40375
-1.53594
-1.64136
-1.7102
-1.74189
-1.76299
-1.7917
-1.82268
-1.83932
-1.83532
-1.83577
-1.81044
-1.7824
-1.75806
-1.73312
-1.70965
-1.6876
-1.64199
-1.52473
-1.20791
2.55756
2.82643
3.06431
3.20572
3.20164
3.00768
2.63823
1.77025
1.49259
2.33473
3.00863
3.36236
3.53212
3.57437
3.51073
3.38781
3.25152
3.13704
3.05299
2.99731
2.9626
2.94524
2.93667
2.91667
2.86343
2.79096
2.7187
2.64752
2.57545
2.50253
2.43164
2.36574
2.30668
2.25418
2.20572
2.15125
2.06164
1.8781
1.50722
2.20576
1.82335
1.37473
0.922105
0.525093
0.179048
-0.0750992
-0.222831
-0.263231
-0.183929
-0.07133
-0.0803919
-0.142829
-0.23062
-0.344085
-0.482321
-0.644441
-0.82936
-1.03741
-1.27123
-1.5361
-1.83446
-2.15506
-2.46554
-2.71302
-2.89691
-3.08516
-3.2561
-3.48572
-3.78444
-3.79882
-3.89604
-4.05208
-4.186
-4.29459
-4.41302
-4.59554
-4.92315
-5.51661
2.53695
2.80799
3.03658
3.14543
3.07616
2.7715
2.14556
1.09891
0.685416
1.51539
2.37269
3.16183
3.89015
4.55669
5.09854
5.49033
5.74824
5.88886
5.93974
5.93268
5.89259
5.84058
5.80775
5.84536
5.9717
6.11349
6.21694
6.2933
6.35501
6.40277
6.43211
6.44182
6.43459
6.41462
6.39165
6.38411
6.43709
6.6186
7.02187
87.9816
87.4433
87.1957
86.2559
84.3555
81.6396
78.2007
74.1722
69.6634
64.8739
59.9669
55.1424
50.4849
46.0644
41.8757
37.8695
33.9425
30.0844
26.3385
22.8794
19.9146
17.631
16.1339
15.4448
15.5599
16.423
17.7931
19.2682
20.4776
21.2487
21.5829
21.4649
20.8699
19.7865
18.3177
16.6061
14.7755
12.8397
10.788
8.61844
6.39444
4.18912
2.07546
0.0894295
-1.74485
-3.42075
-4.92859
-6.26697
-7.43298
-8.43087
-9.2653
-9.94595
-10.4797
-10.8785
-11.1527
-11.3147
-11.3764
-11.3499
-11.2463
-11.0756
-10.8459
-10.5657
-10.2419
-9.88205
-9.48865
-9.07252
-8.62758
-8.23337
-7.8833
-7.50726
-7.08606
-6.66804
-6.12373
-5.74971
-4.94617
-4.91706
-3.32961
-4.64223
-1.00214
-5.92383
88.8513
87.3825
85.5275
83.0718
80.182
77.0076
73.7245
70.4378
67.0877
63.6979
60.2404
56.77
53.3093
49.8944
46.5277
43.2319
40.0127
36.8953
33.8821
30.9944
28.2302
25.6073
23.1196
20.7818
18.5849
16.5407
14.6384
12.8879
11.2774
9.81482
8.48737
7.30087
6.24185
5.31442
4.5038
3.81191
3.22331
2.73831
2.34073
2.02955
1.78838
1.61532
1.49442
1.42369
1.38853
1.38779
1.40894
1.45165
1.50538
1.57043
1.63759
1.70739
1.77324
1.8355
1.89116
1.9406
1.98344
2.02091
2.05413
2.08394
2.10943
2.13046
2.14534
2.15134
2.1459
2.13259
2.1174
2.11082
2.11047
2.12416
2.15853
2.21022
2.28933
2.43113
2.52529
2.90793
2.40429
3.82996
1.24849
7.13776
47.8075
46.611
45.104
43.3152
41.5534
39.8703
38.2731
36.7174
35.2773
33.9682
32.881
31.9759
31.2645
30.6572
30.1826
29.8017
29.5337
29.2865
29.0076
28.6363
28.2809
28.0252
27.9257
27.9935
28.3181
29.032
30.1161
31.3692
32.4935
33.1717
33.1683
32.363
30.8175
28.6916
26.1407
23.3245
20.4012
17.4876
14.6256
11.823
9.09927
6.49854
4.06519
1.82337
-0.219714
-2.06714
-3.72081
-5.18509
-6.46246
-7.56051
-8.48699
-9.25026
-9.86178
-10.3313
-10.671
-10.8923
-11.0071
-11.0267
-10.9628
-10.8253
-10.624
-10.3677
-10.0645
-9.72256
-9.34429
-8.94169
-8.50945
-8.12718
-7.78801
-7.42577
-7.01729
-6.61552
-6.08134
-5.72649
-4.93598
-4.91608
-3.3507
-4.60201
-1.07182
-5.83415
48.2837
47.9
47.3196
46.6368
46.0571
45.5084
44.9204
44.2091
43.3356
42.2832
41.081
39.7481
38.3138
36.7659
35.1226
33.377
31.5572
29.6604
27.7192
25.7354
23.7434
21.7469
19.7802
17.8482
15.9823
14.1847
12.4827
10.8752
9.38301
8.00065
6.74373
5.60355
4.59057
3.69263
2.91608
2.24671
1.6878
1.22374
0.855558
0.567012
0.357513
0.210818
0.125635
0.0867156
0.092765
0.130417
0.19883
0.286613
0.39345
0.509081
0.633453
0.757943
0.882578
1.00161
1.1155
1.22081
1.31806
1.40731
1.48959
1.56542
1.63672
1.70371
1.7642
1.81546
1.85209
1.87531
1.88851
1.89709
1.90441
1.92245
1.95681
2.00489
2.08087
2.23116
2.34543
2.76377
2.31171
3.68919
1.26527
6.89675
29.7141
29.217
28.2603
27.1379
26.1377
25.2245
24.206
23.0195
21.6803
20.2818
18.8701
17.5239
16.2747
15.1986
14.3329
13.7506
13.4726
13.535
13.894
14.5109
15.3093
16.2952
17.5029
19.004
20.7453
22.6808
24.7958
27.0628
29.3858
31.6074
33.3905
34.2746
33.8806
32.2147
29.5706
26.3565
22.885
19.3852
15.9749
12.7287
9.67665
6.85476
4.28015
1.96243
-0.114183
-1.96279
-3.6023
-5.04154
-6.29328
-7.36608
-8.27141
-9.01984
-9.62178
-10.0887
-10.431
-10.6595
-10.7837
-10.8141
-10.7606
-10.6331
-10.4405
-10.1925
-9.89734
-9.56302
-9.19191
-8.79511
-8.36989
-7.99492
-7.66201
-7.30804
-6.90784
-6.51581
-5.99416
-5.64969
-4.8906
-4.86072
-3.36774
-4.50762
-1.16115
-5.66476
29.4024
28.3999
26.987
25.4714
24.0172
22.6734
21.4034
20.1862
19.0038
17.8966
16.8683
15.9398
15.0788
14.2882
13.5381
12.8367
12.155
11.4991
10.841
10.1883
9.51671
8.83686
8.1299
7.41137
6.66918
5.92298
5.16652
4.42269
3.68835
2.98654
2.31483
1.69363
1.11873
0.606501
0.15056
-0.236874
-0.564681
-0.824367
-1.02677
-1.16692
-1.25678
-1.29383
-1.29021
-1.24484
-1.16915
-1.06262
-0.935476
-0.787213
-0.627424
-0.455499
-0.280614
-0.102357
0.0721107
0.243574
0.406477
0.561248
0.705546
0.840215
0.96524
1.0825
1.19317
1.29952
1.40121
1.494
1.5716
1.63331
1.67983
1.7105
1.73304
1.76142
1.79883
1.84366
1.91122
2.05693
2.18061
2.60909
2.22844
3.52921
1.28883
6.65508
10.2245
11.0874
11.5344
11.6487
11.9932
12.7305
13.6372
14.364
14.6771
14.5022
13.9174
13.0433
12.0093
10.8836
9.71717
8.52123
7.34296
6.23419
5.29764
4.62094
4.29548
4.36778
4.902
5.92735
7.45451
9.41486
11.7453
14.3395
17.1168
19.9417
22.5496
24.5438
25.5703
25.4344
24.2455
22.2683
19.7929
17.0142
14.0902
11.1396
8.28052
5.594
3.13875
0.929802
-1.03446
-2.77359
-4.30204
-5.63562
-6.785
-7.76409
-8.58366
-9.25605
-9.79256
-10.2044
-10.5022
-10.6943
-10.7898
-10.7974
-10.7256
-10.5826
-10.3771
-10.1184
-9.81469
-9.47363
-9.09685
-8.69499
-8.26498
-7.8877
-7.55225
-7.19636
-6.79447
-6.40387
-5.88707
-5.54877
-4.81283
-4.78753
-3.34643
-4.434
-1.18383
-5.56715
9.11448
8.1956
7.46483
6.86361
6.29961
5.71664
5.09884
4.4442
3.77562
3.10114
2.43521
1.77081
1.11926
0.479563
-0.127818
-0.701982
-1.22336
-1.69528
-2.10159
-2.45095
-2.73252
-2.96117
-3.13162
-3.26347
-3.35377
-3.42301
-3.46808
-3.50658
-3.53215
-3.55839
-3.57621
-3.59554
-3.60472
-3.61104
-3.60211
-3.58371
-3.54427
-3.4895
-3.41001
-3.31234
-3.1894
-3.0485
-2.88484
-2.70583
-2.50834
-2.29958
-2.07721
-1.84873
-1.61144
-1.37381
-1.13394
-0.898981
-0.667322
-0.445326
-0.231767
-0.0306128
0.159361
0.336607
0.502309
0.656743
0.803597
0.945226
1.08169
1.21066
1.32551
1.42452
1.50637
1.56528
1.60994
1.65627
1.70371
1.74802
1.80505
1.93531
2.05307
2.48042
2.14435
3.42093
1.25506
6.51144
-2.65836
-0.253015
1.64668
2.78209
3.55772
4.36713
5.34109
6.3443
7.12072
7.49085
7.41619
6.98797
6.30862
5.46569
4.47696
3.36947
2.16006
0.928739
-0.239961
-1.21734
-1.90917
-2.22479
-2.12908
-1.59473
-0.634034
0.732487
2.45566
4.50194
6.8352
9.35235
11.7607
13.6189
14.5408
14.4524
13.6236
12.4422
11.1298
9.69403
8.06155
6.22195
4.24974
2.26241
0.358042
-1.40527
-3.00603
-4.44149
-5.71395
-6.82694
-7.78732
-8.60027
-9.27516
-9.82061
-10.2473
-10.565
-10.7821
-10.9066
-10.9459
-10.9072
-10.7968
-10.6215
-10.3886
-10.107
-9.78414
-9.42672
-9.03581
-8.62052
-8.17852
-7.79109
-7.44613
-7.08181
-6.67184
-6.2757
-5.75675
-5.42043
-4.69911
-4.68792
-3.28744
-4.36058
-1.16875
-5.50488
-5.12655
-7.2191
-8.96261
-10.4025
-11.5812
-12.5307
-13.2697
-13.816
-14.1868
-14.405
-14.4953
-14.4817
-14.3882
-14.2326
-14.0352
-13.8067
-13.5632
-13.3074
-13.0489
-12.783
-12.5146
-12.2341
-11.9454
-11.6383
-11.3177
-10.9754
-10.6198
-10.2449
-9.86113
-9.46464
-9.06719
-8.66508
-8.26866
-7.87365
-7.48843
-7.10704
-6.73605
-6.36875
-6.01044
-5.65428
-5.30473
-4.95603
-4.61229
-4.26883
-3.92975
-3.59111
-3.25812
-2.92584
-2.60152
-2.28109
-1.97087
-1.66789
-1.37813
-1.09945
-0.836168
-0.58603
-0.351691
-0.131504
0.0734995
0.266047
0.447105
0.620455
0.788516
0.949154
1.09718
1.231
1.34802
1.4382
1.5105
1.58164
1.647
1.69913
1.75025
1.86298
1.96389
2.38019
2.06886
3.34118
1.21107
6.39076
-9.88327
-7.80777
-6.02436
-4.76713
-3.96099
-3.38501
-2.83281
-2.26917
-1.79206
-1.51525
-1.4657
-1.61253
-1.90102
-2.31113
-2.82881
-3.45017
-4.1347
-4.83834
-5.48889
-6.03185
-6.4009
-6.56112
-6.4735
-6.1332
-5.53136
-4.68819
-3.61683
-2.35145
-0.923685
0.575228
1.96426
2.94197
3.20366
2.64632
1.54877
0.42663
-0.34813
-0.77966
-1.12267
-1.61535
-2.33957
-3.24146
-4.22835
-5.22251
-6.18253
-7.08236
-7.908
-8.64835
-9.29443
-9.84281
-10.2924
-10.6469
-10.9112
-11.0913
-11.1926
-11.2202
-11.1798
-11.0755
-10.9114
-10.692
-10.4231
-10.1118
-9.76416
-9.38539
-8.97555
-8.54308
-8.08407
-7.68239
-7.32476
-6.94813
-6.52599
-6.12048
-5.59507
-5.2558
-4.54521
-4.54657
-3.19368
-4.25756
-1.14243
-5.42661
-11.9883
-13.9155
-15.6506
-17.2032
-18.575
-19.7668
-20.7815
-21.6195
-22.2855
-22.7833
-23.1198
-23.3023
-23.3398
-23.2434
-23.0249
-22.6997
-22.2816
-21.7882
-21.2326
-20.6322
-19.9966
-19.3404
-18.6687
-17.992
-17.3108
-16.6327
-15.9547
-15.2826
-14.612
-13.9488
-13.2887
-12.6379
-11.9923
-11.3588
-10.7339
-10.1238
-9.52541
-8.94438
-8.37706
-7.82784
-7.29293
-6.77572
-6.27253
-5.78606
-5.31243
-4.85565
-4.40975
-3.98151
-3.56539
-3.16701
-2.78195
-2.4156
-2.06475
-1.73354
-1.41881
-1.12331
-0.844291
-0.583249
-0.337836
-0.109514
0.105554
0.310231
0.506685
0.695533
0.872751
1.0377
1.18742
1.30881
1.41023
1.51061
1.60175
1.6706
1.72482
1.82391
1.9065
2.30232
2.00903
3.26394
1.18798
6.24985
-16.6906
-15.5865
-14.558
-13.7137
-13.1353
-12.7499
-12.4244
-12.0954
-11.7883
-11.5246
-11.3007
-11.0996
-10.9332
-10.8225
-10.7831
-10.7935
-10.8141
-10.7919
-10.6961
-10.5106
-10.2472
-9.91833
-9.54649
-9.14052
-8.71544
-8.27348
-7.82784
-7.38527
-6.97211
-6.62579
-6.43796
-6.54437
-7.11243
-8.19905
-9.60894
-10.8786
-11.5675
-11.5649
-11.1197
-10.5888
-10.2069
-10.0362
-10.0371
-10.1542
-10.3416
-10.5706
-10.8174
-11.061
-11.2836
-11.4712
-11.6155
-11.712
-11.7597
-11.7579
-11.7071
-11.6092
-11.4657
-11.2777
-11.046
-10.7728
-10.461
-10.1152
-9.73891
-9.33537
-8.90366
-8.45047
-7.97241
-7.55396
-7.18115
-6.79009
-6.35383
-5.9359
-5.40163
-5.05522
-4.35298
-4.36196
-3.065
-4.11953
-1.10218
-5.32716
-17.7663
-18.7931
-19.7462
-20.6298
-21.4384
-22.1688
-22.819
-23.386
-23.8689
-24.2652
-24.5749
-24.7959
-24.9284
-24.971
-24.9252
-24.7913
-24.5726
-24.2713
-23.8934
-23.4433
-22.9295
-22.3579
-21.7383
-21.0773
-20.385
-19.6669
-18.9323
-18.1846
-17.4315
-16.6747
-15.9205
-15.1684
-14.4234
-13.6847
-12.9569
-12.2385
-11.5344
-10.8432
-10.169
-9.51033
-8.87051
-8.24804
-7.64545
-7.06027
-6.49646
-5.94818
-5.42309
-4.91531
-4.43088
-3.96477
-3.5222
-3.0992
-2.69988
-2.32057
-1.96385
-1.62626
-1.30909
-1.00914
-0.72869
-0.464621
-0.217554
0.0157061
0.239026
0.452883
0.655032
0.846269
1.02378
1.17255
1.3013
1.43101
1.551
1.64417
1.71091
1.80482
1.87167
2.24079
1.96236
3.18365
1.17644
6.09966
-20.4927
-20.0879
-19.6407
-19.1974
-18.8899
-18.7258
-18.6172
-18.4997
-18.3397
-18.1085
-17.7886
-17.4089
-17.0313
-16.713
-16.466
-16.2611
-16.0444
-15.7716
-15.4194
-14.9975
-14.5356
-14.0789
-13.669
-13.343
-13.1237
-13.0266
-13.0556
-13.2138
-13.5005
-13.9249
-14.5055
-15.2844
-16.3101
-17.5946
-19.0026
-20.208
-20.8191
-20.6514
-19.8461
-18.7396
-17.6314
-16.6726
-15.8909
-15.2624
-14.7569
-14.3498
-14.0209
-13.7498
-13.5181
-13.31
-13.1131
-12.9186
-12.7191
-12.5086
-12.2834
-12.0408
-11.7787
-11.4944
-11.186
-10.8522
-10.4932
-10.1095
-9.70207
-9.27157
-8.81557
-8.34014
-7.84048
-7.40387
-7.01512
-6.60822
-6.15655
-5.72575
-5.18229
-4.82663
-4.1308
-4.14322
-2.90453
-3.95438
-1.04128
-5.21815
-20.8576
-21.2217
-21.5715
-21.9077
-22.2262
-22.5228
-22.7939
-23.0356
-23.245
-23.4184
-23.5539
-23.6483
-23.7002
-23.707
-23.6682
-23.5813
-23.4465
-23.2617
-23.0276
-22.743
-22.4094
-22.0266
-21.5971
-21.1223
-20.6057
-20.0504
-19.4605
-18.8404
-18.1943
-17.5272
-16.8431
-16.1466
-15.4408
-14.7303
-14.0171
-13.3056
-12.5975
-11.8964
-11.2037
-10.5224
-9.85347
-9.19933
-8.55942
-7.93805
-7.32984
-6.74382
-6.17446
-5.62887
-5.10231
-4.60058
-4.11959
-3.66394
-3.22993
-2.82025
-2.43136
-2.06463
-1.71609
-1.38742
-1.07521
-0.782664
-0.507915
-0.248188
-0.00131719
0.234183
0.456919
0.668799
0.867544
1.03775
1.18835
1.3433
1.49146
1.61124
1.69726
1.79361
1.85188
2.19259
1.92627
3.10489
1.1646
5.95854
-22.5391
-22.5403
-22.4592
-22.3092
-22.2316
-22.2662
-22.3418
-22.375
-22.2907
-22.0492
-21.6706
-21.2469
-20.8743
-20.6031
-20.4152
-20.2607
-20.0852
-19.859
-19.5756
-19.2551
-18.9303
-18.6437
-18.4348
-18.3387
-18.3796
-18.5724
-18.9215
-19.4244
-20.0735
-20.8581
-21.7652
-22.7815
-23.8938
-25.0741
-26.2296
-27.1485
-27.5461
-27.2327
-26.261
-24.885
-23.393
-21.973
-20.6983
-19.5711
-18.5758
-17.6953
-16.9153
-16.223
-15.6049
-15.0488
-14.5433
-14.0787
-13.6447
-13.2334
-12.8378
-12.4528
-12.0726
-11.6922
-11.3066
-10.9127
-10.5057
-10.0842
-9.64501
-9.187
-8.70615
-8.2069
-7.68564
-7.23049
-6.82535
-6.40292
-5.93719
-5.49428
-4.94362
-4.57936
-3.8897
-3.9029
-2.72127
-3.77119
-0.962436
-5.10585
-22.5164
-22.5087
-22.5062
-22.5113
-22.5199
-22.5316
-22.5405
-22.5469
-22.5442
-22.5324
-22.5046
-22.4616
-22.3967
-22.311
-22.1987
-22.0615
-21.8946
-21.7003
-21.4745
-21.2198
-20.9332
-20.6172
-20.2694
-19.8923
-19.4844
-19.0482
-18.5828
-18.0909
-17.5726
-17.0309
-16.4669
-15.8835
-15.2827
-14.6677
-14.0408
-13.4054
-12.7641
-12.1203
-11.4762
-10.8351
-10.1991
-9.56973
-8.95134
-8.33959
-7.7444
-7.16073
-6.59652
-6.04748
-5.52006
-5.01047
-4.52405
-4.05763
-3.61422
-3.19069
-2.7889
-2.40507
-2.04045
-1.69076
-1.35961
-1.04594
-0.749336
-0.468848
-0.201935
0.0516259
0.290675
0.517933
0.731197
0.915622
1.08156
1.25501
1.42551
1.57013
1.67773
1.78306
1.83911
2.15297
1.89708
3.02851
1.14936
5.82498
-24.1644
-24.3951
-24.5302
-24.5632
-24.63
-24.7652
-24.8985
-24.9287
-24.7881
-24.476
-24.0866
-23.7476
-23.5412
-23.4567
-23.4326
-23.4019
-23.3316
-23.215
-23.0703
-22.921
-22.7991
-22.7324
-22.7501
-22.8731
-23.1192
-23.4962
-24.0076
-24.648
-25.4095
-26.2752
-27.2218
-28.2141
-29.2108
-30.1617
-30.9922
-31.5654
-31.6919
-31.2209
-30.1607
-28.6882
-27.0451
-25.4192
-23.8999
-22.5107
-21.243
-20.0856
-19.0292
-18.0661
-17.1888
-16.3892
-15.6602
-14.9925
-14.3779
-13.8078
-13.2752
-12.7729
-12.2941
-11.8322
-11.3812
-10.9335
-10.4841
-10.0272
-9.5586
-9.07397
-8.5686
-8.04663
-7.50374
-7.03112
-6.61119
-6.1751
-5.69737
-5.24576
-4.6918
-4.32193
-3.64032
-3.65281
-2.52585
-3.57751
-0.872482
-4.98992
-23.908
-23.6606
-23.4189
-23.1833
-22.9569
-22.7369
-22.526
-22.3204
-22.1221
-21.9266
-21.735
-21.5419
-21.3482
-21.1478
-20.9415
-20.7235
-20.4946
-20.2494
-19.9895
-19.7103
-19.414
-19.0968
-18.7615
-18.4052
-18.0311
-17.6367
-17.2251
-16.7945
-16.3476
-15.883
-15.4034
-14.9076
-14.3984
-13.8751
-13.3407
-12.7951
-12.2416
-11.6804
-11.1151
-10.5466
-9.97752
-9.41149
-8.84549
-8.28926
-7.73837
-7.20081
-6.67252
-6.15991
-5.65953
-5.17698
-4.70974
-4.26102
-3.82825
-3.4139
-3.01494
-2.63285
-2.26316
-1.9091
-1.56937
-1.2443
-0.934535
-0.638562
-0.356341
-0.0888964
0.16263
0.400775
0.622901
0.815648
0.990103
1.1741
1.3597
1.52302
1.65042
1.76651
1.82666
2.1169
1.87201
2.95324
1.13391
5.69554
-24.1256
-24.4769
-24.7368
-24.8926
-25.051
-25.2284
-25.3442
-25.3188
-25.1321
-24.8588
-24.6338
-24.5662
-24.6567
-24.8253
-24.9809
-25.0823
-25.1296
-25.1494
-25.1667
-25.2065
-25.2849
-25.4196
-25.6218
-25.9041
-26.2728
-26.7342
-27.2879
-27.9334
-28.663
-29.4645
-30.3116
-31.167
-31.9791
-32.6914
-33.2354
-33.5193
-33.419
-32.8316
-31.7507
-30.2987
-28.6645
-27.0113
-25.4356
-23.9665
-22.6047
-21.3406
-20.1681
-19.0825
-18.0798
-17.1568
-16.3076
-15.5271
-14.8075
-14.1427
-13.5253
-12.9484
-12.4049
-11.8884
-11.3898
-10.9025
-10.418
-9.93175
-9.43606
-8.92697
-8.39847
-7.85429
-7.29226
-6.8043
-6.37198
-5.9253
-5.44007
-4.9836
-4.43147
-4.06064
-3.39084
-3.40251
-2.32812
-3.37979
-0.777503
-4.87014
-23.7465
-23.3754
-23.0112
-22.6551
-22.3067
-21.9672
-21.6354
-21.313
-20.9984
-20.6933
-20.3955
-20.1062
-19.8225
-19.545
-19.27
-18.9978
-18.7239
-18.4484
-18.1668
-17.8792
-17.5815
-17.2743
-16.9541
-16.6224
-16.2764
-15.9183
-15.5458
-15.1617
-14.7644
-14.3566
-13.9369
-13.5079
-13.0687
-12.6215
-12.1655
-11.7029
-11.2328
-10.7579
-10.2774
-9.79359
-9.30848
-8.81978
-8.33595
-7.85286
-7.3776
-6.90616
-6.44435
-5.98893
-5.5451
-5.11062
-4.68839
-4.2762
-3.87669
-3.48763
-3.11086
-2.74243
-2.38569
-2.03906
-1.70223
-1.37626
-1.06046
-0.756045
-0.464475
-0.187552
0.0729349
0.318724
0.546107
0.742616
0.920515
1.10838
1.30054
1.4752
1.61711
1.74328
1.80979
2.07924
1.84704
2.87575
1.11796
5.56494
-22.8018
-23.245
-23.5905
-23.8106
-23.9876
-24.1334
-24.1938
-24.1385
-24.0075
-23.9122
-23.9687
-24.209
-24.548
-24.8681
-25.1036
-25.2653
-25.3935
-25.5289
-25.6908
-25.8893
-26.1246
-26.3999
-26.7152
-27.0749
-27.4801
-27.9356
-28.4427
-29.0058
-29.6228
-30.2876
-30.9777
-31.6606
-32.2856
-32.7982
-33.1351
-33.2297
-32.9994
-32.379
-31.3606
-30.0303
-28.5263
-26.9866
-25.4948
-24.0864
-22.7638
-21.523
-20.3599
-19.2726
-18.2607
-17.321
-16.4513
-15.6461
-14.9013
-14.2101
-13.5664
-12.9635
-12.3954
-11.853
-11.3295
-10.8157
-10.3065
-9.79456
-9.27501
-8.74187
-8.19105
-7.62665
-7.04735
-6.5475
-6.10662
-5.65412
-5.16601
-4.71025
-4.16596
-3.79992
-3.14709
-3.15899
-2.13529
-3.1838
-0.681228
-4.74671
-22.3312
-21.8669
-21.4132
-20.9696
-20.5362
-20.1134
-19.7007
-19.2992
-18.908
-18.5286
-18.16
-17.8041
-17.4594
-17.1274
-16.806
-16.4964
-16.1955
-15.9037
-15.6175
-15.3367
-15.0571
-14.7788
-14.4974
-14.2133
-13.9224
-13.6258
-13.3202
-13.0073
-12.6843
-12.3539
-12.0136
-11.6668
-11.3114
-10.951
-10.5836
-10.2125
-9.83575
-9.45618
-9.07183
-8.68569
-8.29506
-7.90586
-7.51477
-7.12679
-6.73784
-6.35327
-5.9701
-5.59297
-5.21963
-4.85229
-4.48881
-4.13129
-3.77799
-3.43063
-3.08596
-2.74772
-2.41476
-2.08611
-1.76254
-1.44299
-1.12958
-0.824386
-0.529574
-0.247707
0.0184838
0.269493
0.499913
0.697888
0.876045
1.0626
1.25526
1.43364
1.58362
1.71523
1.78832
2.03836
1.82058
2.79488
1.10164
5.4346
-20.4963
-20.9828
-21.3611
-21.5912
-21.7432
-21.8458
-21.894
-21.9084
-21.9593
-22.1368
-22.4901
-22.9613
-23.4158
-23.7489
-23.9621
-24.122
-24.2981
-24.5214
-24.7959
-25.1081
-25.4472
-25.8019
-26.1689
-26.5436
-26.9275
-27.3209
-27.7308
-28.1625
-28.6239
-29.1122
-29.6175
-30.1115
-30.5573
-30.9031
-31.0993
-31.0892
-30.8213
-30.2492
-29.3728
-28.2455
-26.971
-25.6486
-24.352
-23.1094
-21.9312
-20.8153
-19.7619
-18.771
-17.8423
-16.975
-16.166
-15.4129
-14.7101
-14.0523
-13.4331
-12.8474
-12.2863
-11.7438
-11.2105
-10.6821
-10.1519
-9.61732
-9.07218
-8.51476
-7.94109
-7.3573
-6.76384
-6.25623
-5.81168
-5.35885
-4.87485
-4.42607
-3.89663
-3.54208
-2.91248
-2.92718
-1.95317
-2.99414
-0.587499
-4.62098
-19.9753
-19.4594
-18.9592
-18.4711
-17.996
-17.533
-17.0822
-16.6426
-16.2145
-15.7972
-15.3916
-14.9973
-14.6158
-14.2467
-13.8918
-13.5504
-13.2242
-12.9118
-12.6145
-12.33
-12.0589
-11.7979
-11.5474
-11.3032
-11.0658
-10.8307
-10.5986
-10.3652
-10.1319
-9.89476
-9.65566
-9.41123
-9.16411
-8.9112
-8.65564
-8.39454
-8.13142
-7.86345
-7.5942
-7.32088
-7.04629
-6.7668
-6.4853
-6.19812
-5.91027
-5.61937
-5.32955
-5.03797
-4.74689
-4.45385
-4.16036
-3.86474
-3.56806
-3.26752
-2.96699
-2.6662
-2.36401
-2.06124
-1.75597
-1.45056
-1.14701
-0.84802
-0.555632
-0.273545
-0.00495056
0.248916
0.480913
0.679206
0.856174
1.03929
1.22792
1.40464
1.55617
1.68867
1.76516
1.99511
1.79207
2.70978
1.08323
5.30093
-17.0101
-17.4888
-17.8612
-18.0962
-18.2674
-18.4286
-18.6057
-18.8365
-19.1706
-19.6426
-20.2236
-20.8046
-21.2475
-21.5045
-21.6478
-21.7953
-22.018
-22.3291
-22.7025
-23.1102
-23.5275
-23.9426
-24.3449
-24.7303
-25.0927
-25.4332
-25.7533
-26.0632
-26.3694
-26.6797
-26.9882
-27.2845
-27.5408
-27.7268
-27.8002
-27.7256
-27.4625
-26.9869
-26.2921
-25.4176
-24.4258
-23.3917
-22.3634
-21.3703
-20.4169
-19.5084
-18.6424
-17.8221
-17.0466
-16.3156
-15.6273
-14.9779
-14.3625
-13.7754
-13.2124
-12.6652
-12.1288
-11.5939
-11.0572
-10.5131
-9.96137
-9.39838
-8.82441
-8.23811
-7.64053
-7.03779
-6.43351
-5.92332
-5.48103
-5.03549
-4.56334
-4.12993
-3.6237
-3.28858
-2.68966
-2.71066
-1.7861
-2.81516
-0.499617
-4.49254
-16.4924
-15.9799
-15.49
-15.0172
-14.5624
-14.1251
-13.7037
-13.2978
-12.9055
-12.5262
-12.1579
-11.8008
-11.453
-11.1155
-10.787
-10.4691
-10.1612
-9.86527
-9.58075
-9.30999
-9.05186
-8.80858
-8.57818
-8.36244
-8.15857
-7.96796
-7.78691
-7.61673
-7.45326
-7.29781
-7.14585
-6.99917
-6.85325
-6.71024
-6.56563
-6.42214
-6.27541
-6.12872
-5.97779
-5.82597
-5.66835
-5.50785
-5.33969
-5.16723
-4.98599
-4.80013
-4.6053
-4.40535
-4.19704
-3.98233
-3.7588
-3.52764
-3.28593
-3.03724
-2.78211
-2.51961
-2.25133
-1.97487
-1.69273
-1.40628
-1.11843
-0.830662
-0.546113
-0.268128
-0.00118559
0.252591
0.484038
0.682014
0.857458
1.03623
1.21958
1.39099
1.53973
1.66777
1.74458
1.95242
1.76333
2.62152
1.06391
5.16371
-15.1254
-15.5892
-15.9353
-16.1523
-16.3367
-16.5634
-16.8688
-17.2683
-17.7616
-18.3162
-18.8583
-19.2752
-19.4787
-19.4876
-19.4401
-19.4785
-19.6657
-19.9784
-20.3662
-20.7811
-21.1999
-21.6081
-22.0023
-22.373
-22.7155
-23.0207
-23.2893
-23.5207
-23.7235
-23.8986
-24.0502
-24.1705
-24.2537
-24.2799
-24.2337
-24.0899
-23.8331
-23.4441
-22.9253
-22.2921
-21.5873
-20.8504
-20.1178
-19.4023
-18.713
-18.0465
-17.4066
-16.7897
-16.1991
-15.6304
-15.0833
-14.5521
-14.0327
-13.5213
-13.0114
-12.4989
-11.9757
-11.4395
-10.8858
-10.3164
-9.72988
-9.13022
-8.51828
-7.89944
-7.27539
-6.656
-6.0455
-5.53962
-5.10727
-4.67779
-4.22788
-3.81978
-3.34687
-3.04027
-2.48059
-2.51263
-1.63902
-2.65017
-0.422115
-4.36111
-14.6
-14.0658
-13.5438
-13.0309
-12.5308
-12.0448
-11.5729
-11.1159
-10.6743
-10.2484
-9.83865
-9.44476
-9.06693
-8.70453
-8.35781
-8.02598
-7.70965
-7.40794
-7.12219
-6.85154
-6.59785
-6.35995
-6.14015
-5.93671
-5.75199
-5.58331
-5.43295
-5.29735
-5.17865
-5.07232
-4.98042
-4.8978
-4.82671
-4.76137
-4.7042
-4.64918
-4.59914
-4.54802
-4.49892
-4.44559
-4.39127
-4.32957
-4.26397
-4.18808
-4.10541
-4.00993
-3.90524
-3.78554
-3.65454
-3.50742
-3.34721
-3.17016
-2.97958
-2.7759
-2.55898
-2.33122
-2.09103
-1.84102
-1.58223
-1.31749
-1.04758
-0.775231
-0.502289
-0.233579
0.0271176
0.276212
0.504608
0.7007
0.874205
1.04898
1.22607
1.39104
1.53405
1.65529
1.72907
1.91276
1.73647
2.53119
1.04483
5.01748
-12.9558
-13.4175
-13.7993
-14.1014
-14.4089
-14.786
-15.2454
-15.7688
-16.3084
-16.8014
-17.1691
-17.3461
-17.3118
-17.1531
-17.0324
-17.0913
-17.3511
-17.7525
-18.2078
-18.6658
-19.0999
-19.5127
-19.9023
-20.2724
-20.6126
-20.9193
-21.1817
-21.4007
-21.5713
-21.6966
-21.7701
-21.7934
-21.7602
-21.6725
-21.5235
-21.3157
-21.043
-20.7087
-20.3106
-19.8637
-19.3825
-18.8926
-18.4051
-17.931
-17.466
-17.0123
-16.5632
-16.1215
-15.6807
-15.2426
-14.7995
-14.3504
-13.8896
-13.4142
-12.9202
-12.4028
-11.8602
-11.2898
-10.6948
-10.0758
-9.43919
-8.789
-8.13312
-7.47774
-6.82944
-6.19778
-5.58946
-5.09711
-4.68417
-4.2816
-3.86526
-3.49432
-3.06599
-2.79825
-2.28773
-2.33574
-1.51633
-2.50273
-0.35936
-4.22439
-12.4563
-11.95
-11.4544
-10.9663
-10.4896
-10.026
-9.57675
-9.14381
-8.72761
-8.32974
-7.94984
-7.58894
-7.24555
-6.92077
-6.61232
-6.3213
-6.04478
-5.78426
-5.53667
-5.30426
-5.08385
-4.87848
-4.68512
-4.5076
-4.34265
-4.19452
-4.05958
-3.94227
-3.83828
-3.75185
-3.67779
-3.62026
-3.57336
-3.54079
-3.51581
-3.50211
-3.49255
-3.49071
-3.48899
-3.49103
-3.4892
-3.487
-3.47665
-3.4616
-3.43419
-3.39782
-3.34533
-3.28039
-3.19666
-3.09759
-2.97768
-2.84032
-2.68361
-2.50956
-2.31939
-2.11463
-1.89701
-1.66882
-1.43215
-1.18761
-0.937188
-0.68184
-0.425164
-0.17046
0.0779609
0.317882
0.538672
0.730375
0.900476
1.06991
1.24086
1.39864
1.53557
1.64858
1.71843
1.87721
1.7139
2.44005
1.03063
4.86125
-12.4408
-12.8644
-13.2387
-13.5621
-13.904
-14.2961
-14.7284
-15.1532
-15.5169
-15.7604
-15.8482
-15.7669
-15.5592
-15.329
-15.2347
-15.3786
-15.7507
-16.2431
-16.7568
-17.2295
-17.657
-18.0473
-18.4201
-18.7759
-19.1167
-19.4303
-19.7134
-19.9557
-20.1575
-20.3088
-20.4063
-20.4377
-20.4031
-20.298
-20.1332
-19.9127
-19.6542
-19.363
-19.0537
-18.7279
-18.3991
-18.0678
-17.7425
-17.4158
-17.0894
-16.7532
-16.4092
-16.0488
-15.6747
-15.2782
-14.8608
-14.4146
-13.9411
-13.4345
-12.8953
-12.3216
-11.7141
-11.0763
-10.4109
-9.72582
-9.02664
-8.32382
-7.62516
-6.94096
-6.27813
-5.6476
-5.05585
-4.59046
-4.20887
-3.84535
-3.47569
-3.15401
-2.78302
-2.56411
-2.11394
-2.18206
-1.42389
-2.37329
-0.318307
-4.07885
-11.9947
-11.5427
-11.0948
-10.6498
-10.212
-9.78072
-9.35895
-8.94638
-8.54621
-8.15728
-7.78359
-7.42319
-7.08037
-6.75225
-6.44314
-6.14917
-5.87447
-5.61423
-5.37243
-5.14364
-4.93189
-4.73147
-4.54679
-4.37211
-4.21233
-4.06186
-3.92609
-3.79947
-3.68777
-3.58523
-3.49769
-3.41907
-3.35521
-3.29944
-3.25721
-3.22133
-3.19698
-3.17653
-3.16471
-3.15339
-3.14701
-3.13716
-3.12772
-3.11005
-3.08773
-3.05271
-3.00868
-2.94847
-2.87583
-2.78439
-2.67759
-2.55
-2.40559
-2.24173
-2.0635
-1.87108
-1.66899
-1.45814
-1.23983
-1.01484
-0.783679
-0.548898
-0.312458
-0.0780777
0.152561
0.376556
0.583775
0.766375
0.929468
1.0918
1.25468
1.40533
1.53614
1.64249
1.70879
1.84384
1.69673
2.34724
1.02747
4.68744
-11.8515
-12.1939
-12.5227
-12.8333
-13.1587
-13.5047
-13.8325
-14.0958
-14.2486
-14.275
-14.1798
-14.0069
-13.8169
-13.7054
-13.7703
-14.0769
-14.5754
-15.1486
-15.6783
-16.1257
-16.496
-16.8281
-17.1406
-17.4484
-17.7418
-18.0187
-18.2681
-18.4919
-18.6839
-18.8471
-18.9727
-19.0612
-19.1046
-19.109
-19.0741
-19.0136
-18.9321
-18.8412
-18.7359
-18.6158
-18.469
-18.2947
-18.0848
-17.8421
-17.5614
-17.2472
-16.8959
-16.512
-16.0913
-15.6361
-15.1423
-14.6115
-14.0417
-13.4351
-12.7917
-12.115
-11.4089
-10.6782
-9.93108
-9.17465
-8.41993
-7.67565
-6.95214
-6.25874
-5.60357
-4.99659
-4.44318
-4.02151
-3.68506
-3.37402
-3.06369
-2.80324
-2.50155
-2.33983
-1.96274
-2.05171
-1.36647
-2.26215
-0.307196
-3.92026
-11.525
-11.2053
-10.89
-10.5763
-10.2626
-9.94837
-9.63142
-9.31418
-8.99453
-8.67658
-8.3583
-8.045
-7.73461
-7.43312
-7.13801
-6.85548
-6.58236
-6.32467
-6.07822
-5.84858
-5.63052
-5.42921
-5.23851
-5.06332
-4.89702
-4.74458
-4.59906
-4.46565
-4.33746
-4.22007
-4.10666
-4.00317
-3.90293
-3.81204
-3.72389
-3.64443
-3.56715
-3.4976
-3.4292
-3.36677
-3.3036
-3.24361
-3.18005
-3.11577
-3.04422
-2.96803
-2.88159
-2.78748
-2.6813
-2.56483
-2.43453
-2.29162
-2.13403
-1.96453
-1.78419
-1.5965
-1.40306
-1.20519
-1.00277
-0.796084
-0.586543
-0.375298
-0.164577
0.0443029
0.250074
0.450689
0.637087
0.804524
0.956204
1.10728
1.26039
1.40312
1.5287
1.62934
1.69511
1.80842
1.6858
2.25006
1.04334
4.49548
-10.67
-11.0141
-11.3666
-11.708
-12.0462
-12.3737
-12.6554
-12.8587
-12.9625
-12.9785
-12.9388
-12.9006
-12.9173
-13.041
-13.2978
-13.6956
-14.1829
-14.6727
-15.0678
-15.3434
-15.5224
-15.6667
-15.8106
-15.9761
-16.151
-16.3298
-16.4959
-16.6514
-16.7914
-16.9262
-17.0545
-17.184
-17.3082
-17.4316
-17.5486
-17.6663
-17.7801
-17.8927
-17.9891
-18.0584
-18.0789
-18.0413
-17.9331
-17.7558
-17.506
-17.1913
-16.8126
-16.3776
-15.887
-15.3467
-14.7573
-14.1249
-13.4512
-12.7428
-12.0036
-11.2405
-10.4594
-9.66961
-8.87944
-8.0992
-7.33798
-6.60525
-5.90945
-5.25958
-4.66262
-4.12595
-3.65242
-3.30549
-3.03986
-2.8034
-2.57622
-2.39407
-2.18488
-2.08954
-1.81204
-1.9181
-1.33798
-2.15118
-0.334087
-3.74299
-10.3641
-10.0804
-9.81498
-9.56602
-9.33181
-9.10963
-8.89699
-8.69252
-8.49335
-8.29928
-8.10716
-7.91822
-7.72942
-7.54323
-7.35665
-7.1734
-6.99042
-6.81231
-6.63571
-6.46568
-6.29822
-6.13873
-5.98237
-5.83464
-5.68971
-5.55293
-5.41762
-5.28911
-5.16016
-5.03626
-4.90989
-4.78679
-4.65944
-4.53404
-4.40349
-4.27443
-4.1399
-4.00686
-3.86895
-3.73291
-3.59233
-3.45335
-3.30978
-3.16686
-3.01869
-2.87007
-2.71596
-2.56065
-2.39982
-2.2369
-2.06831
-1.89673
-1.71995
-1.54113
-1.36
-1.17949
-0.999267
-0.820235
-0.641575
-0.463817
-0.287184
-0.112663
0.0596209
0.229105
0.395964
0.558756
0.712123
0.854323
0.986019
1.11935
1.25621
1.38663
1.50298
1.59784
1.66594
1.75474
1.67557
2.12446
1.08475
4.25712
-12.4864
-12.8397
-13.18
-13.4785
-13.7329
-13.9428
-14.0911
-14.1697
-14.1747
-14.1304
-14.0703
-14.0469
-14.0979
-14.2509
-14.4948
-14.8
-15.1029
-15.3379
-15.4388
-15.398
-15.2548
-15.0922
-14.9665
-14.9095
-14.9059
-14.9371
-14.9746
-15.0104
-15.0358
-15.0595
-15.0832
-15.1168
-15.1559
-15.2014
-15.2441
-15.2852
-15.319
-15.3491
-15.3674
-15.3692
-15.3385
-15.2668
-15.1411
-14.9585
-14.7134
-14.4093
-14.0456
-13.6277
-13.1563
-12.6372
-12.0728
-11.4697
-10.8323
-10.1688
-9.48456
-8.78852
-8.08817
-7.39318
-6.71217
-6.05433
-5.42698
-4.83719
-4.29147
-3.79641
-3.3566
-2.97537
-2.65277
-2.43297
-2.27671
-2.14934
-2.02989
-1.95173
-1.84618
-1.84171
-1.65816
-1.81749
-1.30653
-2.10222
-0.334289
-3.65623
-12.1653
-11.8541
-11.5453
-11.2412
-10.9414
-10.6477
-10.359
-10.0776
-9.8017
-9.53369
-9.27066
-9.01536
-8.76411
-8.51984
-8.27851
-8.04349
-7.81031
-7.58308
-7.35733
-7.13769
-6.91968
-6.70837
-6.49916
-6.29753
-6.09823
-5.90659
-5.717
-5.5346
-5.35325
-5.17774
-5.00129
-4.82851
-4.65239
-4.47762
-4.29763
-4.11722
-3.93022
-3.74209
-3.54776
-3.35291
-3.15274
-2.95301
-2.74966
-2.54822
-2.34515
-2.14536
-1.94624
-1.75228
-1.56102
-1.3761
-1.19526
-1.02132
-0.852715
-0.691914
-0.538197
-0.393036
-0.255152
-0.124451
0.000399063
0.119589
0.233918
0.34376
0.450012
0.553444
0.656009
0.757825
0.85514
0.955725
1.05507
1.158
1.26806
1.37513
1.47434
1.55705
1.62209
1.69226
1.63733
2.02524
1.0485
4.13921
-13.6383
-13.8102
-13.9281
-13.9705
-13.9539
-13.9012
-13.8259
-13.7399
-13.6506
-13.5686
-13.5058
-13.4786
-13.4993
-13.571
-13.678
-13.7873
-13.8536
-13.8322
-13.689
-13.4212
-13.0677
-12.7037
-12.3991
-12.189
-12.0621
-11.9834
-11.913
-11.8266
-11.7131
-11.5753
-11.4201
-11.2606
-11.1058
-10.963
-10.8305
-10.7068
-10.5874
-10.4731
-10.3615
-10.2516
-10.1361
-10.0088
-9.86031
-9.68571
-9.47901
-9.23931
-8.9645
-8.65614
-8.31401
-7.94038
-7.53677
-7.10785
-6.65774
-6.19237
-5.71795
-5.24152
-4.77058
-4.31305
-3.87619
-3.46598
-3.08739
-2.74445
-2.44108
-2.18051
-1.96472
-1.79345
-1.66472
-1.59856
-1.56828
-1.55889
-1.55202
-1.57625
-1.57054
-1.65155
-1.55223
-1.76255
-1.30721
-2.09242
-0.345495
-3.58828
-13.4388
-13.2201
-12.9773
-12.7141
-12.4332
-12.1367
-11.8277
-11.5079
-11.18
-10.8449
-10.5052
-10.1612
-9.8145
-9.46541
-9.11509
-8.76353
-8.41127
-8.05885
-7.70643
-7.35514
-7.00495
-6.65736
-6.31234
-5.97224
-5.63673
-5.30877
-4.98786
-4.67704
-4.37541
-4.08584
-3.80644
-3.53964
-3.28282
-3.03771
-2.80111
-2.57429
-2.35368
-2.14075
-1.93218
-1.72945
-1.52976
-1.33495
-1.14298
-0.956123
-0.77288
-0.595999
-0.424885
-0.262347
-0.108281
0.0352236
0.168374
0.289859
0.399672
0.497306
0.582765
0.656527
0.719217
0.772164
0.816339
0.853202
0.883778
0.909688
0.932246
0.953865
0.978082
1.00598
1.03652
1.08687
1.14604
1.21149
1.28644
1.36409
1.43978
1.50707
1.56487
1.61934
1.58399
1.9286
0.996955
4.02427
-5.61299
-5.75913
-5.85528
-5.87821
-5.83982
-5.76395
-5.67873
-5.6126
-5.58595
-5.60842
-5.67647
-5.78076
-5.90824
-6.04537
-6.1738
-6.27169
-6.31465
-6.28349
-6.16921
-5.98101
-5.74907
-5.52436
-5.36356
-5.30229
-5.33522
-5.42236
-5.51273
-5.56574
-5.56173
-5.49899
-5.38648
-5.2367
-5.06481
-4.88386
-4.70248
-4.52191
-4.34109
-4.15886
-3.97839
-3.80303
-3.63656
-3.4787
-3.32828
-3.18204
-3.038
-2.89357
-2.74821
-2.60037
-2.4496
-2.29469
-2.13619
-1.97398
-1.81002
-1.6456
-1.48442
-1.3294
-1.18527
-1.05564
-0.944563
-0.853829
-0.785408
-0.740071
-0.719215
-0.72324
-0.752026
-0.80297
-0.871773
-0.954665
-1.03974
-1.13449
-1.2202
-1.32669
-1.39686
-1.53989
-1.50292
-1.7451
-1.33366
-2.0949
-0.369305
-3.49588
-5.47162
-5.33059
-5.19086
-5.05293
-4.9149
-4.77854
-4.64197
-4.50655
-4.37043
-4.23481
-4.09801
-3.96082
-3.82193
-3.68171
-3.53907
-3.3937
-3.24488
-3.09195
-2.93444
-2.77141
-2.60274
-2.42722
-2.24547
-2.05649
-1.86171
-1.66062
-1.45539
-1.24606
-1.03567
-0.824493
-0.615849
-0.410121
-0.21049
-0.0169362
0.1678
0.344491
0.510951
0.668328
0.815086
0.952765
1.08007
1.19857
1.30717
1.40727
1.49764
1.57921
1.65027
1.71158
1.76129
1.80015
1.82647
1.84162
1.84437
1.83635
1.81665
1.78723
1.74779
1.70059
1.64595
1.58622
1.52224
1.45634
1.39008
1.32702
1.27182
1.22658
1.19213
1.19226
1.21132
1.23728
1.27651
1.32279
1.37496
1.4253
1.47575
1.51607
1.50151
1.80582
0.933965
3.85179
0.153726
0.045665
-0.0171428
-0.0222058
0.0212883
0.0997739
0.192087
0.27564
0.32734
0.337215
0.306915
0.25232
0.190527
0.140997
0.116904
0.132254
0.193796
0.306666
0.463792
0.653516
0.850444
1.02729
1.14903
1.19348
1.1525
1.05201
0.929601
0.828821
0.770548
0.76407
0.798908
0.866816
0.954327
1.05552
1.16011
1.2685
1.37965
1.5006
1.62884
1.76363
1.895
2.01953
2.13018
2.22784
2.30858
2.37363
2.41889
2.44468
2.44697
2.42748
2.38398
2.31897
2.23157
2.1251
1.99878
1.85584
1.69564
1.52073
1.33124
1.13063
0.919972
0.702229
0.478052
0.249835
0.0188382
-0.210438
-0.432413
-0.623608
-0.787772
-0.946478
-1.08575
-1.23301
-1.33946
-1.50577
-1.49862
-1.74465
-1.35992
-2.08291
-0.381139
-3.36935
0.280366
0.418887
0.565609
0.718881
0.877164
1.03772
1.19923
1.35962
1.5176
1.67167
1.82062
1.96365
2.09939
2.22776
2.34732
2.45892
2.56102
2.65534
2.74019
2.81843
2.88848
2.95419
3.01374
3.07176
3.12614
3.18187
3.23609
3.29368
3.35079
3.41202
3.4724
3.53595
3.59684
3.65876
3.71539
3.77026
3.81683
3.8588
3.89004
3.91431
3.92582
3.92862
3.91781
3.89763
3.86374
3.8202
3.76324
3.69643
3.61624
3.52615
3.42342
3.31189
3.18952
3.06025
2.92237
2.77968
2.6309
2.4796
2.3252
2.17115
2.01753
1.86746
1.722
1.5857
1.46309
1.35729
1.26859
1.22697
1.21053
1.20276
1.20974
1.22967
1.25966
1.2958
1.33755
1.36837
1.37366
1.64266
0.836984
3.62776
5.75079
5.73969
5.74851
5.77867
5.81735
5.85708
5.88822
5.90625
5.89792
5.86149
5.79584
5.71771
5.63785
5.57537
5.53481
5.52758
5.55052
5.60771
5.68642
5.78083
5.86951
5.9418
5.97548
5.96565
5.90211
5.80044
5.67413
5.55625
5.45965
5.39901
5.36263
5.34581
5.33042
5.31468
5.28839
5.25558
5.21193
5.16839
5.12529
5.09092
5.05794
5.02746
4.99062
4.9505
4.90153
4.84698
4.78029
4.70181
4.60283
4.48266
4.33439
4.15883
3.952
3.71729
3.45371
3.16637
2.85628
2.5299
2.18984
1.84311
1.49288
1.14506
0.80194
0.468061
0.145562
-0.160357
-0.443262
-0.66996
-0.850749
-1.01441
-1.1494
-1.28484
-1.37637
-1.52314
-1.506
-1.7286
-1.34828
-2.02608
-0.351071
-3.19387
5.79462
5.84826
5.90783
5.97428
6.04675
6.12596
6.20973
6.29968
6.39254
6.49041
6.58893
6.69058
6.79013
6.89042
6.98524
7.07784
7.16146
7.23969
7.30539
7.36298
7.40539
7.43789
7.45362
7.459
7.44752
7.42673
7.39053
7.34711
7.29057
7.22968
7.15835
7.08522
7.00361
6.92182
6.83271
6.74372
6.64704
6.54968
6.44359
6.33495
6.21567
6.09169
5.95561
5.81337
5.6583
5.49619
5.32137
5.13927
4.94477
4.74343
4.53147
4.3146
4.08972
3.86271
3.63095
3.39965
3.16663
2.93655
2.7081
2.48558
2.26846
2.06022
1.86129
1.67631
1.50945
1.36358
1.23937
1.16896
1.12863
1.09593
1.08085
1.07967
1.09347
1.11658
1.15244
1.17506
1.19931
1.43428
0.694297
3.35271
14.0357
14.0603
14.0448
13.9843
13.87
13.7091
13.5098
13.2919
13.0592
12.8223
12.5793
12.3429
12.1134
11.9019
11.702
11.5183
11.3405
11.1714
10.9991
10.8249
10.6349
10.4297
10.1976
9.94463
9.66647
9.37742
9.08007
8.79474
8.52517
8.2864
8.07111
7.88117
7.69948
7.522
7.33323
7.13474
6.91806
6.68977
6.44701
6.20041
5.9476
5.69562
5.43932
5.1856
4.93206
4.68691
4.44781
4.21969
3.99614
3.77769
3.55622
3.33114
3.09548
2.84985
2.5894
2.317
2.03051
1.73497
1.43052
1.12342
0.815091
0.511488
0.214113
-0.0719169
-0.345135
-0.600526
-0.832599
-1.00895
-1.13874
-1.24506
-1.32196
-1.39484
-1.43073
-1.51891
-1.46392
-1.63884
-1.25355
-1.87945
-0.252304
-2.92509
14.0069
13.9612
13.8943
13.8133
13.7167
13.6117
13.4959
13.3768
13.2504
13.1242
12.9935
12.8658
12.7352
12.609
12.4809
12.3575
12.2316
12.1093
11.9828
11.8578
11.7259
11.5925
11.4489
11.301
11.1401
10.9723
10.7897
10.5992
10.3936
10.1807
9.95413
9.72237
9.47939
9.23415
8.98069
8.7277
8.46925
8.21357
7.95405
7.69807
7.43883
7.18291
6.92328
6.66612
6.40473
6.14486
5.88022
5.61611
5.34708
5.0782
4.80493
4.53258
4.25769
3.98554
3.71302
3.44503
3.17907
2.91985
2.66577
2.42121
2.18507
1.96074
1.74762
1.55027
1.37156
1.21442
1.07916
0.999256
0.948559
0.906259
0.879385
0.868582
0.871488
0.888017
0.917369
0.933457
0.968266
1.17324
0.48894
2.98795
11.43
11.3998
11.371
11.3368
11.2813
11.1956
11.0836
10.9586
10.8302
10.7065
10.5885
10.4821
10.3873
10.3079
10.2367
10.1707
10.0981
10.0156
9.91307
9.79038
9.6399
9.46441
9.25945
9.03239
8.78403
8.52768
8.26839
8.02113
7.78789
7.57634
7.37871
7.19514
7.01411
6.83309
6.63837
6.42598
6.18514
5.91621
5.61422
5.28766
4.93924
4.57814
4.20242
3.81795
3.42486
3.0336
2.64851
2.28067
1.93217
1.60929
1.31003
1.03722
0.786789
0.559913
0.351298
0.161323
-0.0157695
-0.179719
-0.335648
-0.48296
-0.625326
-0.761473
-0.893193
-1.0182
-1.13702
-1.24732
-1.34526
-1.41153
-1.44517
-1.45899
-1.44511
-1.43476
-1.39231
-1.41041
-1.30291
-1.42866
-1.03526
-1.61352
-0.0734472
-2.51803
11.4739
11.5158
11.5511
11.5821
11.6051
11.6231
11.6325
11.6367
11.6323
11.6229
11.6052
11.5832
11.5535
11.5203
11.4803
11.4377
11.3886
11.3371
11.2792
11.2184
11.1501
11.0771
10.9943
10.9044
10.8016
10.6883
10.5584
10.4149
10.2521
10.0733
9.87386
9.65806
9.42207
9.17145
8.90314
8.6236
8.3306
8.0312
7.72314
7.41327
7.0994
6.78798
6.47605
6.16951
5.86499
5.56769
5.27361
4.98723
4.70446
4.42911
4.15708
3.89224
3.63089
3.37683
3.12642
2.88366
2.6453
2.41562
2.1922
1.97927
1.77473
1.58156
1.39794
1.22763
1.07227
0.933977
0.813622
0.742861
0.697772
0.657775
0.633144
0.6202
0.621538
0.633729
0.659653
0.665372
0.704956
0.878602
0.243287
2.50162
6.718
6.70097
6.67224
6.62999
6.56403
6.46749
6.34376
6.20704
6.07168
5.94584
5.83269
5.73297
5.64858
5.5787
5.52159
5.47097
5.42109
5.3639
5.29467
5.20818
5.10318
4.97811
4.83501
4.67567
4.5049
4.32723
4.14932
3.97672
3.81517
3.66738
3.53339
3.4109
3.2996
3.20287
3.12497
3.06687
3.0241
2.99049
2.95564
2.90162
2.80297
2.64145
2.41408
2.13414
1.81851
1.48232
1.13442
0.782155
0.431163
0.0889548
-0.237149
-0.538558
-0.808618
-1.04102
-1.23386
-1.38541
-1.49907
-1.57652
-1.62459
-1.64629
-1.6498
-1.63762
-1.6168
-1.58792
-1.55643
-1.52216
-1.48758
-1.44719
-1.39667
-1.32955
-1.24856
-1.17283
-1.07913
-1.04638
-0.914692
-1.00059
-0.645178
-1.13785
0.140418
-1.7534
6.72886
6.73444
6.73614
6.73387
6.72877
6.72053
6.70996
6.6966
6.68121
6.66333
6.64362
6.62175
6.59849
6.5737
6.54823
6.52209
6.49619
6.47066
6.44632
6.42316
6.40165
6.38145
6.36249
6.34392
6.32481
6.30367
6.27874
6.24815
6.20946
6.16076
6.09941
6.02397
5.93214
5.82352
5.69647
5.55202
5.3896
5.21173
5.01854
4.8138
4.59821
4.37626
4.14863
3.92006
3.69086
3.4655
3.2436
3.02901
2.82048
2.62122
2.42914
2.24713
2.07223
1.90722
1.74863
1.59917
1.4551
1.31944
1.18899
1.06677
0.949685
0.839655
0.733483
0.633698
0.540118
0.45426
0.376586
0.33493
0.311445
0.293361
0.284397
0.285387
0.292064
0.305061
0.322785
0.314529
0.335769
0.481299
-0.0836069
1.69125
1.86238
1.73561
1.61006
1.49124
1.3853
1.28833
1.20158
1.12775
1.0787
1.05516
1.05923
1.08196
1.12234
1.17141
1.22922
1.28657
1.34353
1.39152
1.43238
1.45996
1.47914
1.48647
1.48945
1.48662
1.48675
1.48897
1.50201
1.52562
1.57045
1.6386
1.74112
1.87329
2.02672
2.16923
2.26917
2.28927
2.21098
2.02345
1.73989
1.3895
1.02306
0.686065
0.405958
0.179712
-0.0115104
-0.188925
-0.36592
-0.545276
-0.727088
-0.905533
-1.07905
-1.23936
-1.38507
-1.50589
-1.60179
-1.66355
-1.69517
-1.69118
-1.66051
-1.60205
-1.52723
-1.43721
-1.34189
-1.24208
-1.14445
-1.05008
-0.962876
-0.890872
-0.821546
-0.749699
-0.670231
-0.601778
-0.521843
-0.489384
-0.391109
-0.441875
-0.21767
-0.510586
0.204079
-0.755959
1.97125
2.07385
2.17246
2.2652
2.35441
2.43726
2.51635
2.58845
2.65653
2.71695
2.7729
2.82072
2.86388
2.89869
2.92878
2.95075
2.96849
2.97896
2.9861
2.98732
2.98688
2.98228
2.97763
2.9707
2.96521
2.9586
2.9538
2.94781
2.94252
2.93447
2.92439
2.90845
2.88665
2.85535
2.81422
2.76036
2.69383
2.61313
2.51905
2.41187
2.29315
2.1649
2.02918
1.88931
1.74719
1.60682
1.46929
1.33861
1.2145
1.10052
0.995035
0.900893
0.814953
0.739694
0.67086
0.610794
0.554787
0.505418
0.45847
0.416672
0.37649
0.339603
0.302714
0.267123
0.23164
0.196175
0.161163
0.146491
0.139471
0.12979
0.124796
0.122016
0.122198
0.127106
0.139248
0.138248
0.152118
0.222836
-0.0730216
0.724135
)
;

boundaryField
{
    inlet
    {
        type            freestreamPressure;
        freestreamValue uniform 0;
        value           nonuniform List<scalar> 
134
(
2.19502
1.81447
1.36804
0.917615
0.522536
0.178176
-0.0747336
-0.221746
-0.26195
-0.183034
-0.030702
-0.034605
-0.06149
-0.0993059
-0.148205
-0.20782
-0.277792
-0.357683
-0.44767
-0.548917
2.52459
-0.663748
-0.793244
-0.932549
-1.06763
-1.17554
-1.24554
-1.34845
-1.3845
-1.44339
-1.76051
-1.65195
-1.6952
-1.76409
-1.82343
-1.87178
-1.92449
-2.00529
-2.14969
-2.31378
2.79432
3.02179
3.13012
3.06118
2.75801
2.13512
1.09356
-2.58954
-2.55094
-2.47743
-2.43534
-2.40875
-2.37514
-2.33226
-2.28518
-2.23664
-2.18648
-2.1346
-2.08109
-2.02652
-1.97072
-1.91356
-1.85402
-1.79054
-1.72128
-1.64371
-1.60583
-1.57617
-1.5357
-1.48017
-1.40307
-1.28492
-1.10593
-0.769932
-0.331802
0.390161
0.862173
1.34926
1.79719
2.21034
2.58828
2.89539
3.1173
3.26321
3.34256
3.37099
3.36653
3.34333
3.31335
3.29423
3.31506
3.38622
3.46615
3.52436
3.56723
3.60181
3.6285
3.64477
3.64993
3.64551
3.63387
3.62054
3.61596
3.64567
3.7482
3.97649
4.04196
3.90541
3.76849
3.68706
3.61865
3.53878
3.45366
3.37369
3.298
3.22467
3.15068
3.07687
3.00117
2.92348
2.84071
2.7523
2.65395
2.54532
2.41046
2.34385
2.27894
2.18148
2.05485
1.89933
1.693
1.41777
0.958731
0.410659
)
;
    }
    outlet
    {
        type            freestreamPressure;
        freestreamValue uniform 0;
        value           nonuniform List<scalar> 
160
(
0.00385103
0.00416576
0.00345935
0.00445692
0.00307601
0.00474227
0.00271735
0.00501325
0.00239176
0.00527779
0.00209821
0.00552826
0.0018541
0.00577167
0.001675
0.00599993
0.00158838
0.00621895
0.00158962
0.00642098
0.00167616
0.00661224
0.00181848
0.00678449
0.00200789
0.00694482
0.0022157
0.00708473
0.00243582
0.00721231
0.0026407
0.00731923
0.00282694
0.00741464
0.00297176
0.00749111
0.00308058
0.0075582
0.00314024
0.00761002
0.00316686
0.0076567
0.00315694
0.00769318
0.00313345
0.00772997
0.00309839
0.0077625
0.00307689
0.00780082
0.00307034
0.00783949
0.00310101
0.00788672
0.00316655
0.00793555
0.00328712
0.00799162
0.00346039
0.0080459
0.00370373
0.00810019
0.00399979
0.00814389
0.00432751
0.0081759
0.00461904
0.00818506
0.00481407
0.00816819
0.00484261
0.00811522
0.00467109
0.00802347
0.00427463
0.00788613
0.00367318
0.00770224
0.00292283
0.00747015
0.00213344
0.00719203
0.00140522
0.00687223
0.000798385
0.00651539
0.000305384
0.00613175
-0.000113725
0.00572682
-0.00050543
0.00531475
-0.000898526
0.00489951
-0.00130172
0.00449656
-0.00171541
0.00410608
-0.00212923
0.00374263
-0.00253902
0.00340177
-0.00292905
0.00309556
-0.00329624
0.00281386
-0.0036205
0.00256703
-0.00390122
0.00234037
-0.00411656
0.00214315
-0.0042719
0.0019585
-0.00434788
0.00179602
-0.00436085
0.00164037
-0.00429975
0.0015016
-0.00418985
0.00136691
-0.00402764
0.00124243
-0.00383897
0.00111594
-0.00362276
0.000991881
-0.00339881
0.000865755
-0.00317006
0.000737259
-0.00295009
0.000607879
-0.0027596
0.000553969
-0.00257022
0.000530151
-0.00236765
0.000496239
-0.00213894
0.000481063
-0.00193591
0.000474879
-0.0016997
0.000480578
-0.00159882
0.000505259
-0.00130626
0.000559693
-0.00145951
0.000562625
-0.000757763
0.000625346
-0.00166704
0.000927626
0.000775096
-0.000316696
-0.00224633
0.00296607
)
;
    }
    walls
    {
        type            zeroGradient;
    }
    frontAndBack
    {
        type            empty;
    }
}


// ************************************************************************* //
