/*--------------------------------*- C++ -*----------------------------------*\
| =========                 |                                                 |
| \\      /  F ield         | OpenFOAM: The Open Source CFD Toolbox           |
|  \\    /   O peration     | Version:  2206                                  |
|   \\  /    A nd           | Website:  www.openfoam.com                      |
|    \\/     M anipulation  |                                                 |
\*---------------------------------------------------------------------------*/
FoamFile
{
    version     2.0;
    format      ascii;
    arch        "LSB;label=32;scalar=64";
    note        "nPoints:6241  nCells:5072  nFaces:16336  nInternalFaces:14060";
    class       labelList;
    location    "constant/polyMesh";
    object      neighbour;
}
// * * * * * * * * * * * * * * * * * * * * * * * * * * * * * * * * * * * * * //


14060
(
7
12
13
238
256
16
17
18
282
6
22
25
26
28
29
32
33
35
267
283
8
10
23
24
25
286
11
30
31
32
269
287
37
38
39
257
43
46
48
49
50
53
54
56
241
258
44
45
46
242
261
9
51
52
53
262
10
57
58
265
60
61
290
63
64
270
292
14
44
1539
14
45
1456
47
19
20
21
22
29
19
20
19
21
23
1669
20
21
30
1670
27
34
28
35
1672
26
27
28
27
28
60
1690
26
27
52
61
26
28
53
1691
54
62
1693
33
34
35
34
35
63
1697
33
34
64
1606
33
35
1607
1698
1608
65
1700
40
41
42
43
50
40
41
40
42
44
1543
41
42
51
1544
47
55
49
56
1546
47
48
49
47
49
1564
47
48
1470
48
49
1471
1565
1474
1568
54
55
56
55
56
57
1571
54
55
58
54
56
1572
59
1574
59
1587
59
61
62
1713
62
65
1719
65
1612
78
81
83
146
988
989
992
993
995
996
999
1000
85
88
90
157
1042
1043
1046
1047
1049
1050
1053
1054
92
95
97
168
1096
1097
1100
1101
1103
1104
1107
1108
99
102
104
179
1150
1151
1154
1155
1157
1158
1161
1162
106
109
111
190
1204
1205
1208
1209
1211
1212
1215
1216
113
116
118
201
1258
1259
1262
1263
1265
1266
1269
1270
120
123
125
212
1312
1313
1316
1317
1319
1320
1323
1324
127
130
132
223
1366
1367
1370
1371
1373
1374
1377
1378
134
136
137
1420
1421
1424
1425
1427
1428
1431
1432
5044
5045
5048
5049
76
77
79
249
1501
1502
1506
1507
1508
1509
1513
1514
78
81
258
1549
1550
1553
1555
1556
1557
1561
1562
78
83
274
1627
1628
1631
1633
1634
1635
1639
1640
283
1675
1676
1679
1680
1682
1683
1686
1687
81
83
300
1741
1742
1745
1747
1748
1749
1752
1754
82
84
86
309
1795
1796
1800
1801
1802
1803
1807
1808
318
1837
1838
1842
1843
1844
1845
1848
1849
85
88
327
1891
1892
1895
1897
1898
1899
1903
1904
338
1939
1940
1944
1945
1946
1947
1950
1951
85
90
347
1993
1994
1997
1999
2000
2001
2005
2006
360
2053
2054
2057
2058
2060
2061
2064
2065
88
90
377
2119
2120
2123
2125
2126
2127
2130
2132
89
91
93
386
2173
2174
2178
2179
2180
2181
2185
2186
395
2215
2216
2220
2221
2222
2223
2226
2227
92
95
404
2269
2270
2273
2275
2276
2277
2281
2282
415
2317
2318
2322
2323
2324
2325
2328
2329
92
97
424
2371
2372
2375
2377
2378
2379
2383
2384
437
2431
2432
2435
2436
2438
2439
2442
2443
95
97
454
2497
2498
2501
2503
2504
2505
2508
2510
96
98
100
463
2551
2552
2556
2557
2558
2559
2563
2564
472
2593
2594
2598
2599
2600
2601
2604
2605
99
102
481
2647
2648
2651
2653
2654
2655
2659
2660
492
2695
2696
2700
2701
2702
2703
2706
2707
99
104
501
2749
2750
2753
2755
2756
2757
2761
2762
514
2809
2810
2813
2814
2816
2817
2820
2821
102
104
531
2875
2876
2879
2881
2882
2883
2886
2888
103
105
107
540
2929
2930
2934
2935
2936
2937
2941
2942
549
2971
2972
2976
2977
2978
2979
2982
2983
106
109
558
3025
3026
3029
3031
3032
3033
3037
3038
569
3073
3074
3078
3079
3080
3081
3084
3085
106
111
578
3127
3128
3131
3133
3134
3135
3139
3140
591
3187
3188
3191
3192
3194
3195
3198
3199
109
111
608
3253
3254
3257
3259
3260
3261
3264
3266
110
112
114
617
3307
3308
3312
3313
3314
3315
3319
3320
626
3349
3350
3354
3355
3356
3357
3360
3361
113
116
635
3403
3404
3407
3409
3410
3411
3415
3416
646
3451
3452
3456
3457
3458
3459
3462
3463
113
118
655
3505
3506
3509
3511
3512
3513
3517
3518
668
3565
3566
3569
3570
3572
3573
3576
3577
116
118
685
3631
3632
3635
3637
3638
3639
3642
3644
117
119
121
694
3685
3686
3690
3691
3692
3693
3697
3698
703
3727
3728
3732
3733
3734
3735
3738
3739
120
123
712
3781
3782
3785
3787
3788
3789
3793
3794
723
3829
3830
3834
3835
3836
3837
3840
3841
120
125
732
3883
3884
3887
3889
3890
3891
3895
3896
745
3943
3944
3947
3948
3950
3951
3954
3955
123
125
762
4009
4010
4013
4015
4016
4017
4020
4022
124
126
128
771
4063
4064
4068
4069
4070
4071
4075
4076
780
4105
4106
4110
4111
4112
4113
4116
4117
127
130
789
4159
4160
4163
4165
4166
4167
4171
4172
800
4207
4208
4212
4213
4214
4215
4218
4219
127
132
809
4261
4262
4265
4267
4268
4269
4273
4274
822
4321
4322
4325
4326
4328
4329
4332
4333
130
132
839
4387
4388
4391
4393
4394
4395
4398
4400
131
133
135
848
4441
4442
4446
4447
4448
4449
4453
4454
857
4483
4484
4488
4489
4490
4491
4494
4495
134
136
866
4537
4538
4541
4543
4544
4545
4549
4550
877
4585
4586
4590
4591
4592
4593
4596
4597
134
137
886
4639
4640
4643
4645
4646
4647
4651
4652
899
4699
4700
4703
4704
4706
4707
4710
4711
136
137
4765
4766
4769
4771
4772
4773
4776
4778
5051
5052
5056
5057
4835
4836
4840
4841
4842
4843
4846
4847
5058
5059
5062
5063
4911
4912
4916
4917
4918
4919
4922
4923
5065
5066
5069
5070
239
268
272
966
967
255
293
316
969
970
294
320
325
972
973
271
295
336
975
976
296
340
345
978
979
359
982
983
984
284
317
355
989
990
991
285
337
357
996
997
998
318
338
360
1009
1012
1013
1015
1016
1019
1020
1022
288
1003
1004
1005
321
356
363
1010
1011
1012
341
358
364
1017
1018
1019
324
370
393
1023
1024
371
397
402
1026
1027
344
372
413
1029
1030
373
417
422
1032
1033
436
1036
1037
1038
361
394
432
1043
1044
1045
362
414
434
1050
1051
1052
395
415
437
1063
1066
1067
1069
1070
1073
1074
1076
365
1057
1058
1059
398
433
440
1064
1065
1066
418
435
441
1071
1072
1073
401
447
470
1077
1078
448
474
479
1080
1081
421
449
490
1083
1084
450
494
499
1086
1087
513
1090
1091
1092
438
471
509
1097
1098
1099
439
491
511
1104
1105
1106
472
492
514
1117
1120
1121
1123
1124
1127
1128
1130
442
1111
1112
1113
475
510
517
1118
1119
1120
495
512
518
1125
1126
1127
478
524
547
1131
1132
525
551
556
1134
1135
498
526
567
1137
1138
527
571
576
1140
1141
590
1144
1145
1146
515
548
586
1151
1152
1153
516
568
588
1158
1159
1160
549
569
591
1171
1174
1175
1177
1178
1181
1182
1184
519
1165
1166
1167
552
587
594
1172
1173
1174
572
589
595
1179
1180
1181
555
601
624
1185
1186
602
628
633
1188
1189
575
603
644
1191
1192
604
648
653
1194
1195
667
1198
1199
1200
592
625
663
1205
1206
1207
593
645
665
1212
1213
1214
626
646
668
1225
1228
1229
1231
1232
1235
1236
1238
596
1219
1220
1221
629
664
671
1226
1227
1228
649
666
672
1233
1234
1235
632
678
701
1239
1240
679
705
710
1242
1243
652
680
721
1245
1246
681
725
730
1248
1249
744
1252
1253
1254
669
702
740
1259
1260
1261
670
722
742
1266
1267
1268
703
723
745
1279
1282
1283
1285
1286
1289
1290
1292
673
1273
1274
1275
706
741
748
1280
1281
1282
726
743
749
1287
1288
1289
709
755
778
1293
1294
756
782
787
1296
1297
729
757
798
1299
1300
758
802
807
1302
1303
821
1306
1307
1308
746
779
817
1313
1314
1315
747
799
819
1320
1321
1322
780
800
822
1333
1336
1337
1339
1340
1343
1344
1346
750
1327
1328
1329
783
818
825
1334
1335
1336
803
820
826
1341
1342
1343
786
832
855
1347
1348
833
859
864
1350
1351
806
834
875
1353
1354
835
879
884
1356
1357
898
1360
1361
1362
823
856
894
1367
1368
1369
824
876
896
1374
1375
1376
857
877
899
1387
1390
1391
1393
1394
1397
1398
1400
827
1381
1382
1383
860
895
902
1388
1389
1390
880
897
903
1395
1396
1397
863
909
925
1401
1402
910
929
960
1404
1405
883
911
938
1407
1408
912
942
962
1410
1411
954
1414
1415
1416
900
926
950
1421
1422
1423
901
939
952
1428
1429
1430
927
940
955
5045
5046
5047
904
1435
1436
1437
930
951
956
1442
1443
1444
943
953
957
1449
1450
1451
242
245
1455
1456
243
247
1458
1459
248
1462
1463
1464
249
267
1468
1471
1473
1474
1475
1478
1480
1481
252
1469
1470
1471
253
268
1476
1477
1478
250
255
293
1482
1483
252
256
1485
1486
251
271
295
1488
1489
253
272
1491
1492
1495
1496
1497
258
274
1515
1517
1519
1521
1522
1524
1526
1528
259
298
1502
1503
1504
275
299
1509
1510
1511
261
1516
1517
1518
277
1523
1524
1525
301
1530
1531
1532
259
1536
1537
261
1539
1540
1543
1544
1545
283
1563
1565
1567
1568
1570
1572
1574
1576
316
1550
1551
1552
264
284
317
1557
1558
1559
1564
1565
1566
265
286
1571
1572
1573
319
1578
1579
1580
289
322
1584
1585
290
1587
1588
273
1591
1592
1593
274
1597
1600
1602
1603
1604
1607
1608
1610
277
1598
1599
1600
270
278
1605
1606
1607
281
1611
1612
275
1614
1615
277
1617
1618
1621
1622
1623
283
1641
1643
1645
1646
1648
1650
1652
1654
336
1628
1629
1630
280
285
337
1635
1636
1637
1642
1643
1644
281
287
1649
1650
1651
339
1656
1657
1658
291
342
1662
1663
292
1665
1666
1669
1670
1671
1689
1691
1693
1694
1696
1698
1700
1701
289
1676
1677
1678
291
1683
1684
1685
290
1690
1691
1692
292
1697
1698
1699
1704
1705
1706
355
1710
1711
1713
1714
357
1716
1717
1719
1720
298
1722
1723
302
305
1725
1726
299
1728
1729
303
307
1731
1732
308
1735
1736
1737
316
1742
1743
1744
336
1749
1750
1751
309
318
338
1762
1765
1767
1768
1769
1772
1774
1775
1756
1757
1758
312
320
1763
1764
1765
313
340
1770
1771
1772
310
324
370
1776
1777
312
325
1779
1780
311
344
372
1782
1783
313
345
1785
1786
1789
1790
1791
327
347
1809
1811
1813
1815
1816
1818
1820
1822
328
375
1796
1797
1798
348
376
1803
1804
1805
330
1810
1811
1812
350
1817
1818
1819
378
1824
1825
1826
326
1831
1832
1833
1838
1839
1840
322
1845
1846
1847
327
1858
1861
1863
1864
1865
1868
1869
1871
1852
1853
1854
330
1859
1860
1861
323
331
1866
1867
1868
355
1872
1873
334
356
1875
1876
328
1878
1879
330
1881
1882
1885
1886
1887
360
1905
1907
1909
1910
1912
1914
1916
1918
393
1892
1893
1894
333
361
394
1899
1900
1901
1906
1907
1908
334
363
1913
1914
1915
396
1920
1921
1922
366
399
1926
1927
367
1929
1930
346
1933
1934
1935
1940
1941
1942
342
1947
1948
1949
347
1960
1963
1965
1966
1967
1970
1971
1973
1954
1955
1956
350
1961
1962
1963
343
351
1968
1969
1970
357
1974
1975
354
358
1977
1978
348
1980
1981
350
1983
1984
1987
1988
1989
360
2007
2009
2011
2012
2014
2016
2018
2020
413
1994
1995
1996
353
362
414
2001
2002
2003
2008
2009
2010
354
364
2015
2016
2017
416
2022
2023
2024
368
419
2028
2029
369
2031
2032
2034
2035
367
2037
2038
2040
2041
369
2043
2044
2047
2048
2049
2067
2069
2071
2072
2074
2076
2078
2079
366
2054
2055
2056
368
2061
2062
2063
367
2068
2069
2070
369
2075
2076
2077
2082
2083
2084
432
2088
2089
2091
2092
434
2094
2095
2097
2098
375
2100
2101
379
382
2103
2104
376
2106
2107
380
384
2109
2110
385
2113
2114
2115
393
2120
2121
2122
413
2127
2128
2129
386
395
415
2140
2143
2145
2146
2147
2150
2152
2153
2134
2135
2136
389
397
2141
2142
2143
390
417
2148
2149
2150
387
401
447
2154
2155
389
402
2157
2158
388
421
449
2160
2161
390
422
2163
2164
2167
2168
2169
404
424
2187
2189
2191
2193
2194
2196
2198
2200
405
452
2174
2175
2176
425
453
2181
2182
2183
407
2188
2189
2190
427
2195
2196
2197
455
2202
2203
2204
403
2209
2210
2211
2216
2217
2218
399
2223
2224
2225
404
2236
2239
2241
2242
2243
2246
2247
2249
2230
2231
2232
407
2237
2238
2239
400
408
2244
2245
2246
432
2250
2251
411
433
2253
2254
405
2256
2257
407
2259
2260
2263
2264
2265
437
2283
2285
2287
2288
2290
2292
2294
2296
470
2270
2271
2272
410
438
471
2277
2278
2279
2284
2285
2286
411
440
2291
2292
2293
473
2298
2299
2300
443
476
2304
2305
444
2307
2308
423
2311
2312
2313
2318
2319
2320
419
2325
2326
2327
424
2338
2341
2343
2344
2345
2348
2349
2351
2332
2333
2334
427
2339
2340
2341
420
428
2346
2347
2348
434
2352
2353
431
435
2355
2356
425
2358
2359
427
2361
2362
2365
2366
2367
437
2385
2387
2389
2390
2392
2394
2396
2398
490
2372
2373
2374
430
439
491
2379
2380
2381
2386
2387
2388
431
441
2393
2394
2395
493
2400
2401
2402
445
496
2406
2407
446
2409
2410
2412
2413
444
2415
2416
2418
2419
446
2421
2422
2425
2426
2427
2445
2447
2449
2450
2452
2454
2456
2457
443
2432
2433
2434
445
2439
2440
2441
444
2446
2447
2448
446
2453
2454
2455
2460
2461
2462
509
2466
2467
2469
2470
511
2472
2473
2475
2476
452
2478
2479
456
459
2481
2482
453
2484
2485
457
461
2487
2488
462
2491
2492
2493
470
2498
2499
2500
490
2505
2506
2507
463
472
492
2518
2521
2523
2524
2525
2528
2530
2531
2512
2513
2514
466
474
2519
2520
2521
467
494
2526
2527
2528
464
478
524
2532
2533
466
479
2535
2536
465
498
526
2538
2539
467
499
2541
2542
2545
2546
2547
481
501
2565
2567
2569
2571
2572
2574
2576
2578
482
529
2552
2553
2554
502
530
2559
2560
2561
484
2566
2567
2568
504
2573
2574
2575
532
2580
2581
2582
480
2587
2588
2589
2594
2595
2596
476
2601
2602
2603
481
2614
2617
2619
2620
2621
2624
2625
2627
2608
2609
2610
484
2615
2616
2617
477
485
2622
2623
2624
509
2628
2629
488
510
2631
2632
482
2634
2635
484
2637
2638
2641
2642
2643
514
2661
2663
2665
2666
2668
2670
2672
2674
547
2648
2649
2650
487
515
548
2655
2656
2657
2662
2663
2664
488
517
2669
2670
2671
550
2676
2677
2678
520
553
2682
2683
521
2685
2686
500
2689
2690
2691
2696
2697
2698
496
2703
2704
2705
501
2716
2719
2721
2722
2723
2726
2727
2729
2710
2711
2712
504
2717
2718
2719
497
505
2724
2725
2726
511
2730
2731
508
512
2733
2734
502
2736
2737
504
2739
2740
2743
2744
2745
514
2763
2765
2767
2768
2770
2772
2774
2776
567
2750
2751
2752
507
516
568
2757
2758
2759
2764
2765
2766
508
518
2771
2772
2773
570
2778
2779
2780
522
573
2784
2785
523
2787
2788
2790
2791
521
2793
2794
2796
2797
523
2799
2800
2803
2804
2805
2823
2825
2827
2828
2830
2832
2834
2835
520
2810
2811
2812
522
2817
2818
2819
521
2824
2825
2826
523
2831
2832
2833
2838
2839
2840
586
2844
2845
2847
2848
588
2850
2851
2853
2854
529
2856
2857
533
536
2859
2860
530
2862
2863
534
538
2865
2866
539
2869
2870
2871
547
2876
2877
2878
567
2883
2884
2885
540
549
569
2896
2899
2901
2902
2903
2906
2908
2909
2890
2891
2892
543
551
2897
2898
2899
544
571
2904
2905
2906
541
555
601
2910
2911
543
556
2913
2914
542
575
603
2916
2917
544
576
2919
2920
2923
2924
2925
558
578
2943
2945
2947
2949
2950
2952
2954
2956
559
606
2930
2931
2932
579
607
2937
2938
2939
561
2944
2945
2946
581
2951
2952
2953
609
2958
2959
2960
557
2965
2966
2967
2972
2973
2974
553
2979
2980
2981
558
2992
2995
2997
2998
2999
3002
3003
3005
2986
2987
2988
561
2993
2994
2995
554
562
3000
3001
3002
586
3006
3007
565
587
3009
3010
559
3012
3013
561
3015
3016
3019
3020
3021
591
3039
3041
3043
3044
3046
3048
3050
3052
624
3026
3027
3028
564
592
625
3033
3034
3035
3040
3041
3042
565
594
3047
3048
3049
627
3054
3055
3056
597
630
3060
3061
598
3063
3064
577
3067
3068
3069
3074
3075
3076
573
3081
3082
3083
578
3094
3097
3099
3100
3101
3104
3105
3107
3088
3089
3090
581
3095
3096
3097
574
582
3102
3103
3104
588
3108
3109
585
589
3111
3112
579
3114
3115
581
3117
3118
3121
3122
3123
591
3141
3143
3145
3146
3148
3150
3152
3154
644
3128
3129
3130
584
593
645
3135
3136
3137
3142
3143
3144
585
595
3149
3150
3151
647
3156
3157
3158
599
650
3162
3163
600
3165
3166
3168
3169
598
3171
3172
3174
3175
600
3177
3178
3181
3182
3183
3201
3203
3205
3206
3208
3210
3212
3213
597
3188
3189
3190
599
3195
3196
3197
598
3202
3203
3204
600
3209
3210
3211
3216
3217
3218
663
3222
3223
3225
3226
665
3228
3229
3231
3232
606
3234
3235
610
613
3237
3238
607
3240
3241
611
615
3243
3244
616
3247
3248
3249
624
3254
3255
3256
644
3261
3262
3263
617
626
646
3274
3277
3279
3280
3281
3284
3286
3287
3268
3269
3270
620
628
3275
3276
3277
621
648
3282
3283
3284
618
632
678
3288
3289
620
633
3291
3292
619
652
680
3294
3295
621
653
3297
3298
3301
3302
3303
635
655
3321
3323
3325
3327
3328
3330
3332
3334
636
683
3308
3309
3310
656
684
3315
3316
3317
638
3322
3323
3324
658
3329
3330
3331
686
3336
3337
3338
634
3343
3344
3345
3350
3351
3352
630
3357
3358
3359
635
3370
3373
3375
3376
3377
3380
3381
3383
3364
3365
3366
638
3371
3372
3373
631
639
3378
3379
3380
663
3384
3385
642
664
3387
3388
636
3390
3391
638
3393
3394
3397
3398
3399
668
3417
3419
3421
3422
3424
3426
3428
3430
701
3404
3405
3406
641
669
702
3411
3412
3413
3418
3419
3420
642
671
3425
3426
3427
704
3432
3433
3434
674
707
3438
3439
675
3441
3442
654
3445
3446
3447
3452
3453
3454
650
3459
3460
3461
655
3472
3475
3477
3478
3479
3482
3483
3485
3466
3467
3468
658
3473
3474
3475
651
659
3480
3481
3482
665
3486
3487
662
666
3489
3490
656
3492
3493
658
3495
3496
3499
3500
3501
668
3519
3521
3523
3524
3526
3528
3530
3532
721
3506
3507
3508
661
670
722
3513
3514
3515
3520
3521
3522
662
672
3527
3528
3529
724
3534
3535
3536
676
727
3540
3541
677
3543
3544
3546
3547
675
3549
3550
3552
3553
677
3555
3556
3559
3560
3561
3579
3581
3583
3584
3586
3588
3590
3591
674
3566
3567
3568
676
3573
3574
3575
675
3580
3581
3582
677
3587
3588
3589
3594
3595
3596
740
3600
3601
3603
3604
742
3606
3607
3609
3610
683
3612
3613
687
690
3615
3616
684
3618
3619
688
692
3621
3622
693
3625
3626
3627
701
3632
3633
3634
721
3639
3640
3641
694
703
723
3652
3655
3657
3658
3659
3662
3664
3665
3646
3647
3648
697
705
3653
3654
3655
698
725
3660
3661
3662
695
709
755
3666
3667
697
710
3669
3670
696
729
757
3672
3673
698
730
3675
3676
3679
3680
3681
712
732
3699
3701
3703
3705
3706
3708
3710
3712
713
760
3686
3687
3688
733
761
3693
3694
3695
715
3700
3701
3702
735
3707
3708
3709
763
3714
3715
3716
711
3721
3722
3723
3728
3729
3730
707
3735
3736
3737
712
3748
3751
3753
3754
3755
3758
3759
3761
3742
3743
3744
715
3749
3750
3751
708
716
3756
3757
3758
740
3762
3763
719
741
3765
3766
713
3768
3769
715
3771
3772
3775
3776
3777
745
3795
3797
3799
3800
3802
3804
3806
3808
778
3782
3783
3784
718
746
779
3789
3790
3791
3796
3797
3798
719
748
3803
3804
3805
781
3810
3811
3812
751
784
3816
3817
752
3819
3820
731
3823
3824
3825
3830
3831
3832
727
3837
3838
3839
732
3850
3853
3855
3856
3857
3860
3861
3863
3844
3845
3846
735
3851
3852
3853
728
736
3858
3859
3860
742
3864
3865
739
743
3867
3868
733
3870
3871
735
3873
3874
3877
3878
3879
745
3897
3899
3901
3902
3904
3906
3908
3910
798
3884
3885
3886
738
747
799
3891
3892
3893
3898
3899
3900
739
749
3905
3906
3907
801
3912
3913
3914
753
804
3918
3919
754
3921
3922
3924
3925
752
3927
3928
3930
3931
754
3933
3934
3937
3938
3939
3957
3959
3961
3962
3964
3966
3968
3969
751
3944
3945
3946
753
3951
3952
3953
752
3958
3959
3960
754
3965
3966
3967
3972
3973
3974
817
3978
3979
3981
3982
819
3984
3985
3987
3988
760
3990
3991
764
767
3993
3994
761
3996
3997
765
769
3999
4000
770
4003
4004
4005
778
4010
4011
4012
798
4017
4018
4019
771
780
800
4030
4033
4035
4036
4037
4040
4042
4043
4024
4025
4026
774
782
4031
4032
4033
775
802
4038
4039
4040
772
786
832
4044
4045
774
787
4047
4048
773
806
834
4050
4051
775
807
4053
4054
4057
4058
4059
789
809
4077
4079
4081
4083
4084
4086
4088
4090
790
837
4064
4065
4066
810
838
4071
4072
4073
792
4078
4079
4080
812
4085
4086
4087
840
4092
4093
4094
788
4099
4100
4101
4106
4107
4108
784
4113
4114
4115
789
4126
4129
4131
4132
4133
4136
4137
4139
4120
4121
4122
792
4127
4128
4129
785
793
4134
4135
4136
817
4140
4141
796
818
4143
4144
790
4146
4147
792
4149
4150
4153
4154
4155
822
4173
4175
4177
4178
4180
4182
4184
4186
855
4160
4161
4162
795
823
856
4167
4168
4169
4174
4175
4176
796
825
4181
4182
4183
858
4188
4189
4190
828
861
4194
4195
829
4197
4198
808
4201
4202
4203
4208
4209
4210
804
4215
4216
4217
809
4228
4231
4233
4234
4235
4238
4239
4241
4222
4223
4224
812
4229
4230
4231
805
813
4236
4237
4238
819
4242
4243
816
820
4245
4246
810
4248
4249
812
4251
4252
4255
4256
4257
822
4275
4277
4279
4280
4282
4284
4286
4288
875
4262
4263
4264
815
824
876
4269
4270
4271
4276
4277
4278
816
826
4283
4284
4285
878
4290
4291
4292
830
881
4296
4297
831
4299
4300
4302
4303
829
4305
4306
4308
4309
831
4311
4312
4315
4316
4317
4335
4337
4339
4340
4342
4344
4346
4347
828
4322
4323
4324
830
4329
4330
4331
829
4336
4337
4338
831
4343
4344
4345
4350
4351
4352
894
4356
4357
4359
4360
896
4362
4363
4365
4366
837
4368
4369
841
844
4371
4372
838
4374
4375
842
846
4377
4378
847
4381
4382
4383
855
4388
4389
4390
875
4395
4396
4397
848
857
877
4408
4411
4413
4414
4415
4418
4420
4421
4402
4403
4404
851
859
4409
4410
4411
852
879
4416
4417
4418
849
863
909
4422
4423
851
864
4425
4426
850
883
911
4428
4429
852
884
4431
4432
4435
4436
4437
866
886
4455
4457
4459
4461
4462
4464
4466
4468
867
914
4442
4443
4444
887
915
4449
4450
4451
869
4456
4457
4458
889
4463
4464
4465
917
4470
4471
4472
865
4477
4478
4479
4484
4485
4486
861
4491
4492
4493
866
4504
4507
4509
4510
4511
4514
4515
4517
4498
4499
4500
869
4505
4506
4507
862
870
4512
4513
4514
894
4518
4519
873
895
4521
4522
867
4524
4525
869
4527
4528
4531
4532
4533
899
4551
4553
4555
4556
4558
4560
4562
4564
925
4538
4539
4540
872
900
926
4545
4546
4547
4552
4553
4554
873
902
4559
4560
4561
928
4566
4567
4568
905
931
4572
4573
906
4575
4576
885
4579
4580
4581
4586
4587
4588
881
4593
4594
4595
886
4606
4609
4611
4612
4613
4616
4617
4619
4600
4601
4602
889
4607
4608
4609
882
890
4614
4615
4616
896
4620
4621
893
897
4623
4624
887
4626
4627
889
4629
4630
4633
4634
4635
899
4653
4655
4657
4658
4660
4662
4664
4666
938
4640
4641
4642
892
901
939
4647
4648
4649
4654
4655
4656
893
903
4661
4662
4663
941
4668
4669
4670
907
944
4674
4675
908
4677
4678
4680
4681
906
4683
4684
4686
4687
908
4689
4690
4693
4694
4695
4713
4715
4717
4718
4720
4722
4724
4725
905
4700
4701
4702
907
4707
4708
4709
906
4714
4715
4716
908
4721
4722
4723
4728
4729
4730
950
4734
4735
4737
4738
952
4740
4741
4743
4744
914
4746
4747
918
958
4749
4750
915
4752
4753
919
959
4755
4756
920
4759
4760
4761
925
4766
4767
4768
938
4773
4774
4775
921
927
940
5052
5053
5054
4780
4781
4782
922
929
4787
4788
4789
923
942
4794
4795
4796
4801
4802
4803
934
947
4808
4809
4810
935
958
4815
4816
4817
948
959
4822
4823
4824
933
4829
4830
4831
4836
4837
4838
931
4843
4844
4845
934
5059
5060
5061
4850
4851
4852
935
4857
4858
4859
932
936
4864
4865
4866
950
4870
4871
951
961
4873
4874
4877
4878
4879
955
4884
4885
4886
960
4891
4892
4893
956
961
4898
4899
4900
946
4905
4906
4907
4912
4913
4914
944
4919
4920
4921
947
5066
5067
5068
4926
4927
4928
948
4933
4934
4935
945
949
4940
4941
4942
952
4946
4947
953
963
4949
4950
4953
4954
4955
955
4960
4961
4962
962
4967
4968
4969
957
963
4974
4975
4976
4980
4981
964
4983
4984
4986
4987
965
4989
4990
4993
4994
4995
5000
5001
5002
964
5007
5008
5009
965
5014
5015
5016
960
5020
5021
962
5023
5024
5026
5027
964
5029
5030
5032
5033
965
5035
5036
5038
5039
5041
5042
968
1598
1617
968
1459
1599
1601
971
1537
1839
971
973
1723
1840
974
1841
974
1859
1881
974
1726
1860
1862
977
1615
1941
977
979
1729
1942
980
1943
980
1961
1983
980
1732
1962
1964
985
986
987
1002
1009
1016
985
986
1003
985
987
1010
2047
986
987
1017
2048
1007
1014
1008
1021
1015
1022
2050
992
993
994
1002
1009
992
993
1676
1845
992
994
1004
1678
2034
993
994
1011
1847
2035
1006
1679
1013
1848
1007
1014
2036
999
1000
1001
1002
1016
999
1000
1683
1947
999
1001
1005
1685
2040
1000
1001
1018
1949
2041
1006
1686
1020
1950
1008
1021
2042
1006
1007
1008
1007
1008
1006
1007
1705
1006
1008
1706
1707
1013
1014
1015
1014
1015
2037
2068
1013
1014
1867
2038
1013
1015
1868
2069
1869
2039
2071
1020
1021
1022
1021
1022
2043
2075
1020
1021
1969
2044
1020
1022
1970
2076
1971
2045
2078
1025
1879
2217
1025
1027
2101
2218
1028
2219
1028
2237
2259
1028
2104
2238
2240
1031
1981
2319
1031
1033
2107
2320
1034
2321
1034
2339
2361
1034
2110
2340
2342
1039
1040
1041
1056
1063
1070
1039
1040
1057
1039
1041
1064
2425
1040
1041
1071
2426
1061
1068
1062
1075
1069
1076
2428
1046
1047
1048
1056
1063
1046
1047
2054
2223
1046
1048
1058
2056
2412
1047
1048
1065
2225
2413
1060
2057
1067
2226
1061
1068
2414
1053
1054
1055
1056
1070
1053
1054
2061
2325
1053
1055
1059
2063
2418
1054
1055
1072
2327
2419
1060
2064
1074
2328
1062
1075
2420
1060
1061
1062
1061
1062
1060
1061
2083
1060
1062
2084
2085
1067
1068
1069
1068
1069
2415
2446
1067
1068
2245
2416
1067
1069
2246
2447
2247
2417
2449
1074
1075
1076
1075
1076
2421
2453
1074
1075
2347
2422
1074
1076
2348
2454
2349
2423
2456
1079
2257
2595
1079
1081
2479
2596
1082
2597
1082
2615
2637
1082
2482
2616
2618
1085
2359
2697
1085
1087
2485
2698
1088
2699
1088
2717
2739
1088
2488
2718
2720
1093
1094
1095
1110
1117
1124
1093
1094
1111
1093
1095
1118
2803
1094
1095
1125
2804
1115
1122
1116
1129
1123
1130
2806
1100
1101
1102
1110
1117
1100
1101
2432
2601
1100
1102
1112
2434
2790
1101
1102
1119
2603
2791
1114
2435
1121
2604
1115
1122
2792
1107
1108
1109
1110
1124
1107
1108
2439
2703
1107
1109
1113
2441
2796
1108
1109
1126
2705
2797
1114
2442
1128
2706
1116
1129
2798
1114
1115
1116
1115
1116
1114
1115
2461
1114
1116
2462
2463
1121
1122
1123
1122
1123
2793
2824
1121
1122
2623
2794
1121
1123
2624
2825
2625
2795
2827
1128
1129
1130
1129
1130
2799
2831
1128
1129
2725
2800
1128
1130
2726
2832
2727
2801
2834
1133
2635
2973
1133
1135
2857
2974
1136
2975
1136
2993
3015
1136
2860
2994
2996
1139
2737
3075
1139
1141
2863
3076
1142
3077
1142
3095
3117
1142
2866
3096
3098
1147
1148
1149
1164
1171
1178
1147
1148
1165
1147
1149
1172
3181
1148
1149
1179
3182
1169
1176
1170
1183
1177
1184
3184
1154
1155
1156
1164
1171
1154
1155
2810
2979
1154
1156
1166
2812
3168
1155
1156
1173
2981
3169
1168
2813
1175
2982
1169
1176
3170
1161
1162
1163
1164
1178
1161
1162
2817
3081
1161
1163
1167
2819
3174
1162
1163
1180
3083
3175
1168
2820
1182
3084
1170
1183
3176
1168
1169
1170
1169
1170
1168
1169
2839
1168
1170
2840
2841
1175
1176
1177
1176
1177
3171
3202
1175
1176
3001
3172
1175
1177
3002
3203
3003
3173
3205
1182
1183
1184
1183
1184
3177
3209
1182
1183
3103
3178
1182
1184
3104
3210
3105
3179
3212
1187
3013
3351
1187
1189
3235
3352
1190
3353
1190
3371
3393
1190
3238
3372
3374
1193
3115
3453
1193
1195
3241
3454
1196
3455
1196
3473
3495
1196
3244
3474
3476
1201
1202
1203
1218
1225
1232
1201
1202
1219
1201
1203
1226
3559
1202
1203
1233
3560
1223
1230
1224
1237
1231
1238
3562
1208
1209
1210
1218
1225
1208
1209
3188
3357
1208
1210
1220
3190
3546
1209
1210
1227
3359
3547
1222
3191
1229
3360
1223
1230
3548
1215
1216
1217
1218
1232
1215
1216
3195
3459
1215
1217
1221
3197
3552
1216
1217
1234
3461
3553
1222
3198
1236
3462
1224
1237
3554
1222
1223
1224
1223
1224
1222
1223
3217
1222
1224
3218
3219
1229
1230
1231
1230
1231
3549
3580
1229
1230
3379
3550
1229
1231
3380
3581
3381
3551
3583
1236
1237
1238
1237
1238
3555
3587
1236
1237
3481
3556
1236
1238
3482
3588
3483
3557
3590
1241
3391
3729
1241
1243
3613
3730
1244
3731
1244
3749
3771
1244
3616
3750
3752
1247
3493
3831
1247
1249
3619
3832
1250
3833
1250
3851
3873
1250
3622
3852
3854
1255
1256
1257
1272
1279
1286
1255
1256
1273
1255
1257
1280
3937
1256
1257
1287
3938
1277
1284
1278
1291
1285
1292
3940
1262
1263
1264
1272
1279
1262
1263
3566
3735
1262
1264
1274
3568
3924
1263
1264
1281
3737
3925
1276
3569
1283
3738
1277
1284
3926
1269
1270
1271
1272
1286
1269
1270
3573
3837
1269
1271
1275
3575
3930
1270
1271
1288
3839
3931
1276
3576
1290
3840
1278
1291
3932
1276
1277
1278
1277
1278
1276
1277
3595
1276
1278
3596
3597
1283
1284
1285
1284
1285
3927
3958
1283
1284
3757
3928
1283
1285
3758
3959
3759
3929
3961
1290
1291
1292
1291
1292
3933
3965
1290
1291
3859
3934
1290
1292
3860
3966
3861
3935
3968
1295
3769
4107
1295
1297
3991
4108
1298
4109
1298
4127
4149
1298
3994
4128
4130
1301
3871
4209
1301
1303
3997
4210
1304
4211
1304
4229
4251
1304
4000
4230
4232
1309
1310
1311
1326
1333
1340
1309
1310
1327
1309
1311
1334
4315
1310
1311
1341
4316
1331
1338
1332
1345
1339
1346
4318
1316
1317
1318
1326
1333
1316
1317
3944
4113
1316
1318
1328
3946
4302
1317
1318
1335
4115
4303
1330
3947
1337
4116
1331
1338
4304
1323
1324
1325
1326
1340
1323
1324
3951
4215
1323
1325
1329
3953
4308
1324
1325
1342
4217
4309
1330
3954
1344
4218
1332
1345
4310
1330
1331
1332
1331
1332
1330
1331
3973
1330
1332
3974
3975
1337
1338
1339
1338
1339
4305
4336
1337
1338
4135
4306
1337
1339
4136
4337
4137
4307
4339
1344
1345
1346
1345
1346
4311
4343
1344
1345
4237
4312
1344
1346
4238
4344
4239
4313
4346
1349
4147
4485
1349
1351
4369
4486
1352
4487
1352
4505
4527
1352
4372
4506
4508
1355
4249
4587
1355
1357
4375
4588
1358
4589
1358
4607
4629
1358
4378
4608
4610
1363
1364
1365
1380
1387
1394
1363
1364
1381
1363
1365
1388
4693
1364
1365
1395
4694
1385
1392
1386
1399
1393
1400
4696
1370
1371
1372
1380
1387
1370
1371
4322
4491
1370
1372
1382
4324
4680
1371
1372
1389
4493
4681
1384
4325
1391
4494
1385
1392
4682
1377
1378
1379
1380
1394
1377
1378
4329
4593
1377
1379
1383
4331
4686
1378
1379
1396
4595
4687
1384
4332
1398
4596
1386
1399
4688
1384
1385
1386
1385
1386
1384
1385
4351
1384
1386
4352
4353
1391
1392
1393
1392
1393
4683
4714
1391
1392
4513
4684
1391
1393
4514
4715
4515
4685
4717
1398
1399
1400
1399
1400
4689
4721
1398
1399
4615
4690
1398
1400
4616
4722
4617
4691
4724
1403
4525
4837
1403
1405
4747
4838
1406
4839
1406
4857
5026
1406
4750
4858
4860
1409
4627
4913
1409
1411
4753
4914
1412
4915
1412
4933
5032
1412
4756
4934
4936
1417
1418
1419
1434
1441
1448
1417
1418
1435
1417
1419
1442
4993
1418
1419
1449
4994
1439
1446
1440
1453
1447
1454
4996
1424
1425
1426
1434
1441
1424
1425
4700
4843
1424
1426
1436
4702
4980
1425
1426
1443
4845
4981
1438
4703
1445
4846
1439
1446
4982
1431
1432
1433
1434
1448
1431
1432
4707
4919
1431
1433
1437
4709
4986
1432
1433
1450
4921
4987
1438
4710
1452
4922
1440
1453
4988
1438
1439
1440
1439
1440
1438
1439
4729
1438
1440
4730
4731
1445
1446
1447
5044
1446
1447
4983
5007
1445
1446
4865
4984
1445
1447
4866
5008
5046
4867
5048
4985
5010
5050
1452
1453
1454
5044
1453
1454
4989
5014
1452
1453
4941
4990
1452
1454
4942
5015
5047
4943
5049
4991
5017
5050
1457
1469
1485
1457
1470
1472
1460
1476
1491
1460
1477
1479
1465
1466
1467
1468
1475
1465
1466
1465
1467
1469
1495
1466
1467
1476
1496
1472
1479
1473
1480
1498
1472
1473
1474
1472
1473
1516
1472
1474
1473
1474
1517
1519
1479
1480
1481
1479
1480
1523
1479
1481
1599
1480
1481
1524
1600
1526
1602
1484
1486
1503
1536
1484
1504
1722
1487
1505
1487
1516
1487
1518
1540
1520
1490
1492
1510
1614
1490
1511
1728
1493
1512
1493
1523
1493
1525
1618
1527
1498
1499
1500
1515
1522
1529
1498
1499
1516
1498
1500
1523
1499
1500
1530
1519
1526
1520
1533
1527
1534
1505
1506
1507
1515
1529
1506
1507
1550
1742
1505
1506
1518
1551
1505
1507
1531
1743
1520
1533
1521
1553
1535
1745
1512
1513
1514
1522
1529
1513
1514
1628
1749
1512
1513
1525
1629
1512
1514
1532
1750
1527
1534
1528
1631
1535
1752
1519
1520
1521
1519
1520
1519
1521
1565
1520
1521
1566
1567
1526
1527
1528
1526
1527
1526
1528
1643
1527
1528
1644
1645
1533
1534
1535
1533
1534
1533
1535
1757
1534
1535
1758
1759
1538
1540
1551
1538
1552
1541
1554
1541
1564
1541
1566
1569
1546
1547
1548
1563
1570
1577
1546
1547
1564
1546
1548
1571
1547
1548
1578
1568
1574
1569
1581
1575
1582
1553
1554
1555
1563
1577
1553
1555
1838
1553
1554
1566
1554
1555
1579
1839
1567
1569
1581
1583
1842
1560
1561
1562
1570
1577
1561
1562
1676
1845
1560
1561
1573
1584
1677
1560
1562
1580
1585
1846
1575
1582
1586
1576
1680
1583
1849
1567
1568
1569
1568
1569
1567
1568
1567
1569
1574
1575
1576
1574
1575
1587
1574
1576
1691
1575
1576
1588
1692
1589
1694
1581
1582
1583
1581
1582
1581
1583
1853
1582
1583
1854
1856
1586
1588
1710
1586
1872
1589
1589
1589
1714
1594
1595
1596
1597
1604
1594
1595
1594
1596
1598
1621
1595
1596
1605
1622
1601
1609
1603
1610
1624
1601
1602
1603
1601
1603
1642
1601
1602
1602
1603
1643
1646
1608
1609
1610
1609
1610
1611
1649
1608
1609
1612
1608
1610
1650
1613
1652
1613
1665
1613
1616
1618
1629
1616
1630
1619
1632
1619
1642
1619
1644
1647
1624
1625
1626
1641
1648
1655
1624
1625
1642
1624
1626
1649
1625
1626
1656
1646
1652
1647
1659
1653
1660
1631
1632
1633
1641
1655
1631
1633
1940
1631
1632
1644
1632
1633
1657
1941
1645
1647
1659
1661
1944
1638
1639
1640
1648
1655
1639
1640
1683
1947
1638
1639
1651
1662
1684
1638
1640
1658
1663
1948
1653
1660
1664
1654
1687
1661
1951
1645
1646
1647
1646
1647
1645
1646
1645
1647
1652
1653
1654
1652
1653
1665
1652
1654
1698
1653
1654
1666
1699
1667
1701
1659
1660
1661
1659
1660
1659
1661
1955
1660
1661
1956
1958
1664
1666
1716
1664
1974
1667
1667
1667
1720
1672
1673
1674
1689
1696
1703
1672
1673
1690
1672
1674
1697
1673
1674
1704
1693
1700
1695
1708
1702
1709
1679
1680
1681
1689
1703
1679
1680
1680
1681
1692
1710
1679
1681
1705
1711
1707
1694
1695
1708
1712
1686
1687
1688
1696
1703
1686
1687
1687
1688
1699
1716
1686
1688
1706
1717
1707
1701
1702
1709
1718
1693
1694
1695
1693
1695
1713
1693
1694
1694
1695
1714
1715
1700
1701
1702
1700
1702
1719
1700
1701
1701
1702
1720
1721
1707
1708
1709
1708
1709
1707
1708
1707
1709
1712
1714
1712
2034
1715
1715
1715
1718
1720
1718
2040
1721
1721
1721
1724
1743
1724
1726
1744
1727
1746
1727
1763
1779
1727
1764
1766
1730
1750
1730
1732
1751
1733
1753
1733
1770
1785
1733
1771
1773
1738
1739
1740
1755
1762
1769
1738
1739
1756
1738
1740
1763
1789
1739
1740
1770
1790
1760
1766
1761
1773
1767
1774
1792
1745
1746
1747
1755
1762
1745
1747
1838
1745
1746
1757
1746
1747
1764
1840
1759
1760
1766
1768
1843
1752
1753
1754
1755
1769
1752
1754
1940
1752
1753
1758
1753
1754
1771
1942
1759
1761
1773
1775
1945
1759
1760
1761
1760
1761
1759
1760
1759
1761
1766
1767
1768
1766
1767
1810
1766
1768
1860
1767
1768
1811
1861
1813
1863
1773
1774
1775
1773
1774
1817
1773
1775
1962
1774
1775
1818
1963
1820
1965
1778
1780
1797
1878
1778
1798
2100
1781
1799
1781
1810
1781
1812
1882
1814
1784
1786
1804
1980
1784
1805
2106
1787
1806
1787
1817
1787
1819
1984
1821
1792
1793
1794
1809
1816
1823
1792
1793
1810
1792
1794
1817
1793
1794
1824
1813
1820
1814
1827
1821
1828
1799
1800
1801
1809
1823
1800
1801
1892
2120
1799
1800
1812
1893
1799
1801
1825
2121
1814
1827
1815
1895
1829
2123
1806
1807
1808
1816
1823
1807
1808
1994
2127
1806
1807
1819
1995
1806
1808
1826
2128
1821
1828
1822
1997
1829
2130
1813
1814
1815
1813
1814
1813
1815
1907
1814
1815
1908
1909
1820
1821
1822
1820
1821
1820
1822
2009
1821
1822
2010
2011
1827
1828
1829
1827
1828
1827
1829
2135
1828
1829
2136
2137
1834
1835
1836
1851
1858
1865
1834
1835
1852
1834
1836
1859
1885
1835
1836
1866
1886
1855
1862
1857
1870
1864
1871
1888
1841
1842
1843
1851
1858
1842
1843
1841
1842
1853
1841
1843
1860
1855
1862
1856
1863
1848
1849
1850
1851
1865
1848
1849
1849
1850
1854
1872
1848
1850
1867
1873
1869
1856
1857
1870
1874
1855
1856
1857
1855
1857
1855
1856
1856
1857
1862
1863
1864
1862
1864
1906
1862
1863
1863
1864
1907
1910
1869
1870
1871
1870
1871
1875
1913
1869
1870
1876
1869
1871
1914
1877
1916
1874
1874
1876
2035
1877
1877
1929
1877
2038
1880
1882
1893
1880
1894
1883
1896
1883
1906
1883
1908
1911
1888
1889
1890
1905
1912
1919
1888
1889
1906
1888
1890
1913
1889
1890
1920
1910
1916
1911
1923
1917
1924
1895
1896
1897
1905
1919
1895
1897
2216
1895
1896
1908
1896
1897
1921
2217
1909
1911
1923
1925
2220
1902
1903
1904
1912
1919
1903
1904
2054
2223
1902
1903
1915
1926
2055
1902
1904
1922
1927
2224
1917
1924
1928
1918
2058
1925
2227
1909
1910
1911
1910
1911
1909
1910
1909
1911
1916
1917
1918
1916
1917
1929
1916
1918
2069
1917
1918
1930
2070
1931
2072
1923
1924
1925
1923
1924
1923
1925
2231
1924
1925
2232
2234
1928
1930
2088
1928
2250
1931
1931
1931
2092
1936
1937
1938
1953
1960
1967
1936
1937
1954
1936
1938
1961
1987
1937
1938
1968
1988
1957
1964
1959
1972
1966
1973
1990
1943
1944
1945
1953
1960
1944
1945
1943
1944
1955
1943
1945
1962
1957
1964
1958
1965
1950
1951
1952
1953
1967
1950
1951
1951
1952
1956
1974
1950
1952
1969
1975
1971
1958
1959
1972
1976
1957
1958
1959
1957
1959
1957
1958
1958
1959
1964
1965
1966
1964
1966
2008
1964
1965
1965
1966
2009
2012
1971
1972
1973
1972
1973
1977
2015
1971
1972
1978
1971
1973
2016
1979
2018
1976
1976
1978
2041
1979
1979
2031
1979
2044
1982
1984
1995
1982
1996
1985
1998
1985
2008
1985
2010
2013
1990
1991
1992
2007
2014
2021
1990
1991
2008
1990
1992
2015
1991
1992
2022
2012
2018
2013
2025
2019
2026
1997
1998
1999
2007
2021
1997
1999
2318
1997
1998
2010
1998
1999
2023
2319
2011
2013
2025
2027
2322
2004
2005
2006
2014
2021
2005
2006
2061
2325
2004
2005
2017
2028
2062
2004
2006
2024
2029
2326
2019
2026
2030
2020
2065
2027
2329
2011
2012
2013
2012
2013
2011
2012
2011
2013
2018
2019
2020
2018
2019
2031
2018
2020
2076
2019
2020
2032
2077
2033
2079
2025
2026
2027
2025
2026
2025
2027
2333
2026
2027
2334
2336
2030
2032
2094
2030
2352
2033
2033
2033
2098
2036
2036
2038
2039
2039
2091
2039
2042
2042
2044
2045
2045
2097
2045
2050
2051
2052
2067
2074
2081
2050
2051
2068
2050
2052
2075
2051
2052
2082
2071
2078
2073
2086
2080
2087
2057
2058
2059
2067
2081
2057
2058
2058
2059
2070
2088
2057
2059
2083
2089
2085
2072
2073
2086
2090
2064
2065
2066
2074
2081
2064
2065
2065
2066
2077
2094
2064
2066
2084
2095
2085
2079
2080
2087
2096
2071
2072
2073
2071
2073
2091
2071
2072
2072
2073
2092
2093
2078
2079
2080
2078
2080
2097
2078
2079
2079
2080
2098
2099
2085
2086
2087
2086
2087
2085
2086
2085
2087
2090
2092
2090
2412
2093
2093
2093
2096
2098
2096
2418
2099
2099
2099
2102
2121
2102
2104
2122
2105
2124
2105
2141
2157
2105
2142
2144
2108
2128
2108
2110
2129
2111
2131
2111
2148
2163
2111
2149
2151
2116
2117
2118
2133
2140
2147
2116
2117
2134
2116
2118
2141
2167
2117
2118
2148
2168
2138
2144
2139
2151
2145
2152
2170
2123
2124
2125
2133
2140
2123
2125
2216
2123
2124
2135
2124
2125
2142
2218
2137
2138
2144
2146
2221
2130
2131
2132
2133
2147
2130
2132
2318
2130
2131
2136
2131
2132
2149
2320
2137
2139
2151
2153
2323
2137
2138
2139
2138
2139
2137
2138
2137
2139
2144
2145
2146
2144
2145
2188
2144
2146
2238
2145
2146
2189
2239
2191
2241
2151
2152
2153
2151
2152
2195
2151
2153
2340
2152
2153
2196
2341
2198
2343
2156
2158
2175
2256
2156
2176
2478
2159
2177
2159
2188
2159
2190
2260
2192
2162
2164
2182
2358
2162
2183
2484
2165
2184
2165
2195
2165
2197
2362
2199
2170
2171
2172
2187
2194
2201
2170
2171
2188
2170
2172
2195
2171
2172
2202
2191
2198
2192
2205
2199
2206
2177
2178
2179
2187
2201
2178
2179
2270
2498
2177
2178
2190
2271
2177
2179
2203
2499
2192
2205
2193
2273
2207
2501
2184
2185
2186
2194
2201
2185
2186
2372
2505
2184
2185
2197
2373
2184
2186
2204
2506
2199
2206
2200
2375
2207
2508
2191
2192
2193
2191
2192
2191
2193
2285
2192
2193
2286
2287
2198
2199
2200
2198
2199
2198
2200
2387
2199
2200
2388
2389
2205
2206
2207
2205
2206
2205
2207
2513
2206
2207
2514
2515
2212
2213
2214
2229
2236
2243
2212
2213
2230
2212
2214
2237
2263
2213
2214
2244
2264
2233
2240
2235
2248
2242
2249
2266
2219
2220
2221
2229
2236
2220
2221
2219
2220
2231
2219
2221
2238
2233
2240
2234
2241
2226
2227
2228
2229
2243
2226
2227
2227
2228
2232
2250
2226
2228
2245
2251
2247
2234
2235
2248
2252
2233
2234
2235
2233
2235
2233
2234
2234
2235
2240
2241
2242
2240
2242
2284
2240
2241
2241
2242
2285
2288
2247
2248
2249
2248
2249
2253
2291
2247
2248
2254
2247
2249
2292
2255
2294
2252
2252
2254
2413
2255
2255
2307
2255
2416
2258
2260
2271
2258
2272
2261
2274
2261
2284
2261
2286
2289
2266
2267
2268
2283
2290
2297
2266
2267
2284
2266
2268
2291
2267
2268
2298
2288
2294
2289
2301
2295
2302
2273
2274
2275
2283
2297
2273
2275
2594
2273
2274
2286
2274
2275
2299
2595
2287
2289
2301
2303
2598
2280
2281
2282
2290
2297
2281
2282
2432
2601
2280
2281
2293
2304
2433
2280
2282
2300
2305
2602
2295
2302
2306
2296
2436
2303
2605
2287
2288
2289
2288
2289
2287
2288
2287
2289
2294
2295
2296
2294
2295
2307
2294
2296
2447
2295
2296
2308
2448
2309
2450
2301
2302
2303
2301
2302
2301
2303
2609
2302
2303
2610
2612
2306
2308
2466
2306
2628
2309
2309
2309
2470
2314
2315
2316
2331
2338
2345
2314
2315
2332
2314
2316
2339
2365
2315
2316
2346
2366
2335
2342
2337
2350
2344
2351
2368
2321
2322
2323
2331
2338
2322
2323
2321
2322
2333
2321
2323
2340
2335
2342
2336
2343
2328
2329
2330
2331
2345
2328
2329
2329
2330
2334
2352
2328
2330
2347
2353
2349
2336
2337
2350
2354
2335
2336
2337
2335
2337
2335
2336
2336
2337
2342
2343
2344
2342
2344
2386
2342
2343
2343
2344
2387
2390
2349
2350
2351
2350
2351
2355
2393
2349
2350
2356
2349
2351
2394
2357
2396
2354
2354
2356
2419
2357
2357
2409
2357
2422
2360
2362
2373
2360
2374
2363
2376
2363
2386
2363
2388
2391
2368
2369
2370
2385
2392
2399
2368
2369
2386
2368
2370
2393
2369
2370
2400
2390
2396
2391
2403
2397
2404
2375
2376
2377
2385
2399
2375
2377
2696
2375
2376
2388
2376
2377
2401
2697
2389
2391
2403
2405
2700
2382
2383
2384
2392
2399
2383
2384
2439
2703
2382
2383
2395
2406
2440
2382
2384
2402
2407
2704
2397
2404
2408
2398
2443
2405
2707
2389
2390
2391
2390
2391
2389
2390
2389
2391
2396
2397
2398
2396
2397
2409
2396
2398
2454
2397
2398
2410
2455
2411
2457
2403
2404
2405
2403
2404
2403
2405
2711
2404
2405
2712
2714
2408
2410
2472
2408
2730
2411
2411
2411
2476
2414
2414
2416
2417
2417
2469
2417
2420
2420
2422
2423
2423
2475
2423
2428
2429
2430
2445
2452
2459
2428
2429
2446
2428
2430
2453
2429
2430
2460
2449
2456
2451
2464
2458
2465
2435
2436
2437
2445
2459
2435
2436
2436
2437
2448
2466
2435
2437
2461
2467
2463
2450
2451
2464
2468
2442
2443
2444
2452
2459
2442
2443
2443
2444
2455
2472
2442
2444
2462
2473
2463
2457
2458
2465
2474
2449
2450
2451
2449
2451
2469
2449
2450
2450
2451
2470
2471
2456
2457
2458
2456
2458
2475
2456
2457
2457
2458
2476
2477
2463
2464
2465
2464
2465
2463
2464
2463
2465
2468
2470
2468
2790
2471
2471
2471
2474
2476
2474
2796
2477
2477
2477
2480
2499
2480
2482
2500
2483
2502
2483
2519
2535
2483
2520
2522
2486
2506
2486
2488
2507
2489
2509
2489
2526
2541
2489
2527
2529
2494
2495
2496
2511
2518
2525
2494
2495
2512
2494
2496
2519
2545
2495
2496
2526
2546
2516
2522
2517
2529
2523
2530
2548
2501
2502
2503
2511
2518
2501
2503
2594
2501
2502
2513
2502
2503
2520
2596
2515
2516
2522
2524
2599
2508
2509
2510
2511
2525
2508
2510
2696
2508
2509
2514
2509
2510
2527
2698
2515
2517
2529
2531
2701
2515
2516
2517
2516
2517
2515
2516
2515
2517
2522
2523
2524
2522
2523
2566
2522
2524
2616
2523
2524
2567
2617
2569
2619
2529
2530
2531
2529
2530
2573
2529
2531
2718
2530
2531
2574
2719
2576
2721
2534
2536
2553
2634
2534
2554
2856
2537
2555
2537
2566
2537
2568
2638
2570
2540
2542
2560
2736
2540
2561
2862
2543
2562
2543
2573
2543
2575
2740
2577
2548
2549
2550
2565
2572
2579
2548
2549
2566
2548
2550
2573
2549
2550
2580
2569
2576
2570
2583
2577
2584
2555
2556
2557
2565
2579
2556
2557
2648
2876
2555
2556
2568
2649
2555
2557
2581
2877
2570
2583
2571
2651
2585
2879
2562
2563
2564
2572
2579
2563
2564
2750
2883
2562
2563
2575
2751
2562
2564
2582
2884
2577
2584
2578
2753
2585
2886
2569
2570
2571
2569
2570
2569
2571
2663
2570
2571
2664
2665
2576
2577
2578
2576
2577
2576
2578
2765
2577
2578
2766
2767
2583
2584
2585
2583
2584
2583
2585
2891
2584
2585
2892
2893
2590
2591
2592
2607
2614
2621
2590
2591
2608
2590
2592
2615
2641
2591
2592
2622
2642
2611
2618
2613
2626
2620
2627
2644
2597
2598
2599
2607
2614
2598
2599
2597
2598
2609
2597
2599
2616
2611
2618
2612
2619
2604
2605
2606
2607
2621
2604
2605
2605
2606
2610
2628
2604
2606
2623
2629
2625
2612
2613
2626
2630
2611
2612
2613
2611
2613
2611
2612
2612
2613
2618
2619
2620
2618
2620
2662
2618
2619
2619
2620
2663
2666
2625
2626
2627
2626
2627
2631
2669
2625
2626
2632
2625
2627
2670
2633
2672
2630
2630
2632
2791
2633
2633
2685
2633
2794
2636
2638
2649
2636
2650
2639
2652
2639
2662
2639
2664
2667
2644
2645
2646
2661
2668
2675
2644
2645
2662
2644
2646
2669
2645
2646
2676
2666
2672
2667
2679
2673
2680
2651
2652
2653
2661
2675
2651
2653
2972
2651
2652
2664
2652
2653
2677
2973
2665
2667
2679
2681
2976
2658
2659
2660
2668
2675
2659
2660
2810
2979
2658
2659
2671
2682
2811
2658
2660
2678
2683
2980
2673
2680
2684
2674
2814
2681
2983
2665
2666
2667
2666
2667
2665
2666
2665
2667
2672
2673
2674
2672
2673
2685
2672
2674
2825
2673
2674
2686
2826
2687
2828
2679
2680
2681
2679
2680
2679
2681
2987
2680
2681
2988
2990
2684
2686
2844
2684
3006
2687
2687
2687
2848
2692
2693
2694
2709
2716
2723
2692
2693
2710
2692
2694
2717
2743
2693
2694
2724
2744
2713
2720
2715
2728
2722
2729
2746
2699
2700
2701
2709
2716
2700
2701
2699
2700
2711
2699
2701
2718
2713
2720
2714
2721
2706
2707
2708
2709
2723
2706
2707
2707
2708
2712
2730
2706
2708
2725
2731
2727
2714
2715
2728
2732
2713
2714
2715
2713
2715
2713
2714
2714
2715
2720
2721
2722
2720
2722
2764
2720
2721
2721
2722
2765
2768
2727
2728
2729
2728
2729
2733
2771
2727
2728
2734
2727
2729
2772
2735
2774
2732
2732
2734
2797
2735
2735
2787
2735
2800
2738
2740
2751
2738
2752
2741
2754
2741
2764
2741
2766
2769
2746
2747
2748
2763
2770
2777
2746
2747
2764
2746
2748
2771
2747
2748
2778
2768
2774
2769
2781
2775
2782
2753
2754
2755
2763
2777
2753
2755
3074
2753
2754
2766
2754
2755
2779
3075
2767
2769
2781
2783
3078
2760
2761
2762
2770
2777
2761
2762
2817
3081
2760
2761
2773
2784
2818
2760
2762
2780
2785
3082
2775
2782
2786
2776
2821
2783
3085
2767
2768
2769
2768
2769
2767
2768
2767
2769
2774
2775
2776
2774
2775
2787
2774
2776
2832
2775
2776
2788
2833
2789
2835
2781
2782
2783
2781
2782
2781
2783
3089
2782
2783
3090
3092
2786
2788
2850
2786
3108
2789
2789
2789
2854
2792
2792
2794
2795
2795
2847
2795
2798
2798
2800
2801
2801
2853
2801
2806
2807
2808
2823
2830
2837
2806
2807
2824
2806
2808
2831
2807
2808
2838
2827
2834
2829
2842
2836
2843
2813
2814
2815
2823
2837
2813
2814
2814
2815
2826
2844
2813
2815
2839
2845
2841
2828
2829
2842
2846
2820
2821
2822
2830
2837
2820
2821
2821
2822
2833
2850
2820
2822
2840
2851
2841
2835
2836
2843
2852
2827
2828
2829
2827
2829
2847
2827
2828
2828
2829
2848
2849
2834
2835
2836
2834
2836
2853
2834
2835
2835
2836
2854
2855
2841
2842
2843
2842
2843
2841
2842
2841
2843
2846
2848
2846
3168
2849
2849
2849
2852
2854
2852
3174
2855
2855
2855
2858
2877
2858
2860
2878
2861
2880
2861
2897
2913
2861
2898
2900
2864
2884
2864
2866
2885
2867
2887
2867
2904
2919
2867
2905
2907
2872
2873
2874
2889
2896
2903
2872
2873
2890
2872
2874
2897
2923
2873
2874
2904
2924
2894
2900
2895
2907
2901
2908
2926
2879
2880
2881
2889
2896
2879
2881
2972
2879
2880
2891
2880
2881
2898
2974
2893
2894
2900
2902
2977
2886
2887
2888
2889
2903
2886
2888
3074
2886
2887
2892
2887
2888
2905
3076
2893
2895
2907
2909
3079
2893
2894
2895
2894
2895
2893
2894
2893
2895
2900
2901
2902
2900
2901
2944
2900
2902
2994
2901
2902
2945
2995
2947
2997
2907
2908
2909
2907
2908
2951
2907
2909
3096
2908
2909
2952
3097
2954
3099
2912
2914
2931
3012
2912
2932
3234
2915
2933
2915
2944
2915
2946
3016
2948
2918
2920
2938
3114
2918
2939
3240
2921
2940
2921
2951
2921
2953
3118
2955
2926
2927
2928
2943
2950
2957
2926
2927
2944
2926
2928
2951
2927
2928
2958
2947
2954
2948
2961
2955
2962
2933
2934
2935
2943
2957
2934
2935
3026
3254
2933
2934
2946
3027
2933
2935
2959
3255
2948
2961
2949
3029
2963
3257
2940
2941
2942
2950
2957
2941
2942
3128
3261
2940
2941
2953
3129
2940
2942
2960
3262
2955
2962
2956
3131
2963
3264
2947
2948
2949
2947
2948
2947
2949
3041
2948
2949
3042
3043
2954
2955
2956
2954
2955
2954
2956
3143
2955
2956
3144
3145
2961
2962
2963
2961
2962
2961
2963
3269
2962
2963
3270
3271
2968
2969
2970
2985
2992
2999
2968
2969
2986
2968
2970
2993
3019
2969
2970
3000
3020
2989
2996
2991
3004
2998
3005
3022
2975
2976
2977
2985
2992
2976
2977
2975
2976
2987
2975
2977
2994
2989
2996
2990
2997
2982
2983
2984
2985
2999
2982
2983
2983
2984
2988
3006
2982
2984
3001
3007
3003
2990
2991
3004
3008
2989
2990
2991
2989
2991
2989
2990
2990
2991
2996
2997
2998
2996
2998
3040
2996
2997
2997
2998
3041
3044
3003
3004
3005
3004
3005
3009
3047
3003
3004
3010
3003
3005
3048
3011
3050
3008
3008
3010
3169
3011
3011
3063
3011
3172
3014
3016
3027
3014
3028
3017
3030
3017
3040
3017
3042
3045
3022
3023
3024
3039
3046
3053
3022
3023
3040
3022
3024
3047
3023
3024
3054
3044
3050
3045
3057
3051
3058
3029
3030
3031
3039
3053
3029
3031
3350
3029
3030
3042
3030
3031
3055
3351
3043
3045
3057
3059
3354
3036
3037
3038
3046
3053
3037
3038
3188
3357
3036
3037
3049
3060
3189
3036
3038
3056
3061
3358
3051
3058
3062
3052
3192
3059
3361
3043
3044
3045
3044
3045
3043
3044
3043
3045
3050
3051
3052
3050
3051
3063
3050
3052
3203
3051
3052
3064
3204
3065
3206
3057
3058
3059
3057
3058
3057
3059
3365
3058
3059
3366
3368
3062
3064
3222
3062
3384
3065
3065
3065
3226
3070
3071
3072
3087
3094
3101
3070
3071
3088
3070
3072
3095
3121
3071
3072
3102
3122
3091
3098
3093
3106
3100
3107
3124
3077
3078
3079
3087
3094
3078
3079
3077
3078
3089
3077
3079
3096
3091
3098
3092
3099
3084
3085
3086
3087
3101
3084
3085
3085
3086
3090
3108
3084
3086
3103
3109
3105
3092
3093
3106
3110
3091
3092
3093
3091
3093
3091
3092
3092
3093
3098
3099
3100
3098
3100
3142
3098
3099
3099
3100
3143
3146
3105
3106
3107
3106
3107
3111
3149
3105
3106
3112
3105
3107
3150
3113
3152
3110
3110
3112
3175
3113
3113
3165
3113
3178
3116
3118
3129
3116
3130
3119
3132
3119
3142
3119
3144
3147
3124
3125
3126
3141
3148
3155
3124
3125
3142
3124
3126
3149
3125
3126
3156
3146
3152
3147
3159
3153
3160
3131
3132
3133
3141
3155
3131
3133
3452
3131
3132
3144
3132
3133
3157
3453
3145
3147
3159
3161
3456
3138
3139
3140
3148
3155
3139
3140
3195
3459
3138
3139
3151
3162
3196
3138
3140
3158
3163
3460
3153
3160
3164
3154
3199
3161
3463
3145
3146
3147
3146
3147
3145
3146
3145
3147
3152
3153
3154
3152
3153
3165
3152
3154
3210
3153
3154
3166
3211
3167
3213
3159
3160
3161
3159
3160
3159
3161
3467
3160
3161
3468
3470
3164
3166
3228
3164
3486
3167
3167
3167
3232
3170
3170
3172
3173
3173
3225
3173
3176
3176
3178
3179
3179
3231
3179
3184
3185
3186
3201
3208
3215
3184
3185
3202
3184
3186
3209
3185
3186
3216
3205
3212
3207
3220
3214
3221
3191
3192
3193
3201
3215
3191
3192
3192
3193
3204
3222
3191
3193
3217
3223
3219
3206
3207
3220
3224
3198
3199
3200
3208
3215
3198
3199
3199
3200
3211
3228
3198
3200
3218
3229
3219
3213
3214
3221
3230
3205
3206
3207
3205
3207
3225
3205
3206
3206
3207
3226
3227
3212
3213
3214
3212
3214
3231
3212
3213
3213
3214
3232
3233
3219
3220
3221
3220
3221
3219
3220
3219
3221
3224
3226
3224
3546
3227
3227
3227
3230
3232
3230
3552
3233
3233
3233
3236
3255
3236
3238
3256
3239
3258
3239
3275
3291
3239
3276
3278
3242
3262
3242
3244
3263
3245
3265
3245
3282
3297
3245
3283
3285
3250
3251
3252
3267
3274
3281
3250
3251
3268
3250
3252
3275
3301
3251
3252
3282
3302
3272
3278
3273
3285
3279
3286
3304
3257
3258
3259
3267
3274
3257
3259
3350
3257
3258
3269
3258
3259
3276
3352
3271
3272
3278
3280
3355
3264
3265
3266
3267
3281
3264
3266
3452
3264
3265
3270
3265
3266
3283
3454
3271
3273
3285
3287
3457
3271
3272
3273
3272
3273
3271
3272
3271
3273
3278
3279
3280
3278
3279
3322
3278
3280
3372
3279
3280
3323
3373
3325
3375
3285
3286
3287
3285
3286
3329
3285
3287
3474
3286
3287
3330
3475
3332
3477
3290
3292
3309
3390
3290
3310
3612
3293
3311
3293
3322
3293
3324
3394
3326
3296
3298
3316
3492
3296
3317
3618
3299
3318
3299
3329
3299
3331
3496
3333
3304
3305
3306
3321
3328
3335
3304
3305
3322
3304
3306
3329
3305
3306
3336
3325
3332
3326
3339
3333
3340
3311
3312
3313
3321
3335
3312
3313
3404
3632
3311
3312
3324
3405
3311
3313
3337
3633
3326
3339
3327
3407
3341
3635
3318
3319
3320
3328
3335
3319
3320
3506
3639
3318
3319
3331
3507
3318
3320
3338
3640
3333
3340
3334
3509
3341
3642
3325
3326
3327
3325
3326
3325
3327
3419
3326
3327
3420
3421
3332
3333
3334
3332
3333
3332
3334
3521
3333
3334
3522
3523
3339
3340
3341
3339
3340
3339
3341
3647
3340
3341
3648
3649
3346
3347
3348
3363
3370
3377
3346
3347
3364
3346
3348
3371
3397
3347
3348
3378
3398
3367
3374
3369
3382
3376
3383
3400
3353
3354
3355
3363
3370
3354
3355
3353
3354
3365
3353
3355
3372
3367
3374
3368
3375
3360
3361
3362
3363
3377
3360
3361
3361
3362
3366
3384
3360
3362
3379
3385
3381
3368
3369
3382
3386
3367
3368
3369
3367
3369
3367
3368
3368
3369
3374
3375
3376
3374
3376
3418
3374
3375
3375
3376
3419
3422
3381
3382
3383
3382
3383
3387
3425
3381
3382
3388
3381
3383
3426
3389
3428
3386
3386
3388
3547
3389
3389
3441
3389
3550
3392
3394
3405
3392
3406
3395
3408
3395
3418
3395
3420
3423
3400
3401
3402
3417
3424
3431
3400
3401
3418
3400
3402
3425
3401
3402
3432
3422
3428
3423
3435
3429
3436
3407
3408
3409
3417
3431
3407
3409
3728
3407
3408
3420
3408
3409
3433
3729
3421
3423
3435
3437
3732
3414
3415
3416
3424
3431
3415
3416
3566
3735
3414
3415
3427
3438
3567
3414
3416
3434
3439
3736
3429
3436
3440
3430
3570
3437
3739
3421
3422
3423
3422
3423
3421
3422
3421
3423
3428
3429
3430
3428
3429
3441
3428
3430
3581
3429
3430
3442
3582
3443
3584
3435
3436
3437
3435
3436
3435
3437
3743
3436
3437
3744
3746
3440
3442
3600
3440
3762
3443
3443
3443
3604
3448
3449
3450
3465
3472
3479
3448
3449
3466
3448
3450
3473
3499
3449
3450
3480
3500
3469
3476
3471
3484
3478
3485
3502
3455
3456
3457
3465
3472
3456
3457
3455
3456
3467
3455
3457
3474
3469
3476
3470
3477
3462
3463
3464
3465
3479
3462
3463
3463
3464
3468
3486
3462
3464
3481
3487
3483
3470
3471
3484
3488
3469
3470
3471
3469
3471
3469
3470
3470
3471
3476
3477
3478
3476
3478
3520
3476
3477
3477
3478
3521
3524
3483
3484
3485
3484
3485
3489
3527
3483
3484
3490
3483
3485
3528
3491
3530
3488
3488
3490
3553
3491
3491
3543
3491
3556
3494
3496
3507
3494
3508
3497
3510
3497
3520
3497
3522
3525
3502
3503
3504
3519
3526
3533
3502
3503
3520
3502
3504
3527
3503
3504
3534
3524
3530
3525
3537
3531
3538
3509
3510
3511
3519
3533
3509
3511
3830
3509
3510
3522
3510
3511
3535
3831
3523
3525
3537
3539
3834
3516
3517
3518
3526
3533
3517
3518
3573
3837
3516
3517
3529
3540
3574
3516
3518
3536
3541
3838
3531
3538
3542
3532
3577
3539
3841
3523
3524
3525
3524
3525
3523
3524
3523
3525
3530
3531
3532
3530
3531
3543
3530
3532
3588
3531
3532
3544
3589
3545
3591
3537
3538
3539
3537
3538
3537
3539
3845
3538
3539
3846
3848
3542
3544
3606
3542
3864
3545
3545
3545
3610
3548
3548
3550
3551
3551
3603
3551
3554
3554
3556
3557
3557
3609
3557
3562
3563
3564
3579
3586
3593
3562
3563
3580
3562
3564
3587
3563
3564
3594
3583
3590
3585
3598
3592
3599
3569
3570
3571
3579
3593
3569
3570
3570
3571
3582
3600
3569
3571
3595
3601
3597
3584
3585
3598
3602
3576
3577
3578
3586
3593
3576
3577
3577
3578
3589
3606
3576
3578
3596
3607
3597
3591
3592
3599
3608
3583
3584
3585
3583
3585
3603
3583
3584
3584
3585
3604
3605
3590
3591
3592
3590
3592
3609
3590
3591
3591
3592
3610
3611
3597
3598
3599
3598
3599
3597
3598
3597
3599
3602
3604
3602
3924
3605
3605
3605
3608
3610
3608
3930
3611
3611
3611
3614
3633
3614
3616
3634
3617
3636
3617
3653
3669
3617
3654
3656
3620
3640
3620
3622
3641
3623
3643
3623
3660
3675
3623
3661
3663
3628
3629
3630
3645
3652
3659
3628
3629
3646
3628
3630
3653
3679
3629
3630
3660
3680
3650
3656
3651
3663
3657
3664
3682
3635
3636
3637
3645
3652
3635
3637
3728
3635
3636
3647
3636
3637
3654
3730
3649
3650
3656
3658
3733
3642
3643
3644
3645
3659
3642
3644
3830
3642
3643
3648
3643
3644
3661
3832
3649
3651
3663
3665
3835
3649
3650
3651
3650
3651
3649
3650
3649
3651
3656
3657
3658
3656
3657
3700
3656
3658
3750
3657
3658
3701
3751
3703
3753
3663
3664
3665
3663
3664
3707
3663
3665
3852
3664
3665
3708
3853
3710
3855
3668
3670
3687
3768
3668
3688
3990
3671
3689
3671
3700
3671
3702
3772
3704
3674
3676
3694
3870
3674
3695
3996
3677
3696
3677
3707
3677
3709
3874
3711
3682
3683
3684
3699
3706
3713
3682
3683
3700
3682
3684
3707
3683
3684
3714
3703
3710
3704
3717
3711
3718
3689
3690
3691
3699
3713
3690
3691
3782
4010
3689
3690
3702
3783
3689
3691
3715
4011
3704
3717
3705
3785
3719
4013
3696
3697
3698
3706
3713
3697
3698
3884
4017
3696
3697
3709
3885
3696
3698
3716
4018
3711
3718
3712
3887
3719
4020
3703
3704
3705
3703
3704
3703
3705
3797
3704
3705
3798
3799
3710
3711
3712
3710
3711
3710
3712
3899
3711
3712
3900
3901
3717
3718
3719
3717
3718
3717
3719
4025
3718
3719
4026
4027
3724
3725
3726
3741
3748
3755
3724
3725
3742
3724
3726
3749
3775
3725
3726
3756
3776
3745
3752
3747
3760
3754
3761
3778
3731
3732
3733
3741
3748
3732
3733
3731
3732
3743
3731
3733
3750
3745
3752
3746
3753
3738
3739
3740
3741
3755
3738
3739
3739
3740
3744
3762
3738
3740
3757
3763
3759
3746
3747
3760
3764
3745
3746
3747
3745
3747
3745
3746
3746
3747
3752
3753
3754
3752
3754
3796
3752
3753
3753
3754
3797
3800
3759
3760
3761
3760
3761
3765
3803
3759
3760
3766
3759
3761
3804
3767
3806
3764
3764
3766
3925
3767
3767
3819
3767
3928
3770
3772
3783
3770
3784
3773
3786
3773
3796
3773
3798
3801
3778
3779
3780
3795
3802
3809
3778
3779
3796
3778
3780
3803
3779
3780
3810
3800
3806
3801
3813
3807
3814
3785
3786
3787
3795
3809
3785
3787
4106
3785
3786
3798
3786
3787
3811
4107
3799
3801
3813
3815
4110
3792
3793
3794
3802
3809
3793
3794
3944
4113
3792
3793
3805
3816
3945
3792
3794
3812
3817
4114
3807
3814
3818
3808
3948
3815
4117
3799
3800
3801
3800
3801
3799
3800
3799
3801
3806
3807
3808
3806
3807
3819
3806
3808
3959
3807
3808
3820
3960
3821
3962
3813
3814
3815
3813
3814
3813
3815
4121
3814
3815
4122
4124
3818
3820
3978
3818
4140
3821
3821
3821
3982
3826
3827
3828
3843
3850
3857
3826
3827
3844
3826
3828
3851
3877
3827
3828
3858
3878
3847
3854
3849
3862
3856
3863
3880
3833
3834
3835
3843
3850
3834
3835
3833
3834
3845
3833
3835
3852
3847
3854
3848
3855
3840
3841
3842
3843
3857
3840
3841
3841
3842
3846
3864
3840
3842
3859
3865
3861
3848
3849
3862
3866
3847
3848
3849
3847
3849
3847
3848
3848
3849
3854
3855
3856
3854
3856
3898
3854
3855
3855
3856
3899
3902
3861
3862
3863
3862
3863
3867
3905
3861
3862
3868
3861
3863
3906
3869
3908
3866
3866
3868
3931
3869
3869
3921
3869
3934
3872
3874
3885
3872
3886
3875
3888
3875
3898
3875
3900
3903
3880
3881
3882
3897
3904
3911
3880
3881
3898
3880
3882
3905
3881
3882
3912
3902
3908
3903
3915
3909
3916
3887
3888
3889
3897
3911
3887
3889
4208
3887
3888
3900
3888
3889
3913
4209
3901
3903
3915
3917
4212
3894
3895
3896
3904
3911
3895
3896
3951
4215
3894
3895
3907
3918
3952
3894
3896
3914
3919
4216
3909
3916
3920
3910
3955
3917
4219
3901
3902
3903
3902
3903
3901
3902
3901
3903
3908
3909
3910
3908
3909
3921
3908
3910
3966
3909
3910
3922
3967
3923
3969
3915
3916
3917
3915
3916
3915
3917
4223
3916
3917
4224
4226
3920
3922
3984
3920
4242
3923
3923
3923
3988
3926
3926
3928
3929
3929
3981
3929
3932
3932
3934
3935
3935
3987
3935
3940
3941
3942
3957
3964
3971
3940
3941
3958
3940
3942
3965
3941
3942
3972
3961
3968
3963
3976
3970
3977
3947
3948
3949
3957
3971
3947
3948
3948
3949
3960
3978
3947
3949
3973
3979
3975
3962
3963
3976
3980
3954
3955
3956
3964
3971
3954
3955
3955
3956
3967
3984
3954
3956
3974
3985
3975
3969
3970
3977
3986
3961
3962
3963
3961
3963
3981
3961
3962
3962
3963
3982
3983
3968
3969
3970
3968
3970
3987
3968
3969
3969
3970
3988
3989
3975
3976
3977
3976
3977
3975
3976
3975
3977
3980
3982
3980
4302
3983
3983
3983
3986
3988
3986
4308
3989
3989
3989
3992
4011
3992
3994
4012
3995
4014
3995
4031
4047
3995
4032
4034
3998
4018
3998
4000
4019
4001
4021
4001
4038
4053
4001
4039
4041
4006
4007
4008
4023
4030
4037
4006
4007
4024
4006
4008
4031
4057
4007
4008
4038
4058
4028
4034
4029
4041
4035
4042
4060
4013
4014
4015
4023
4030
4013
4015
4106
4013
4014
4025
4014
4015
4032
4108
4027
4028
4034
4036
4111
4020
4021
4022
4023
4037
4020
4022
4208
4020
4021
4026
4021
4022
4039
4210
4027
4029
4041
4043
4213
4027
4028
4029
4028
4029
4027
4028
4027
4029
4034
4035
4036
4034
4035
4078
4034
4036
4128
4035
4036
4079
4129
4081
4131
4041
4042
4043
4041
4042
4085
4041
4043
4230
4042
4043
4086
4231
4088
4233
4046
4048
4065
4146
4046
4066
4368
4049
4067
4049
4078
4049
4080
4150
4082
4052
4054
4072
4248
4052
4073
4374
4055
4074
4055
4085
4055
4087
4252
4089
4060
4061
4062
4077
4084
4091
4060
4061
4078
4060
4062
4085
4061
4062
4092
4081
4088
4082
4095
4089
4096
4067
4068
4069
4077
4091
4068
4069
4160
4388
4067
4068
4080
4161
4067
4069
4093
4389
4082
4095
4083
4163
4097
4391
4074
4075
4076
4084
4091
4075
4076
4262
4395
4074
4075
4087
4263
4074
4076
4094
4396
4089
4096
4090
4265
4097
4398
4081
4082
4083
4081
4082
4081
4083
4175
4082
4083
4176
4177
4088
4089
4090
4088
4089
4088
4090
4277
4089
4090
4278
4279
4095
4096
4097
4095
4096
4095
4097
4403
4096
4097
4404
4405
4102
4103
4104
4119
4126
4133
4102
4103
4120
4102
4104
4127
4153
4103
4104
4134
4154
4123
4130
4125
4138
4132
4139
4156
4109
4110
4111
4119
4126
4110
4111
4109
4110
4121
4109
4111
4128
4123
4130
4124
4131
4116
4117
4118
4119
4133
4116
4117
4117
4118
4122
4140
4116
4118
4135
4141
4137
4124
4125
4138
4142
4123
4124
4125
4123
4125
4123
4124
4124
4125
4130
4131
4132
4130
4132
4174
4130
4131
4131
4132
4175
4178
4137
4138
4139
4138
4139
4143
4181
4137
4138
4144
4137
4139
4182
4145
4184
4142
4142
4144
4303
4145
4145
4197
4145
4306
4148
4150
4161
4148
4162
4151
4164
4151
4174
4151
4176
4179
4156
4157
4158
4173
4180
4187
4156
4157
4174
4156
4158
4181
4157
4158
4188
4178
4184
4179
4191
4185
4192
4163
4164
4165
4173
4187
4163
4165
4484
4163
4164
4176
4164
4165
4189
4485
4177
4179
4191
4193
4488
4170
4171
4172
4180
4187
4171
4172
4322
4491
4170
4171
4183
4194
4323
4170
4172
4190
4195
4492
4185
4192
4196
4186
4326
4193
4495
4177
4178
4179
4178
4179
4177
4178
4177
4179
4184
4185
4186
4184
4185
4197
4184
4186
4337
4185
4186
4198
4338
4199
4340
4191
4192
4193
4191
4192
4191
4193
4499
4192
4193
4500
4502
4196
4198
4356
4196
4518
4199
4199
4199
4360
4204
4205
4206
4221
4228
4235
4204
4205
4222
4204
4206
4229
4255
4205
4206
4236
4256
4225
4232
4227
4240
4234
4241
4258
4211
4212
4213
4221
4228
4212
4213
4211
4212
4223
4211
4213
4230
4225
4232
4226
4233
4218
4219
4220
4221
4235
4218
4219
4219
4220
4224
4242
4218
4220
4237
4243
4239
4226
4227
4240
4244
4225
4226
4227
4225
4227
4225
4226
4226
4227
4232
4233
4234
4232
4234
4276
4232
4233
4233
4234
4277
4280
4239
4240
4241
4240
4241
4245
4283
4239
4240
4246
4239
4241
4284
4247
4286
4244
4244
4246
4309
4247
4247
4299
4247
4312
4250
4252
4263
4250
4264
4253
4266
4253
4276
4253
4278
4281
4258
4259
4260
4275
4282
4289
4258
4259
4276
4258
4260
4283
4259
4260
4290
4280
4286
4281
4293
4287
4294
4265
4266
4267
4275
4289
4265
4267
4586
4265
4266
4278
4266
4267
4291
4587
4279
4281
4293
4295
4590
4272
4273
4274
4282
4289
4273
4274
4329
4593
4272
4273
4285
4296
4330
4272
4274
4292
4297
4594
4287
4294
4298
4288
4333
4295
4597
4279
4280
4281
4280
4281
4279
4280
4279
4281
4286
4287
4288
4286
4287
4299
4286
4288
4344
4287
4288
4300
4345
4301
4347
4293
4294
4295
4293
4294
4293
4295
4601
4294
4295
4602
4604
4298
4300
4362
4298
4620
4301
4301
4301
4366
4304
4304
4306
4307
4307
4359
4307
4310
4310
4312
4313
4313
4365
4313
4318
4319
4320
4335
4342
4349
4318
4319
4336
4318
4320
4343
4319
4320
4350
4339
4346
4341
4354
4348
4355
4325
4326
4327
4335
4349
4325
4326
4326
4327
4338
4356
4325
4327
4351
4357
4353
4340
4341
4354
4358
4332
4333
4334
4342
4349
4332
4333
4333
4334
4345
4362
4332
4334
4352
4363
4353
4347
4348
4355
4364
4339
4340
4341
4339
4341
4359
4339
4340
4340
4341
4360
4361
4346
4347
4348
4346
4348
4365
4346
4347
4347
4348
4366
4367
4353
4354
4355
4354
4355
4353
4354
4353
4355
4358
4360
4358
4680
4361
4361
4361
4364
4366
4364
4686
4367
4367
4367
4370
4389
4370
4372
4390
4373
4392
4373
4409
4425
4373
4410
4412
4376
4396
4376
4378
4397
4379
4399
4379
4416
4431
4379
4417
4419
4384
4385
4386
4401
4408
4415
4384
4385
4402
4384
4386
4409
4435
4385
4386
4416
4436
4406
4412
4407
4419
4413
4420
4438
4391
4392
4393
4401
4408
4391
4393
4484
4391
4392
4403
4392
4393
4410
4486
4405
4406
4412
4414
4489
4398
4399
4400
4401
4415
4398
4400
4586
4398
4399
4404
4399
4400
4417
4588
4405
4407
4419
4421
4591
4405
4406
4407
4406
4407
4405
4406
4405
4407
4412
4413
4414
4412
4413
4456
4412
4414
4506
4413
4414
4457
4507
4459
4509
4419
4420
4421
4419
4420
4463
4419
4421
4608
4420
4421
4464
4609
4466
4611
4424
4426
4443
4524
4424
4444
4746
4427
4445
4427
4456
4427
4458
4528
4460
4430
4432
4450
4626
4430
4451
4752
4433
4452
4433
4463
4433
4465
4630
4467
4438
4439
4440
4455
4462
4469
4438
4439
4456
4438
4440
4463
4439
4440
4470
4459
4466
4460
4473
4467
4474
4445
4446
4447
4455
4469
4446
4447
4538
4766
4445
4446
4458
4539
4445
4447
4471
4767
4460
4473
4461
4541
4475
4769
4452
4453
4454
4462
4469
4453
4454
4640
4773
4452
4453
4465
4641
4452
4454
4472
4774
4467
4474
4468
4643
4475
4776
4459
4460
4461
4459
4460
4459
4461
4553
4460
4461
4554
4555
4466
4467
4468
4466
4467
4466
4468
4655
4467
4468
4656
4657
4473
4474
4475
4473
4474
4473
4475
4781
4474
4475
4782
4783
4480
4481
4482
4497
4504
4511
4480
4481
4498
4480
4482
4505
4531
4481
4482
4512
4532
4501
4508
4503
4516
4510
4517
4534
4487
4488
4489
4497
4504
4488
4489
4487
4488
4499
4487
4489
4506
4501
4508
4502
4509
4494
4495
4496
4497
4511
4494
4495
4495
4496
4500
4518
4494
4496
4513
4519
4515
4502
4503
4516
4520
4501
4502
4503
4501
4503
4501
4502
4502
4503
4508
4509
4510
4508
4510
4552
4508
4509
4509
4510
4553
4556
4515
4516
4517
4516
4517
4521
4559
4515
4516
4522
4515
4517
4560
4523
4562
4520
4520
4522
4681
4523
4523
4575
4523
4684
4526
4528
4539
4526
4540
4529
4542
4529
4552
4529
4554
4557
4534
4535
4536
4551
4558
4565
4534
4535
4552
4534
4536
4559
4535
4536
4566
4556
4562
4557
4569
4563
4570
4541
4542
4543
4551
4565
4541
4543
4836
4541
4542
4554
4542
4543
4567
4837
4555
4557
4569
4571
4840
4548
4549
4550
4558
4565
4549
4550
4700
4843
4548
4549
4561
4572
4701
4548
4550
4568
4573
4844
4563
4570
4574
4564
4704
4571
4847
4555
4556
4557
4556
4557
4555
4556
4555
4557
4562
4563
4564
4562
4563
4575
4562
4564
4715
4563
4564
4576
4716
4577
4718
4569
4570
4571
4569
4570
4569
4571
4851
4570
4571
4852
4854
4574
4576
4734
4574
4870
4577
4577
4577
4738
4582
4583
4584
4599
4606
4613
4582
4583
4600
4582
4584
4607
4633
4583
4584
4614
4634
4603
4610
4605
4618
4612
4619
4636
4589
4590
4591
4599
4606
4590
4591
4589
4590
4601
4589
4591
4608
4603
4610
4604
4611
4596
4597
4598
4599
4613
4596
4597
4597
4598
4602
4620
4596
4598
4615
4621
4617
4604
4605
4618
4622
4603
4604
4605
4603
4605
4603
4604
4604
4605
4610
4611
4612
4610
4612
4654
4610
4611
4611
4612
4655
4658
4617
4618
4619
4618
4619
4623
4661
4617
4618
4624
4617
4619
4662
4625
4664
4622
4622
4624
4687
4625
4625
4677
4625
4690
4628
4630
4641
4628
4642
4631
4644
4631
4654
4631
4656
4659
4636
4637
4638
4653
4660
4667
4636
4637
4654
4636
4638
4661
4637
4638
4668
4658
4664
4659
4671
4665
4672
4643
4644
4645
4653
4667
4643
4645
4912
4643
4644
4656
4644
4645
4669
4913
4657
4659
4671
4673
4916
4650
4651
4652
4660
4667
4651
4652
4707
4919
4650
4651
4663
4674
4708
4650
4652
4670
4675
4920
4665
4672
4676
4666
4711
4673
4923
4657
4658
4659
4658
4659
4657
4658
4657
4659
4664
4665
4666
4664
4665
4677
4664
4666
4722
4665
4666
4678
4723
4679
4725
4671
4672
4673
4671
4672
4671
4673
4927
4672
4673
4928
4930
4676
4678
4740
4676
4946
4679
4679
4679
4744
4682
4682
4684
4685
4685
4737
4685
4688
4688
4690
4691
4691
4743
4691
4696
4697
4698
4713
4720
4727
4696
4697
4714
4696
4698
4721
4697
4698
4728
4717
4724
4719
4732
4726
4733
4703
4704
4705
4713
4727
4703
4704
4704
4705
4716
4734
4703
4705
4729
4735
4731
4718
4719
4732
4736
4710
4711
4712
4720
4727
4710
4711
4711
4712
4723
4740
4710
4712
4730
4741
4731
4725
4726
4733
4742
4717
4718
4719
4717
4719
4737
4717
4718
4718
4719
4738
4739
4724
4725
4726
4724
4726
4743
4724
4725
4725
4726
4744
4745
4731
4732
4733
4732
4733
4731
4732
4731
4733
4736
4738
4736
4980
4739
4739
4739
4742
4744
4742
4986
4745
4745
4745
4748
4767
4748
4750
4768
4751
4770
4751
4787
5020
4751
4788
4790
4754
4774
4754
4756
4775
4757
4777
4757
4794
5023
4757
4795
4797
4762
4763
4764
4779
4786
4793
4762
4763
4780
4762
4764
4787
4801
4763
4764
4794
4802
4784
4790
4785
4797
4791
4798
4804
4769
4770
4771
4779
4786
4769
4771
4836
4769
4770
4781
4770
4771
4788
4838
4783
4784
4790
4792
4841
4776
4777
4778
4779
4793
4776
4778
4912
4776
4777
4782
4777
4778
4795
4914
4783
4785
4797
4799
4917
4783
4784
4785
4784
4785
4783
4784
4783
4785
4790
4791
4792
5051
4790
4791
4815
4790
4792
4858
4791
4792
4816
4859
5053
4818
5055
4861
5056
4797
4798
4799
5051
4797
4798
4822
4797
4799
4934
4798
4799
4823
4935
5054
4825
5055
4937
5057
4804
4805
4806
4814
4821
4804
4805
4815
4804
4806
4822
4805
4806
4818
4825
4819
4826
4811
4812
4813
4814
4821
4812
4813
4884
4960
4811
4812
4816
4885
5053
4811
4813
4823
4961
5054
4818
4825
5055
4820
4887
4827
4963
4818
4819
4820
4818
4819
5020
4818
4820
4892
4819
4820
4893
5021
5022
4894
4825
4826
4827
4825
4826
5023
4825
4827
4968
4826
4827
4969
5024
5025
4970
4832
4833
4834
4849
4856
4863
4832
4833
4850
4832
4834
4857
4877
4833
4834
4864
4878
4853
4860
4855
4868
4862
4869
4880
4839
4840
4841
4849
4856
4840
4841
4839
4840
4851
4839
4841
4858
4853
4860
4854
4861
4846
4847
4848
4849
4863
4846
4847
4847
4848
4852
4870
4846
4848
4865
4871
4867
4854
4855
4868
4872
4853
4854
4855
4853
4855
4853
4854
4854
4855
4860
4861
4862
5058
4860
4862
4891
4860
4861
4861
4862
4892
5060
5063
4895
5064
4867
4868
4869
5058
4868
4869
4873
4898
4867
4868
4874
4867
4869
4899
5061
5062
4875
4901
5064
4872
4872
4874
4981
4875
4875
5029
4875
4984
4880
4881
4882
4890
4897
4880
4881
4891
4880
4882
4898
4881
4882
4895
4901
4896
4902
4887
4888
4889
4890
4897
4887
4889
5000
4887
4888
4892
5060
4888
4889
4899
5001
5061
4894
4895
4901
5064
4903
5004
4894
4895
4896
4895
4896
5026
4894
4895
4894
4896
5027
5028
4901
4902
4903
4901
4902
5029
4901
4903
5008
4902
4903
5009
5030
5031
5011
4908
4909
4910
4925
4932
4939
4908
4909
4926
4908
4910
4933
4953
4909
4910
4940
4954
4929
4936
4931
4944
4938
4945
4956
4915
4916
4917
4925
4932
4916
4917
4915
4916
4927
4915
4917
4934
4929
4936
4930
4937
4922
4923
4924
4925
4939
4922
4923
4923
4924
4928
4946
4922
4924
4941
4947
4943
4930
4931
4944
4948
4929
4930
4931
4929
4931
4929
4930
4930
4931
4936
4937
4938
5065
4936
4938
4967
4936
4937
4937
4938
4968
5067
5070
4971
5071
4943
4944
4945
5065
4944
4945
4949
4974
4943
4944
4950
4943
4945
4975
5068
5069
4951
4977
5071
4948
4948
4950
4987
4951
4951
5035
4951
4990
4956
4957
4958
4966
4973
4956
4957
4967
4956
4958
4974
4957
4958
4971
4977
4972
4978
4963
4964
4965
4966
4973
4963
4965
5000
4963
4964
4968
5067
4964
4965
4975
5002
5068
4970
4971
4977
5071
4979
5005
4970
4971
4972
4971
4972
5032
4970
4971
4970
4972
5033
5034
4977
4978
4979
4977
4978
5035
4977
4979
5015
4978
4979
5016
5036
5037
5018
4982
4982
4984
4985
4985
5038
4985
4988
4988
4990
4991
4991
5041
4991
4996
4997
4998
5006
5013
4996
4997
5007
4996
4998
5014
4997
4998
5010
5017
5012
5019
5003
5004
5005
5006
5013
5004
5005
5003
5004
5008
5046
5003
5005
5015
5047
5010
5017
5050
5011
5018
5010
5011
5012
5010
5012
5038
5010
5011
5011
5012
5039
5040
5017
5018
5019
5017
5019
5041
5017
5018
5018
5019
5042
5043
5022
5022
5027
5025
5025
5033
5028
5028
5031
5031
5039
5034
5034
5037
5037
5042
5040
5040
5043
5043
5048
5049
5050
5048
5049
5059
5066
5048
5050
5061
5049
5050
5068
5062
5069
5055
5056
5057
5056
5057
5059
5066
5055
5056
5060
5055
5057
5067
5063
5070
5062
5063
5064
5062
5063
5063
5064
5062
5064
5069
5070
5071
5069
5070
5070
5071
5069
5071
)


// ************************************************************************* //
